// entity 0
{
"classname" "func_detail"
"_phong" "1"
// brush 0
{
( 2656 1488 224 ) ( 2816 1280 352 ) ( 2816 1280 224 ) 64_cyan_2 [ 0.6097107608496924 -0.7926239891046001 0 12.858093 ] [ 0 0 -1 0 ] 0 1 1
( 2809.5999999999995 1420.7999999999997 224 ) ( 2745.5999999999995 1388.7999999999997 352 ) ( 2745.5999999999995 1388.7999999999997 224 ) trim_band_teal [ -0.8944271909999151 -0.4472135954999593 0 285.50977 ] [ 0 0 -1 32 ] 0 1.059713 1
( 2560 1280 192 ) ( 2561 1280 192 ) ( 2560 1281 192 ) trim_band_teal [ -0.8944271909999161 -0.44721359549995804 -1.582067810090848e-15 -170.13745 ] [ -0.44721359549995804 0.8944271909999161 5.551115123125783e-17 337.7779 ] 0 1.059713 1.0062308
( 2816 1536 256 ) ( 2816 1537 256 ) ( 2817 1536 256 ) trim_band_teal [ -0.8944271909999161 -0.44721359549995804 -1.582067810090848e-15 -170.13745 ] [ -0.44721359549995804 0.8944271909999161 5.551115123125783e-17 337.7779 ] 0 1.059713 1.0062308
( 2838.399999999999 1363.1999999999996 224 ) ( 2774.399999999999 1331.1999999999996 224 ) ( 2774.399999999999 1331.1999999999996 352 ) trim_band_teal [ 0.8944271909999153 0.4472135954999582 0 -320.93896 ] [ 0 0 -1 32 ] 0 1.059713 1
( 2720 1520 224 ) ( 2816 1280 224 ) ( 2816 1280 352 ) 64_cyan_2 [ -0.37139067635410355 0.9284766908852594 0 -22.345276 ] [ 0 0 -1 0 ] 0 1 1
}
// brush 1
{
( 2720 1520 224 ) ( 2816 1280 352 ) ( 2816 1280 224 ) 64_cyan_1 [ 0.37139067635410355 -0.9284766908852594 0 22.345276 ] [ 0 0 -1 0 ] 0 1 1
( 2815.058823529412 1411.764705882353 224 ) ( 2751.058823529412 1395.764705882353 352 ) ( 2751.058823529412 1395.764705882353 224 ) trim_band_teal [ -0.9701425001453314 -0.2425356250363343 0 212.87744 ] [ 0 0 -1 32 ] 0 1.059713 1
( 2560 1280 192 ) ( 2561 1280 192 ) ( 2560 1281 192 ) trim_band_teal [ -0.9701425001453319 -0.24253562503633294 -1.4155343563970746e-15 242.62354 ] [ -0.242535625036333 0.970142500145332 -5.551115123125783e-17 177.08026 ] 0 1.059713 1
( 2816 1536 256 ) ( 2816 1537 256 ) ( 2817 1536 256 ) trim_band_teal [ -0.9701425001453319 -0.24253562503633294 -1.4155343563970746e-15 242.62354 ] [ -0.242535625036333 0.970142500145332 -5.551115123125783e-17 177.08026 ] 0 1.059713 1
( 2830.588235294118 1349.6470588235293 224 ) ( 2766.588235294118 1333.6470588235293 224 ) ( 2766.588235294118 1333.6470588235293 352 ) trim_band_teal [ 0.9701425001453314 0.24253562503633314 0 -261.61035 ] [ 0 0 -1 32 ] 0 1.059713 1
( 2784 1536 224 ) ( 2816 1280 224 ) ( 2816 1280 352 ) 64_cyan_1 [ -0.12403473458920825 0.9922778767136677 0 26.871704 ] [ 0 0 -1 0 ] 0 1 1
}
// brush 2
{
( 2784 1536 192 ) ( 2816 1280 256 ) ( 2816 1280 192 ) 64_cyan_3 [ 0.12403473458920825 -0.9922778767136677 0 -26.871704 ] [ 0 0 -1 0 ] 0 1 1
( 2848 1344 256 ) ( 2848 1344 192 ) ( 2784 1344 192 ) trim_band_teal [ 0.9999999999999996 1.942890293094024e-16 0 -33.125732 ] [ 0 0 -1 32 ] 0 1.059713 1
( 2848 1536 192 ) ( 2784 1536 192 ) ( 2816 1280 192 ) trim_band_teal [ -1 0 -1.3183898417423736e-15 -30.47998 ] [ 0 1.0000000000000002 0 480.00012 ] 0 1.059713 1
( 2848 1536 256 ) ( 2816 1280 256 ) ( 2784 1536 256 ) trim_band_teal [ -1 0 -1.3183898417423736e-15 -30.47998 ] [ 0 1.0000000000000002 0 480.00012 ] 0 1.059713 1
( 2848 1408 256 ) ( 2784 1408 192 ) ( 2848 1408 192 ) trim_band_teal [ -0.9999999999999998 -1.3461454173580023e-15 0 -30.47998 ] [ 0 0 -1 32 ] 0 1.059713 1
( 2848 1536 256 ) ( 2816 1280 192 ) ( 2816 1280 256 ) 64_cyan_3 [ 0.12403473458920863 0.9922778767136677 0 52.632935 ] [ 0 0 -1 0 ] 0 1 1
}
// brush 3
{
( 2848 1536 224 ) ( 2816 1280 352 ) ( 2816 1280 224 ) 64_cyan_2 [ -0.12403473458920863 -0.9922778767136677 0 -52.632935 ] [ 0 0 -1 0 ] 0 1 1
( 2865.411764705882 1333.6470588235297 224 ) ( 2801.411764705882 1349.6470588235297 224 ) ( 2801.411764705882 1349.6470588235297 352 ) trim_band_teal [ 0.9701425001453314 -0.24253562503633275 0 354.04102 ] [ 0 0 -1 32 ] 0 1.059713 1
( 2816 1536 192 ) ( 2816 1535 192 ) ( 2817 1536 192 ) trim_band_teal [ -0.970142500145332 0.242535625036333 -1.2906342661267445e-15 49.734375 ] [ 0.242535625036333 0.970142500145332 -5.551115123125783e-17 348.1322 ] 0 1.059713 1.0004652
( 3072 1280 256 ) ( 3073 1280 256 ) ( 3072 1279 256 ) trim_band_teal [ -0.970142500145332 0.242535625036333 -1.2906342661267445e-15 49.734375 ] [ 0.242535625036333 0.970142500145332 -5.551115123125783e-17 348.1322 ] 0 1.059713 1.0004652
( 2880.941176470588 1395.7647058823532 224 ) ( 2816.941176470588 1411.7647058823532 352 ) ( 2816.941176470588 1411.7647058823532 224 ) trim_band_teal [ -0.9701425001453317 0.24253562503633164 0 79.48047 ] [ 0 0 -1 32 ] 0 1.059713 1
( 2816 1280 224 ) ( 2912 1520 352 ) ( 2912 1520 224 ) 64_cyan_2 [ 0.37139067635410394 0.9284766908852594 0 25.447266 ] [ 0 0 -1 0 ] 0 1 1
}
// brush 4
{
( 2816 1280 224 ) ( 2912 1520 224 ) ( 2912 1520 352 ) 64_cyan_1 [ -0.37139067635410394 -0.9284766908852594 0 -25.447266 ] [ 0 0 -1 0 ] 0 1 1
( 2793.6 1363.2 224 ) ( 2857.6 1331.2 352 ) ( 2857.6 1331.2 224 ) trim_band_teal [ 0.8944271909999153 -0.44721359549995776 0 303.76978 ] [ 0 0 -1 32 ] 0 1.059713 1
( 2816 1536 192 ) ( 2816 1535 192 ) ( 2817 1536 192 ) trim_band_teal [ -0.894427190999916 0.44721359549995804 -1.0824674490095276e-15 60.095337 ] [ 0.44721359549995804 0.8944271909999161 5.551115123125783e-17 394.66626 ] 0 1.059713 1.0062304
( 3072 1280 256 ) ( 3073 1280 256 ) ( 3072 1279 256 ) trim_band_teal [ -0.894427190999916 0.44721359549995804 -1.0824674490095276e-15 60.095337 ] [ 0.44721359549995804 0.8944271909999161 5.551115123125783e-17 394.66626 ] 0 1.059713 1.0062304
( 2822.4 1420.8 224 ) ( 2886.4 1388.8 224 ) ( 2886.4 1388.8 352 ) trim_band_teal [ -0.894427190999916 0.4472135954999568 0 -395.55164 ] [ 0 0 -1 32 ] 0 1.059713 1
( 2976 1488 224 ) ( 2816 1280 224 ) ( 2816 1280 352 ) 64_cyan_1 [ 0.6097107608496924 0.7926239891046001 0 20.186768 ] [ 0 0 -1 0 ] 0 1 1
}
// brush 5
{
( 2976 1488 224 ) ( 2816 1280 352 ) ( 2816 1280 224 ) 64_cyan_3 [ -0.6097107608496924 -0.7926239891046001 0 -20.186768 ] [ 0 0 -1 0 ] 0 1 1
( 2838 1350 224 ) ( 2886 1302 352 ) ( 2886 1302 224 ) trim_band_teal [ 0.7071067811865469 -0.7071067811865472 0 111.28235 ] [ 0 0 -1 32 ] 0 1.059713 1
( 2816 1536 192 ) ( 2816 1535 192 ) ( 2817 1536 192 ) trim_band_teal [ -0.7071067811865475 0.7071067811865476 -1.0824674490095276e-15 193.11206 ] [ 0.7071067811865477 0.7071067811865477 1.1102230246251565e-16 446.60913 ] 0 1.059713 1.0164661
( 3072 1280 256 ) ( 3073 1280 256 ) ( 3072 1279 256 ) trim_band_teal [ -0.7071067811865475 0.7071067811865476 -1.0824674490095276e-15 193.11206 ] [ 0.7071067811865477 0.7071067811865477 1.1102230246251565e-16 446.60913 ] 0 1.059713 1.0164661
( 3024 1440 224 ) ( 2816 1280 224 ) ( 2816 1280 352 ) 64_cyan_3 [ 0.7926239891046001 0.6097107608496924 0 48.2959 ] [ 0 0 -1 0 ] 0 1 1
( 2884 1396 224 ) ( 2932 1348 224 ) ( 2932 1348 352 ) trim_band_teal [ -0.7071067811865497 0.707106781186545 0 33.112793 ] [ 0 0 -1 32 ] 0 1.059713 1
}
// brush 6
{
( 2899.200000000002 1257.600000000001 224 ) ( 2867.200000000002 1321.600000000001 224 ) ( 2867.200000000002 1321.600000000001 352 ) trim_band_teal [ 0.44721359549995743 -0.8944271909999155 0 23.985596 ] [ 0 0 -1 32 ] 0 1.059713 1
( 3024 1440 224 ) ( 2816 1280 352 ) ( 2816 1280 224 ) 64_cyan_2 [ -0.7926239891046001 -0.6097107608496924 0 -48.2959 ] [ 0 0 -1 0 ] 0 1 1
( 2816 1536 192 ) ( 2816 1535 192 ) ( 2817 1536 192 ) trim_band_teal [ -0.447213595499958 0.894427190999916 -9.43689570931383e-16 220.93831 ] [ 0.8944271909999161 0.44721359549995804 5.551115123125783e-17 223.99902 ] 0 1.059713 1.0062304
( 3072 1280 256 ) ( 3073 1280 256 ) ( 3072 1279 256 ) trim_band_teal [ -0.447213595499958 0.894427190999916 -9.43689570931383e-16 220.93831 ] [ 0.8944271909999161 0.44721359549995804 5.551115123125783e-17 223.99902 ] 0 1.059713 1.0062304
( 3056 1376 224 ) ( 2816 1280 224 ) ( 2816 1280 352 ) 64_cyan_2 [ 0.9284766908852594 0.3713906763541036 0 38.29834 ] [ 0 0 -1 0 ] 0 1 1
( 2956.8 1286.4 224 ) ( 2924.8 1350.4 352 ) ( 2924.8 1350.4 224 ) trim_band_teal [ -0.44721359549996076 0.8944271909999142 0 100.58594 ] [ 0 0 -1 32 ] 0 1.059713 1
}
// brush 7
{
( 2885.6470588235297 1265.4117647058822 224 ) ( 2869.6470588235297 1329.4117647058822 224 ) ( 2869.6470588235297 1329.4117647058822 352 ) trim_band_teal [ 0.24253562503633236 -0.9701425001453314 0 160.63916 ] [ 0 0 -1 32 ] 0 1.059713 1
( 3056 1376 224 ) ( 2816 1280 352 ) ( 2816 1280 224 ) 64_cyan_1 [ -0.9284766908852594 -0.3713906763541036 0 -38.29834 ] [ 0 0 -1 0 ] 0 1 1
( 2816 1536 192 ) ( 2816 1535 192 ) ( 2817 1536 192 ) trim_band_teal [ -0.24253562503633297 0.9701425001453319 -7.771561172376096e-16 44.374268 ] [ 0.970142500145332 0.242535625036333 -5.898059818321144e-17 255.02808 ] 0 1.059713 1.0004587
( 3072 1280 256 ) ( 3073 1280 256 ) ( 3072 1279 256 ) trim_band_teal [ -0.24253562503633297 0.9701425001453319 -7.771561172376096e-16 44.374268 ] [ 0.970142500145332 0.242535625036333 -5.898059818321144e-17 255.02808 ] 0 1.059713 1.0004587
( 3072 1312 224 ) ( 2816 1280 224 ) ( 2816 1280 352 ) 64_cyan_1 [ 0.9922778767136677 0.1240347345892083 0 42.686768 ] [ 0 0 -1 0 ] 0 1 1
( 2947.764705882353 1280.9411764705883 224 ) ( 2931.764705882353 1344.9411764705883 352 ) ( 2931.764705882353 1344.9411764705883 224 ) trim_band_teal [ -0.24253562503633597 0.970142500145331 0 462.62885 ] [ 0 0 -1 32 ] 0 1.059713 1
}
// brush 8
{
( 2880 1312 256 ) ( 2880 1248 256 ) ( 2880 1248 192 ) trim_band_teal [ -5.551115123125783e-16 -0.9999999999999993 0 344.0719 ] [ 0 0 -1 32 ] 0 1.059713 1
( 2816 1280 192 ) ( 3072 1248 256 ) ( 3072 1248 192 ) 64_cyan_3 [ 0.9922778767136677 -0.12403473458920858 0 60.54077 ] [ 0 0 -1 0 ] 0 1 1
( 2816 1280 192 ) ( 3072 1312 256 ) ( 2816 1280 256 ) 64_cyan_3 [ -0.9922778767136677 -0.1240347345892083 0 -42.686768 ] [ 0 0 -1 0 ] 0 1 1
( 3072 1312 192 ) ( 2816 1280 192 ) ( 3072 1248 192 ) trim_band_teal [ 0 1 -6.938893903907229e-16 328.32263 ] [ 1.0000000000000002 0 0 -32 ] 0 1.059713 1
( 3072 1312 256 ) ( 3072 1248 256 ) ( 2816 1280 256 ) trim_band_teal [ 0 1 -6.938893903907229e-16 328.32263 ] [ 1.0000000000000002 0 0 -32 ] 0 1.059713 1
( 2944 1312 256 ) ( 2944 1248 192 ) ( 2944 1248 256 ) trim_band_teal [ -3.039235529911366e-15 0.9999999999999998 0 264.32312 ] [ 0 0 -1 32 ] 0 1.059713 1
}
// brush 9
{
( 2869.647058823528 1230.588235294118 224 ) ( 2885.647058823528 1294.588235294118 224 ) ( 2885.647058823528 1294.588235294118 352 ) trim_band_teal [ -0.2425356250363334 -0.970142500145331 0 455.37646 ] [ 0 0 -1 32 ] 0 1.059713 1
( 2816 1280 224 ) ( 3056 1184 352 ) ( 3056 1184 224 ) 64_cyan_2 [ 0.9284766908852594 -0.3713906763541039 0 56.52295 ] [ 0 0 -1 0 ] 0 1 1
( 3072 1280 192 ) ( 3071 1280 192 ) ( 3072 1279 192 ) trim_band_teal [ 0.242535625036333 0.970142500145332 -6.38378239159465e-16 172.39917 ] [ 0.970142500145332 -0.242535625036333 -5.898059818321144e-17 363.63696 ] 0 1.059713 1.0004597
( 2816 1024 256 ) ( 2816 1023 256 ) ( 2815 1024 256 ) trim_band_teal [ 0.242535625036333 0.970142500145332 -6.38378239159465e-16 172.39917 ] [ 0.970142500145332 -0.242535625036333 -5.898059818321144e-17 363.63696 ] 0 1.059713 1.0004597
( 3072 1248 224 ) ( 2816 1280 352 ) ( 2816 1280 224 ) 64_cyan_2 [ -0.9922778767136677 0.12403473458920858 0 -60.54077 ] [ 0 0 -1 0 ] 0 1 1
( 2931.7647058823513 1215.0588235294122 224 ) ( 2947.7647058823513 1279.0588235294122 352 ) ( 2947.7647058823513 1279.0588235294122 224 ) trim_band_teal [ 0.24253562503633003 0.9701425001453323 0 138.14563 ] [ 0 0 -1 32 ] 0 1.059713 1
}
// brush 10
{
( 2899.2000000000003 1302.3999999999999 224 ) ( 2867.2000000000003 1238.3999999999999 352 ) ( 2867.2000000000003 1238.3999999999999 224 ) trim_band_teal [ -0.4472135954999583 -0.8944271909999149 0 409.12085 ] [ 0 0 -1 32 ] 0 1.059713 1
( 3024 1120 224 ) ( 2816 1280 224 ) ( 2816 1280 352 ) 64_cyan_1 [ 0.7926239891046001 -0.6097107608496924 0 20.091309 ] [ 0 0 -1 0 ] 0 1 1
( 3072 1280 192 ) ( 3071 1280 192 ) ( 3072 1279 192 ) trim_band_teal [ 0.44721359549995804 0.8944271909999162 -4.440892098500626e-16 178.74414 ] [ 0.8944271909999161 -0.44721359549995804 5.551115123125783e-17 337.7771 ] 0 1.059713 1.0062304
( 2816 1024 256 ) ( 2816 1023 256 ) ( 2815 1024 256 ) trim_band_teal [ 0.44721359549995804 0.8944271909999162 -4.440892098500626e-16 178.74414 ] [ 0.8944271909999161 -0.44721359549995804 5.551115123125783e-17 337.7771 ] 0 1.059713 1.0062304
( 2816 1280 224 ) ( 3056 1184 224 ) ( 3056 1184 352 ) 64_cyan_1 [ -0.9284766908852594 0.3713906763541039 0 -56.52295 ] [ 0 0 -1 0 ] 0 1 1
( 2956.8 1273.6 224 ) ( 2924.8 1209.6 224 ) ( 2924.8 1209.6 352 ) trim_band_teal [ 0.4472135954999553 0.8944271909999169 0 171.0979 ] [ 0 0 -1 32 ] 0 1.059713 1
}
// brush 11
{
( 2976 1072 224 ) ( 2816 1280 224 ) ( 2816 1280 352 ) 64_cyan_3 [ 0.6097107608496924 -0.7926239891046001 0 54.368286 ] [ 0 0 -1 0 ] 0 1 1
( 2886 1258 224 ) ( 2838 1210 352 ) ( 2838 1210 224 ) trim_band_teal [ -0.7071067811865477 -0.7071067811865464 0 381.30518 ] [ 0 0 -1 32 ] 0 1.059713 1
( 3072 1280 192 ) ( 3071 1280 192 ) ( 3072 1279 192 ) trim_band_teal [ 0.7071067811865477 0.7071067811865478 -3.885780586188048e-16 147.08936 ] [ 0.7071067811865477 -0.7071067811865477 1.1102230246251565e-16 179.47827 ] 0 1.059713 1.0164659
( 2816 1024 256 ) ( 2816 1023 256 ) ( 2815 1024 256 ) trim_band_teal [ 0.7071067811865477 0.7071067811865478 -3.885780586188048e-16 147.08936 ] [ 0.7071067811865477 -0.7071067811865477 1.1102230246251565e-16 179.47827 ] 0 1.059713 1.0164659
( 3024 1120 224 ) ( 2816 1280 352 ) ( 2816 1280 224 ) 64_cyan_3 [ -0.7926239891046001 0.6097107608496924 0 -20.091309 ] [ 0 0 -1 0 ] 0 1 1
( 2932 1212 224 ) ( 2884 1164 224 ) ( 2884 1164 352 ) trim_band_teal [ 0.7071067811865454 0.7071067811865492 0 179.08984 ] [ 0 0 -1 32 ] 0 1.059713 1
}
// brush 12
{
( 2912 1040 224 ) ( 2816 1280 224 ) ( 2816 1280 352 ) 64_cyan_2 [ 0.37139067635410367 -0.9284766908852594 0 6.8827553 ] [ 0 0 -1 0 ] 0 1 1
( 2793.6000000000004 1196.8000000000002 224 ) ( 2857.6000000000004 1228.8000000000002 224 ) ( 2857.6000000000004 1228.8000000000002 352 ) trim_band_teal [ -0.8944271909999157 -0.44721359549995676 0 72.981445 ] [ 0 0 -1 32 ] 0 1.059713 1
( 3072 1280 192 ) ( 3071 1280 192 ) ( 3072 1279 192 ) trim_band_teal [ 0.894427190999916 0.447213595499958 -2.498001805406602e-16 -116.05737 ] [ 0.44721359549995804 -0.8944271909999161 5.551115123125783e-17 110.222244 ] 0 1.059713 1.0062307
( 2816 1024 256 ) ( 2816 1023 256 ) ( 2815 1024 256 ) trim_band_teal [ 0.894427190999916 0.447213595499958 -2.498001805406602e-16 -116.05737 ] [ 0.44721359549995804 -0.8944271909999161 5.551115123125783e-17 110.222244 ] 0 1.059713 1.0062307
( 2822.4 1139.2 224 ) ( 2886.4 1171.2 352 ) ( 2886.4 1171.2 224 ) trim_band_teal [ 0.8944271909999144 0.44721359549996037 0 -44.409424 ] [ 0 0 -1 32 ] 0 1.059713 1
( 2976 1072 224 ) ( 2816 1280 352 ) ( 2816 1280 224 ) 64_cyan_2 [ -0.6097107608496924 0.7926239891046001 0 -54.368286 ] [ 0 0 -1 0 ] 0 1 1
}
// brush 13
{
( 2848 1024 224 ) ( 2816 1280 224 ) ( 2816 1280 352 ) 64_cyan_1 [ 0.12403473458920836 -0.9922778767136677 0 12.539673 ] [ 0 0 -1 0 ] 0 1 1
( 2801.4117647058824 1210.3529411764705 224 ) ( 2865.4117647058824 1226.3529411764705 224 ) ( 2865.4117647058824 1226.3529411764705 352 ) trim_band_teal [ -0.9701425001453314 -0.2425356250363316 0 40.259766 ] [ 0 0 -1 32 ] 0 1.059713 1
( 3072 1280 192 ) ( 3071 1280 192 ) ( 3072 1279 192 ) trim_band_teal [ 0.970142500145332 0.242535625036333 -8.326672684688674e-17 -123.24585 ] [ 0.242535625036333 -0.970142500145332 -5.551115123125783e-17 270.54535 ] 0 1.059713 1.0004597
( 2816 1024 256 ) ( 2816 1023 256 ) ( 2815 1024 256 ) trim_band_teal [ 0.970142500145332 0.242535625036333 -8.326672684688674e-17 -123.24585 ] [ 0.242535625036333 -0.970142500145332 -5.551115123125783e-17 270.54535 ] 0 1.059713 1.0004597
( 2816.9411764705883 1148.235294117647 224 ) ( 2880.9411764705883 1164.235294117647 352 ) ( 2880.9411764705883 1164.235294117647 224 ) trim_band_teal [ 0.970142500145331 0.24253562503633552 0 -24.9917 ] [ 0 0 -1 32 ] 0 1.059713 1
( 2912 1040 224 ) ( 2816 1280 352 ) ( 2816 1280 224 ) 64_cyan_1 [ -0.37139067635410367 0.9284766908852594 0 -6.8827553 ] [ 0 0 -1 0 ] 0 1 1
}
// brush 14
{
( 2784 1024 192 ) ( 2816 1280 256 ) ( 2784 1024 256 ) 64_cyan_3 [ -0.12403473458920852 -0.9922778767136677 0 -36.571777 ] [ 0 0 -1 0 ] 0 1 1
( 2848 1152 256 ) ( 2784 1152 192 ) ( 2784 1152 256 ) trim_band_teal [ 0.9999999999999998 2.5951463200613034e-15 0 -353.12646 ] [ 0 0 -1 32 ] 0 1.059713 1
( 2848 1024 192 ) ( 2816 1280 192 ) ( 2784 1024 192 ) trim_band_teal [ 1.0000000000000002 0 0 30.873535 ] [ 0 -1.0000000000000002 0 -32 ] 0 1.059713 1
( 2848 1024 256 ) ( 2784 1024 256 ) ( 2816 1280 256 ) trim_band_teal [ 1.0000000000000002 0 0 30.873535 ] [ 0 -1.0000000000000002 0 -32 ] 0 1.059713 1
( 2848 1216 256 ) ( 2784 1216 256 ) ( 2784 1216 192 ) trim_band_teal [ -0.9999999999999998 -1.3183898417423734e-15 0 -30.47998 ] [ 0 0 -1 32 ] 0 1.059713 1
( 2816 1280 192 ) ( 2848 1024 256 ) ( 2816 1280 256 ) 64_cyan_3 [ -0.12403473458920836 0.9922778767136677 0 -12.539673 ] [ 0 0 -1 0 ] 0 1 1
}
// brush 15
{
( 2816 1280 224 ) ( 2720 1040 352 ) ( 2720 1040 224 ) 64_cyan_2 [ -0.37139067635410383 -0.9284766908852594 0 -49.98047 ] [ 0 0 -1 0 ] 0 1 1
( 2751.0588235294117 1164.235294117647 224 ) ( 2815.0588235294117 1148.235294117647 352 ) ( 2815.0588235294117 1148.235294117647 224 ) trim_band_teal [ 0.9701425001453323 -0.24253562503633047 0 -10.578613 ] [ 0 0 -1 32 ] 0 1.059713 1
( 2816 1024 192 ) ( 2816 1025 192 ) ( 2815 1024 192 ) trim_band_teal [ 0.970142500145332 -0.242535625036333 8.326672684688674e-17 -168.32495 ] [ -0.242535625036333 -0.970142500145332 -5.551115123125783e-17 99.88013 ] 0 1.059713 1.0004587
( 2560 1280 256 ) ( 2559 1280 256 ) ( 2560 1281 256 ) trim_band_teal [ 0.970142500145332 -0.242535625036333 8.326672684688674e-17 -168.32495 ] [ -0.242535625036333 -0.970142500145332 -5.551115123125783e-17 99.88013 ] 0 1.059713 1.0004587
( 2766.5882352941176 1226.3529411764705 224 ) ( 2830.5882352941176 1210.3529411764705 224 ) ( 2830.5882352941176 1210.3529411764705 352 ) trim_band_teal [ -0.9701425001453319 0.24253562503633172 0 -387.9004 ] [ 0 0 -1 32 ] 0 1.059713 1
( 2784 1024 224 ) ( 2816 1280 352 ) ( 2816 1280 224 ) 64_cyan_2 [ 0.12403473458920852 0.9922778767136677 0 36.571777 ] [ 0 0 -1 0 ] 0 1 1
}
// brush 16
{
( 2656 1072 224 ) ( 2816 1280 224 ) ( 2816 1280 352 ) 64_cyan_1 [ -0.6097107608496924 -0.7926239891046001 0 -20.804932 ] [ 0 0 -1 0 ] 0 1 1
( 2809.6000000000004 1139.1999999999998 224 ) ( 2745.6000000000004 1171.1999999999998 224 ) ( 2745.6000000000004 1171.1999999999998 352 ) trim_band_teal [ 0.8944271909999169 -0.44721359549995576 0 -100.760376 ] [ 0 0 -1 32 ] 0 1.059713 1
( 2816 1024 192 ) ( 2816 1025 192 ) ( 2815 1024 192 ) trim_band_teal [ 0.8944271909999161 -0.4472135954999581 -2.3869795029440866e-15 226.88647 ] [ -0.44721359549995804 -0.8944271909999161 5.551115123125783e-17 53.333984 ] 0 1.059713 1.0062304
( 2560 1280 256 ) ( 2559 1280 256 ) ( 2560 1281 256 ) trim_band_teal [ 0.8944271909999161 -0.4472135954999581 -2.3869795029440866e-15 226.88647 ] [ -0.44721359549995804 -0.8944271909999161 5.551115123125783e-17 53.333984 ] 0 1.059713 1.0062304
( 2838.4 1196.8 224 ) ( 2774.4 1228.8 352 ) ( 2774.4 1228.8 224 ) trim_band_teal [ -0.894427190999916 0.4472135954999568 0 -311.02222 ] [ 0 0 -1 32 ] 0 1.059713 1
( 2816 1280 224 ) ( 2720 1040 224 ) ( 2720 1040 352 ) 64_cyan_1 [ 0.37139067635410383 0.9284766908852594 0 49.98047 ] [ 0 0 -1 0 ] 0 1 1
}
// brush 17
{
( 2748 1164 224 ) ( 2700 1212 224 ) ( 2700 1212 352 ) trim_band_teal [ 0.7071067811865491 -0.7071067811865458 0 -352.71826 ] [ 0 0 -1 32 ] 0 1.059713 1
( 2608 1120 224 ) ( 2816 1280 224 ) ( 2816 1280 352 ) 64_cyan_3 [ -0.7926239891046001 -0.6097107608496924 0 -6.7858887 ] [ 0 0 -1 0 ] 0 1 1
( 2816 1024 192 ) ( 2816 1025 192 ) ( 2815 1024 192 ) trim_band_teal [ 0.7071067811865477 -0.7071067811865477 -2.3592239273284576e-15 -64.71863 ] [ -0.7071067811865477 -0.7071067811865477 1.1102230246251565e-16 1.3933105 ] 0 1.059713 1.0164652
( 2560 1280 256 ) ( 2559 1280 256 ) ( 2560 1281 256 ) trim_band_teal [ 0.7071067811865477 -0.7071067811865477 -2.3592239273284576e-15 -64.71863 ] [ -0.7071067811865477 -0.7071067811865477 1.1102230246251565e-16 1.3933105 ] 0 1.059713 1.0164652
( 2794 1210 224 ) ( 2746 1258 352 ) ( 2746 1258 224 ) trim_band_teal [ -0.7071067811865479 0.7071067811865466 0 -78.887695 ] [ 0 0 -1 32 ] 0 1.059713 1
( 2656 1072 224 ) ( 2816 1280 352 ) ( 2816 1280 224 ) 64_cyan_3 [ 0.6097107608496924 0.7926239891046001 0 20.804932 ] [ 0 0 -1 0 ] 0 1 1
}
// brush 18
{
( 2675.2 1273.6 224 ) ( 2707.2 1209.6 352 ) ( 2707.2 1209.6 224 ) trim_band_teal [ 0.44721359549996 -0.8944271909999149 0 -499.4856 ] [ 0 0 -1 32 ] 0 1.059713 1
( 2576 1184 224 ) ( 2816 1280 224 ) ( 2816 1280 352 ) 64_cyan_2 [ -0.9284766908852594 -0.3713906763541037 0 -53.760986 ] [ 0 0 -1 0 ] 0 1 1
( 2816 1024 192 ) ( 2816 1025 192 ) ( 2815 1024 192 ) trim_band_teal [ 0.4472135954999581 -0.8944271909999162 -2.248201624865942e-15 -251.13307 ] [ -0.8944271909999161 -0.44721359549995804 5.551115123125783e-17 223.99805 ] 0 1.059713 1.0062313
( 2560 1280 256 ) ( 2559 1280 256 ) ( 2560 1281 256 ) trim_band_teal [ 0.4472135954999581 -0.8944271909999162 -2.248201624865942e-15 -251.13307 ] [ -0.8944271909999161 -0.44721359549995804 5.551115123125783e-17 223.99805 ] 0 1.059713 1.0062313
( 2608 1120 224 ) ( 2816 1280 352 ) ( 2816 1280 224 ) 64_cyan_2 [ 0.7926239891046001 0.6097107608496924 0 6.7858887 ] [ 0 0 -1 0 ] 0 1 1
( 2732.7999999999997 1302.3999999999999 224 ) ( 2764.7999999999997 1238.3999999999999 224 ) ( 2764.7999999999997 1238.3999999999999 352 ) trim_band_teal [ -0.44721359549995865 0.8944271909999151 0 -463.94385 ] [ 0 0 -1 32 ] 0 1.059713 1
}
// brush 19
{
( 2684.235294117647 1279.0588235294115 224 ) ( 2700.235294117647 1215.0588235294115 352 ) ( 2700.235294117647 1215.0588235294115 224 ) trim_band_teal [ 0.24253562503633502 -0.9701425001453314 0 -402.74243 ] [ 0 0 -1 32 ] 0 1.059713 1
( 2560 1248 224 ) ( 2816 1280 224 ) ( 2816 1280 352 ) 64_cyan_1 [ -0.9922778767136677 -0.12403473458920841 0 -3.2749023 ] [ 0 0 -1 0 ] 0 1 1
( 2816 1024 192 ) ( 2816 1025 192 ) ( 2815 1024 192 ) trim_band_teal [ 0.242535625036333 -0.970142500145332 -2.095545958979983e-15 -180.99664 ] [ -0.970142500145332 -0.242535625036333 -5.898059818321144e-17 192.96924 ] 0 1.059713 1.0004597
( 2560 1280 256 ) ( 2559 1280 256 ) ( 2560 1281 256 ) trim_band_teal [ 0.242535625036333 -0.970142500145332 -2.095545958979983e-15 -180.99664 ] [ -0.970142500145332 -0.242535625036333 -5.898059818321144e-17 192.96924 ] 0 1.059713 1.0004597
( 2576 1184 224 ) ( 2816 1280 352 ) ( 2816 1280 224 ) 64_cyan_1 [ 0.9284766908852594 0.3713906763541037 0 53.760986 ] [ 0 0 -1 0 ] 0 1 1
( 2746.3529411764703 1294.5882352941173 224 ) ( 2762.3529411764703 1230.5882352941173 224 ) ( 2762.3529411764703 1230.5882352941173 352 ) trim_band_teal [ -0.24253562503633366 0.9701425001453312 0 -61.99048 ] [ 0 0 -1 32 ] 0 1.059713 1
}
// brush 20
{
( 2688 1248 256 ) ( 2688 1312 192 ) ( 2688 1312 256 ) trim_band_teal [ 2.0122792321330962e-15 -1 0 -263.92883 ] [ 0 0 -1 32 ] 0 1.059713 1
( 2816 1280 192 ) ( 2560 1312 192 ) ( 2560 1248 192 ) trim_band_teal [ 0 -1.0000000000000002 -2.0122792321330966e-15 -71.92932 ] [ -1.0000000000000002 0 0 -32 ] 0 1.059713 1
( 2816 1280 256 ) ( 2560 1248 256 ) ( 2560 1312 256 ) trim_band_teal [ 0 -1.0000000000000002 -2.0122792321330966e-15 -71.92932 ] [ -1.0000000000000002 0 0 -32 ] 0 1.059713 1
( 2816 1280 256 ) ( 2560 1248 192 ) ( 2560 1248 256 ) 64_cyan_3 [ 0.9922778767136677 0.12403473458920841 0 3.2749023 ] [ 0 0 -1 0 ] 0 1 1
( 2816 1280 256 ) ( 2560 1312 192 ) ( 2816 1280 192 ) 64_cyan_3 [ -0.9922778767136677 0.12403473458920869 0 -44.479492 ] [ 0 0 -1 0 ] 0 1 1
( 2752 1248 256 ) ( 2752 1312 256 ) ( 2752 1312 192 ) trim_band_teal [ -7.632783294297951e-16 0.9999999999999996 0 -215.67706 ] [ 0 0 -1 32 ] 0 1.059713 1
}
// brush 21
{
( 2700.235294117647 1344.9411764705883 224 ) ( 2684.235294117647 1280.9411764705883 352 ) ( 2684.235294117647 1280.9411764705883 224 ) trim_band_teal [ -0.24253562503633108 -0.9701425001453323 0 -197.24341 ] [ 0 0 -1 32 ] 0 1.059713 1
( 2560 1312 224 ) ( 2816 1280 352 ) ( 2816 1280 224 ) 64_cyan_2 [ 0.9922778767136677 -0.12403473458920869 0 44.479492 ] [ 0 0 -1 0 ] 0 1 1
( 2560 1280 192 ) ( 2561 1280 192 ) ( 2560 1281 192 ) trim_band_teal [ -0.242535625036333 -0.970142500145332 -1.9567680809018384e-15 -34.98987 ] [ -0.970142500145332 0.242535625036333 -5.898059818321144e-17 84.36304 ] 0 1.059713 1.0004597
( 2816 1536 256 ) ( 2816 1537 256 ) ( 2817 1536 256 ) trim_band_teal [ -0.242535625036333 -0.970142500145332 -1.9567680809018384e-15 -34.98987 ] [ -0.970142500145332 0.242535625036333 -5.898059818321144e-17 84.36304 ] 0 1.059713 1.0004597
( 2816 1280 224 ) ( 2576 1376 352 ) ( 2576 1376 224 ) 64_cyan_2 [ -0.9284766908852594 0.371390676354104 0 -17.056152 ] [ 0 0 -1 0 ] 0 1 1
( 2762.3529411764703 1329.4117647058824 224 ) ( 2746.3529411764703 1265.4117647058824 224 ) ( 2746.3529411764703 1265.4117647058824 352 ) trim_band_teal [ 0.2425356250363322 0.9701425001453317 0 -297.23535 ] [ 0 0 -1 32 ] 0 1.059713 1
}
// brush 22
{
( 2675.200000000004 1286.399999999998 224 ) ( 2707.200000000004 1350.399999999998 224 ) ( 2707.200000000004 1350.399999999998 352 ) trim_band_teal [ -0.4472135954999564 -0.8944271909999166 0 -283.40942 ] [ 0 0 -1 32 ] 0 1.059713 1
( 2816 1280 224 ) ( 2576 1376 224 ) ( 2576 1376 352 ) 64_cyan_1 [ 0.9284766908852594 -0.371390676354104 0 17.056152 ] [ 0 0 -1 0 ] 0 1 1
( 2560 1280 192 ) ( 2561 1280 192 ) ( 2560 1281 192 ) trim_band_teal [ -0.447213595499958 -0.8944271909999161 -1.7486012637846216e-15 -147.76294 ] [ -0.8944271909999161 0.44721359549995804 5.551115123125783e-17 110.2218 ] 0 1.059713 1.0062308
( 2816 1536 256 ) ( 2816 1537 256 ) ( 2817 1536 256 ) trim_band_teal [ -0.447213595499958 -0.8944271909999161 -1.7486012637846216e-15 -147.76294 ] [ -0.8944271909999161 0.44721359549995804 5.551115123125783e-17 110.2218 ] 0 1.059713 1.0062308
( 2608 1440 224 ) ( 2816 1280 224 ) ( 2816 1280 352 ) 64_cyan_1 [ -0.7926239891046001 0.6097107608496924 0 -20.70996 ] [ 0 0 -1 0 ] 0 1 1
( 2732.800000000004 1257.599999999998 224 ) ( 2764.800000000004 1321.599999999998 352 ) ( 2764.800000000004 1321.599999999998 224 ) trim_band_teal [ 0.4472135954999572 0.8944271909999157 0 -224.3728 ] [ 0 0 -1 32 ] 0 1.059713 1
}
// brush 23
{
( 2700 1348 224 ) ( 2748 1396 224 ) ( 2748 1396 352 ) trim_band_teal [ -0.7071067811865462 -0.7071067811865487 0 141.3042 ] [ 0 0 -1 32 ] 0 1.059713 1
( 2608 1440 224 ) ( 2816 1280 352 ) ( 2816 1280 224 ) 64_cyan_3 [ 0.7926239891046001 -0.6097107608496924 0 20.70996 ] [ 0 0 -1 0 ] 0 1 1
( 2560 1280 192 ) ( 2561 1280 192 ) ( 2560 1281 192 ) trim_band_teal [ -0.7071067811865477 -0.7071067811865476 -1.7486012637846216e-15 237.30396 ] [ -0.7071067811865477 0.7071067811865477 1.1102230246251565e-16 268.5219 ] 0 1.059713 1.0164659
( 2816 1536 256 ) ( 2816 1537 256 ) ( 2817 1536 256 ) trim_band_teal [ -0.7071067811865477 -0.7071067811865476 -1.7486012637846216e-15 237.30396 ] [ -0.7071067811865477 0.7071067811865477 1.1102230246251565e-16 268.5219 ] 0 1.059713 1.0164659
( 2746 1302 224 ) ( 2794 1350 352 ) ( 2794 1350 224 ) trim_band_teal [ 0.7071067811865468 0.7071067811865476 0 -156.90991 ] [ 0 0 -1 32 ] 0 1.059713 1
( 2656 1488 224 ) ( 2816 1280 224 ) ( 2816 1280 352 ) 64_cyan_3 [ -0.6097107608496924 0.7926239891046001 0 -12.858093 ] [ 0 0 -1 0 ] 0 1 1
}
}
