// entity 0
{
"classname" "func_detail"
"_phong" "1"
// brush 0
{
( 2816 1280 160 ) ( 2720 1040 288 ) ( 2720 1040 160 ) 64_cyan_2 [ -0.37139067635410383 -0.9284766908852594 0 -49.98047 ] [ 0 0 -1 0 ] 0 1 1
( 2735.529411764706 1102.1176470588236 160 ) ( 2799.529411764706 1086.1176470588236 288 ) ( 2799.529411764706 1086.1176470588236 160 ) trim_band_teal [ 0.9701425001453323 -0.24253562503633047 0 -345.4519 ] [ 0 0 -1 -32 ] 0 1.059713 1
( 2816 1024 128 ) ( 2816 1025 128 ) ( 2815 1024 128 ) trim_band_teal [ 0.970142500145332 -0.242535625036333 8.326672684688674e-17 -168.32495 ] [ -0.242535625036333 -0.970142500145332 -5.551115123125783e-17 35.880127 ] 0 1.059713 1.0004587
( 2560 1280 192 ) ( 2559 1280 192 ) ( 2560 1281 192 ) trim_band_teal [ 0.970142500145332 -0.242535625036333 8.326672684688674e-17 -168.32495 ] [ -0.242535625036333 -0.970142500145332 -5.551115123125783e-17 35.880127 ] 0 1.059713 1.0004587
( 2751.0588235294117 1164.235294117647 160 ) ( 2815.0588235294117 1148.235294117647 160 ) ( 2815.0588235294117 1148.235294117647 288 ) trim_band_teal [ -0.9701425001453319 0.24253562503633172 0 -373.0276 ] [ 0 0 -1 -32 ] 0 1.059713 1
( 2784 1024 160 ) ( 2816 1280 288 ) ( 2816 1280 160 ) 64_cyan_2 [ 0.12403473458920852 0.9922778767136677 0 36.571777 ] [ 0 0 -1 0 ] 0 1 1
}
// brush 1
{
( 2656 1072 160 ) ( 2816 1280 160 ) ( 2816 1280 288 ) 64_cyan_1 [ -0.6097107608496924 -0.7926239891046001 0 -20.804932 ] [ 0 0 -1 0 ] 0 1 1
( 2780.8 1081.6 160 ) ( 2716.8 1113.6 160 ) ( 2716.8 1113.6 288 ) trim_band_teal [ 0.8944271909999169 -0.44721359549995576 0 -448.937 ] [ 0 0 -1 -32 ] 0 1.059713 1
( 2816 1024 128 ) ( 2816 1025 128 ) ( 2815 1024 128 ) trim_band_teal [ 0.8944271909999161 -0.4472135954999581 -2.3869795029440866e-15 226.88623 ] [ -0.44721359549995804 -0.8944271909999161 5.551115123125783e-17 -10.666016 ] 0 1.059713 1.0062304
( 2560 1280 192 ) ( 2559 1280 192 ) ( 2560 1281 192 ) trim_band_teal [ 0.8944271909999161 -0.4472135954999581 -2.3869795029440866e-15 226.88623 ] [ -0.44721359549995804 -0.8944271909999161 5.551115123125783e-17 -10.666016 ] 0 1.059713 1.0062304
( 2809.6000000000004 1139.1999999999998 160 ) ( 2745.6000000000004 1171.1999999999998 288 ) ( 2745.6000000000004 1171.1999999999998 160 ) trim_band_teal [ -0.894427190999916 0.4472135954999568 0 -282.84607 ] [ 0 0 -1 -32 ] 0 1.059713 1
( 2816 1280 160 ) ( 2720 1040 160 ) ( 2720 1040 288 ) 64_cyan_1 [ 0.37139067635410383 0.9284766908852594 0 49.98047 ] [ 0 0 -1 0 ] 0 1 1
}
// brush 2
{
( 2702 1118 160 ) ( 2654 1166 160 ) ( 2654 1166 288 ) trim_band_teal [ 0.7071067811865491 -0.7071067811865458 0 -208.71838 ] [ 0 0 -1 -32 ] 0 1.059713 1
( 2608 1120 160 ) ( 2816 1280 160 ) ( 2816 1280 288 ) 64_cyan_3 [ -0.7926239891046001 -0.6097107608496924 0 -6.7858887 ] [ 0 0 -1 0 ] 0 1 1
( 2816 1024 128 ) ( 2816 1025 128 ) ( 2815 1024 128 ) trim_band_teal [ 0.7071067811865477 -0.7071067811865477 -2.3592239273284576e-15 -64.71863 ] [ -0.7071067811865477 -0.7071067811865477 1.1102230246251565e-16 -62.60669 ] 0 1.059713 1.0164652
( 2560 1280 192 ) ( 2559 1280 192 ) ( 2560 1281 192 ) trim_band_teal [ 0.7071067811865477 -0.7071067811865477 -2.3592239273284576e-15 -64.71863 ] [ -0.7071067811865477 -0.7071067811865477 1.1102230246251565e-16 -62.60669 ] 0 1.059713 1.0164652
( 2748 1164 160 ) ( 2700 1212 288 ) ( 2700 1212 160 ) trim_band_teal [ -0.7071067811865479 0.7071067811865466 0 -30.888062 ] [ 0 0 -1 -32 ] 0 1.059713 1
( 2656 1072 160 ) ( 2816 1280 288 ) ( 2816 1280 160 ) 64_cyan_3 [ 0.6097107608496924 0.7926239891046001 0 20.804932 ] [ 0 0 -1 0 ] 0 1 1
}
// brush 3
{
( 2617.6 1244.8 160 ) ( 2649.6 1180.8 288 ) ( 2649.6 1180.8 160 ) trim_band_teal [ 0.44721359549996 -0.8944271909999149 0 -375.30933 ] [ 0 0 -1 -32 ] 0 1.059713 1
( 2576 1184 160 ) ( 2816 1280 160 ) ( 2816 1280 288 ) 64_cyan_2 [ -0.9284766908852594 -0.3713906763541037 0 -53.760986 ] [ 0 0 -1 0 ] 0 1 1
( 2816 1024 128 ) ( 2816 1025 128 ) ( 2815 1024 128 ) trim_band_teal [ 0.4472135954999581 -0.8944271909999162 -2.248201624865942e-15 -251.13307 ] [ -0.8944271909999161 -0.44721359549995804 5.551115123125783e-17 159.99805 ] 0 1.059713 1.0062313
( 2560 1280 192 ) ( 2559 1280 192 ) ( 2560 1281 192 ) trim_band_teal [ 0.4472135954999581 -0.8944271909999162 -2.248201624865942e-15 -251.13307 ] [ -0.8944271909999161 -0.44721359549995804 5.551115123125783e-17 159.99805 ] 0 1.059713 1.0062313
( 2608 1120 160 ) ( 2816 1280 288 ) ( 2816 1280 160 ) 64_cyan_2 [ 0.7926239891046001 0.6097107608496924 0 6.7858887 ] [ 0 0 -1 0 ] 0 1 1
( 2675.2 1273.6 160 ) ( 2707.2 1209.6 160 ) ( 2707.2 1209.6 288 ) trim_band_teal [ -0.44721359549995865 0.8944271909999151 0 -396.12073 ] [ 0 0 -1 -32 ] 0 1.059713 1
}
// brush 4
{
( 2622.1176470588234 1263.5294117647059 160 ) ( 2638.1176470588234 1199.5294117647059 288 ) ( 2638.1176470588234 1199.5294117647059 160 ) trim_band_teal [ 0.24253562503633502 -0.9701425001453314 0 -291.86963 ] [ 0 0 -1 -32 ] 0 1.059713 1
( 2560 1248 160 ) ( 2816 1280 160 ) ( 2816 1280 288 ) 64_cyan_1 [ -0.9922778767136677 -0.12403473458920841 0 -3.2749023 ] [ 0 0 -1 0 ] 0 1 1
( 2816 1024 128 ) ( 2816 1025 128 ) ( 2815 1024 128 ) trim_band_teal [ 0.242535625036333 -0.970142500145332 -2.095545958979983e-15 -180.99664 ] [ -0.970142500145332 -0.242535625036333 -5.898059818321144e-17 128.96924 ] 0 1.059713 1.0004597
( 2560 1280 192 ) ( 2559 1280 192 ) ( 2560 1281 192 ) trim_band_teal [ 0.242535625036333 -0.970142500145332 -2.095545958979983e-15 -180.99664 ] [ -0.970142500145332 -0.242535625036333 -5.898059818321144e-17 128.96924 ] 0 1.059713 1.0004597
( 2576 1184 160 ) ( 2816 1280 288 ) ( 2816 1280 160 ) 64_cyan_1 [ 0.9284766908852594 0.3713906763541037 0 53.760986 ] [ 0 0 -1 0 ] 0 1 1
( 2684.235294117647 1279.0588235294115 160 ) ( 2700.235294117647 1215.0588235294115 160 ) ( 2700.235294117647 1215.0588235294115 288 ) trim_band_teal [ -0.24253562503633366 0.9701425001453312 0 -492.8639 ] [ 0 0 -1 -32 ] 0 1.059713 1
}
// brush 5
{
( 2638.1176470588234 1360.4705882352941 160 ) ( 2622.1176470588234 1296.4705882352941 288 ) ( 2622.1176470588234 1296.4705882352941 160 ) trim_band_teal [ -0.24253562503633108 -0.9701425001453323 0 -116.1167 ] [ 0 0 -1 -32 ] 0 1.059713 1
( 2560 1312 160 ) ( 2816 1280 288 ) ( 2816 1280 160 ) 64_cyan_2 [ 0.9922778767136677 -0.12403473458920869 0 44.479492 ] [ 0 0 -1 0 ] 0 1 1
( 2560 1280 128 ) ( 2561 1280 128 ) ( 2560 1281 128 ) trim_band_teal [ -0.242535625036333 -0.970142500145332 -1.9567680809018384e-15 -34.98987 ] [ -0.970142500145332 0.242535625036333 -5.898059818321144e-17 20.363037 ] 0 1.059713 1.0004597
( 2816 1536 192 ) ( 2816 1537 192 ) ( 2817 1536 192 ) trim_band_teal [ -0.242535625036333 -0.970142500145332 -1.9567680809018384e-15 -34.98987 ] [ -0.970142500145332 0.242535625036333 -5.898059818321144e-17 20.363037 ] 0 1.059713 1.0004597
( 2816 1280 160 ) ( 2576 1376 288 ) ( 2576 1376 160 ) 64_cyan_2 [ -0.9284766908852594 0.371390676354104 0 -17.056152 ] [ 0 0 -1 0 ] 0 1 1
( 2700.235294117647 1344.9411764705883 160 ) ( 2684.235294117647 1280.9411764705883 160 ) ( 2684.235294117647 1280.9411764705883 288 ) trim_band_teal [ 0.2425356250363322 0.9701425001453317 0 -186.36292 ] [ 0 0 -1 -32 ] 0 1.059713 1
}
// brush 6
{
( 2617.6 1315.2 160 ) ( 2649.6 1379.2 160 ) ( 2649.6 1379.2 288 ) trim_band_teal [ -0.4472135954999564 -0.8944271909999166 0 -215.58594 ] [ 0 0 -1 -32 ] 0 1.059713 1
( 2816 1280 160 ) ( 2576 1376 160 ) ( 2576 1376 288 ) 64_cyan_1 [ 0.9284766908852594 -0.371390676354104 0 17.056152 ] [ 0 0 -1 0 ] 0 1 1
( 2560 1280 128 ) ( 2561 1280 128 ) ( 2560 1281 128 ) trim_band_teal [ -0.447213595499958 -0.8944271909999161 -1.7486012637846216e-15 -147.76294 ] [ -0.8944271909999161 0.44721359549995804 5.551115123125783e-17 46.2218 ] 0 1.059713 1.0062308
( 2816 1536 192 ) ( 2816 1537 192 ) ( 2817 1536 192 ) trim_band_teal [ -0.447213595499958 -0.8944271909999161 -1.7486012637846216e-15 -147.76294 ] [ -0.8944271909999161 0.44721359549995804 5.551115123125783e-17 46.2218 ] 0 1.059713 1.0062308
( 2608 1440 160 ) ( 2816 1280 160 ) ( 2816 1280 288 ) 64_cyan_1 [ -0.7926239891046001 0.6097107608496924 0 -20.70996 ] [ 0 0 -1 0 ] 0 1 1
( 2675.200000000004 1286.399999999998 160 ) ( 2707.200000000004 1350.399999999998 288 ) ( 2707.200000000004 1350.399999999998 160 ) trim_band_teal [ 0.4472135954999572 0.8944271909999157 0 -100.19702 ] [ 0 0 -1 -32 ] 0 1.059713 1
}
// brush 7
{
( 2654 1394 160 ) ( 2702 1442 160 ) ( 2702 1442 288 ) trim_band_teal [ -0.7071067811865462 -0.7071067811865487 0 189.3042 ] [ 0 0 -1 -32 ] 0 1.059713 1
( 2608 1440 160 ) ( 2816 1280 288 ) ( 2816 1280 160 ) 64_cyan_3 [ 0.7926239891046001 -0.6097107608496924 0 20.70996 ] [ 0 0 -1 0 ] 0 1 1
( 2560 1280 128 ) ( 2561 1280 128 ) ( 2560 1281 128 ) trim_band_teal [ -0.7071067811865477 -0.7071067811865476 -1.7486012637846216e-15 237.30396 ] [ -0.7071067811865477 0.7071067811865477 1.1102230246251565e-16 204.52191 ] 0 1.059713 1.0164659
( 2816 1536 192 ) ( 2816 1537 192 ) ( 2817 1536 192 ) trim_band_teal [ -0.7071067811865477 -0.7071067811865476 -1.7486012637846216e-15 237.30396 ] [ -0.7071067811865477 0.7071067811865477 1.1102230246251565e-16 204.52191 ] 0 1.059713 1.0164659
( 2700 1348 160 ) ( 2748 1396 288 ) ( 2748 1396 160 ) trim_band_teal [ 0.7071067811865468 0.7071067811865476 0 -12.910645 ] [ 0 0 -1 -32 ] 0 1.059713 1
( 2656 1488 160 ) ( 2816 1280 160 ) ( 2816 1280 288 ) 64_cyan_3 [ -0.6097107608496924 0.7926239891046001 0 -12.858093 ] [ 0 0 -1 0 ] 0 1 1
}
// brush 8
{
( 2656 1488 160 ) ( 2816 1280 288 ) ( 2816 1280 160 ) 64_cyan_2 [ 0.6097107608496924 -0.7926239891046001 0 12.858093 ] [ 0 0 -1 0 ] 0 1 1
( 2780.7999999999997 1478.3999999999999 160 ) ( 2716.7999999999997 1446.3999999999999 288 ) ( 2716.7999999999997 1446.3999999999999 160 ) trim_band_teal [ -0.8944271909999151 -0.4472135954999593 0 313.68628 ] [ 0 0 -1 -32 ] 0 1.059713 1
( 2560 1280 128 ) ( 2561 1280 128 ) ( 2560 1281 128 ) trim_band_teal [ -0.8944271909999161 -0.44721359549995804 -1.582067810090848e-15 -170.13745 ] [ -0.44721359549995804 0.8944271909999161 5.551115123125783e-17 273.7779 ] 0 1.059713 1.0062308
( 2816 1536 192 ) ( 2816 1537 192 ) ( 2817 1536 192 ) trim_band_teal [ -0.8944271909999161 -0.44721359549995804 -1.582067810090848e-15 -170.13745 ] [ -0.44721359549995804 0.8944271909999161 5.551115123125783e-17 273.7779 ] 0 1.059713 1.0062308
( 2809.5999999999995 1420.7999999999997 160 ) ( 2745.5999999999995 1388.7999999999997 160 ) ( 2745.5999999999995 1388.7999999999997 288 ) trim_band_teal [ 0.8944271909999153 0.4472135954999582 0 -157.11621 ] [ 0 0 -1 -32 ] 0 1.059713 1
( 2720 1520 160 ) ( 2816 1280 160 ) ( 2816 1280 288 ) 64_cyan_2 [ -0.37139067635410355 0.9284766908852594 0 -22.345276 ] [ 0 0 -1 0 ] 0 1 1
}
// brush 9
{
( 2720 1520 160 ) ( 2816 1280 288 ) ( 2816 1280 160 ) 64_cyan_1 [ 0.37139067635410355 -0.9284766908852594 0 22.345276 ] [ 0 0 -1 0 ] 0 1 1
( 2799.529411764706 1473.8823529411764 160 ) ( 2735.529411764706 1457.8823529411764 288 ) ( 2735.529411764706 1457.8823529411764 160 ) trim_band_teal [ -0.9701425001453314 -0.2425356250363343 0 227.75073 ] [ 0 0 -1 -32 ] 0 1.059713 1
( 2560 1280 128 ) ( 2561 1280 128 ) ( 2560 1281 128 ) trim_band_teal [ -0.9701425001453319 -0.24253562503633294 -1.4155343563970746e-15 242.62354 ] [ -0.242535625036333 0.970142500145332 -5.551115123125783e-17 113.08026 ] 0 1.059713 1
( 2816 1536 192 ) ( 2816 1537 192 ) ( 2817 1536 192 ) trim_band_teal [ -0.9701425001453319 -0.24253562503633294 -1.4155343563970746e-15 242.62354 ] [ -0.242535625036333 0.970142500145332 -5.551115123125783e-17 113.08026 ] 0 1.059713 1
( 2815.058823529412 1411.764705882353 160 ) ( 2751.058823529412 1395.764705882353 160 ) ( 2751.058823529412 1395.764705882353 288 ) trim_band_teal [ 0.9701425001453314 0.24253562503633314 0 -84.48389 ] [ 0 0 -1 -32 ] 0 1.059713 1
( 2784 1536 160 ) ( 2816 1280 160 ) ( 2816 1280 288 ) 64_cyan_1 [ -0.12403473458920825 0.9922778767136677 0 26.871704 ] [ 0 0 -1 0 ] 0 1 1
}
// brush 10
{
( 2784 1536 128 ) ( 2816 1280 192 ) ( 2816 1280 128 ) 64_cyan_3 [ 0.12403473458920825 -0.9922778767136677 0 -26.871704 ] [ 0 0 -1 0 ] 0 1 1
( 2848 1408 192 ) ( 2848 1408 128 ) ( 2784 1408 128 ) trim_band_teal [ 0.9999999999999996 1.942890293094024e-16 0 158.87354 ] [ 0 0 -1 -32 ] 0 1.059713 1
( 2848 1536 128 ) ( 2784 1536 128 ) ( 2816 1280 128 ) trim_band_teal [ -1 0 -1.3183898417423736e-15 -30.47998 ] [ 0 1.0000000000000002 0 416.00012 ] 0 1.059713 1
( 2848 1536 192 ) ( 2816 1280 192 ) ( 2784 1536 192 ) trim_band_teal [ -1 0 -1.3183898417423736e-15 -30.47998 ] [ 0 1.0000000000000002 0 416.00012 ] 0 1.059713 1
( 2848 1472 192 ) ( 2784 1472 128 ) ( 2848 1472 128 ) trim_band_teal [ -0.9999999999999998 -1.3461454173580023e-15 0 -30.47998 ] [ 0 0 -1 -32 ] 0 1.059713 1
( 2848 1536 192 ) ( 2816 1280 128 ) ( 2816 1280 192 ) 64_cyan_3 [ 0.12403473458920863 0.9922778767136677 0 52.632935 ] [ 0 0 -1 0 ] 0 1 1
}
// brush 11
{
( 2848 1536 160 ) ( 2816 1280 288 ) ( 2816 1280 160 ) 64_cyan_2 [ -0.12403473458920863 -0.9922778767136677 0 -52.632935 ] [ 0 0 -1 0 ] 0 1 1
( 2880.941176470588 1395.7647058823532 160 ) ( 2816.941176470588 1411.7647058823532 160 ) ( 2816.941176470588 1411.7647058823532 288 ) trim_band_teal [ 0.9701425001453314 -0.24253562503633275 0 48.913086 ] [ 0 0 -1 -32 ] 0 1.059713 1
( 2816 1536 128 ) ( 2816 1535 128 ) ( 2817 1536 128 ) trim_band_teal [ -0.970142500145332 0.242535625036333 -1.2906342661267445e-15 49.734375 ] [ 0.242535625036333 0.970142500145332 -5.551115123125783e-17 284.13232 ] 0 1.059713 1.0004652
( 3072 1280 192 ) ( 3073 1280 192 ) ( 3072 1279 192 ) trim_band_teal [ -0.970142500145332 0.242535625036333 -1.2906342661267445e-15 49.734375 ] [ 0.242535625036333 0.970142500145332 -5.551115123125783e-17 284.13232 ] 0 1.059713 1.0004652
( 2896.470588235294 1457.8823529411766 160 ) ( 2832.470588235294 1473.8823529411766 288 ) ( 2832.470588235294 1473.8823529411766 160 ) trim_band_teal [ -0.9701425001453323 0.2425356250363295 0 192.60815 ] [ 0 0 -1 -32 ] 0 1.059713 1
( 2816 1280 160 ) ( 2912 1520 288 ) ( 2912 1520 160 ) 64_cyan_2 [ 0.37139067635410394 0.9284766908852594 0 25.447266 ] [ 0 0 -1 0 ] 0 1 1
}
// brush 12
{
( 2816 1280 160 ) ( 2912 1520 160 ) ( 2912 1520 288 ) 64_cyan_1 [ -0.37139067635410394 -0.9284766908852594 0 -25.447266 ] [ 0 0 -1 0 ] 0 1 1
( 2822.4 1420.8 160 ) ( 2886.4 1388.8 288 ) ( 2886.4 1388.8 160 ) trim_band_teal [ 0.8944271909999153 -0.44721359549995776 0 11.9453125 ] [ 0 0 -1 -32 ] 0 1.059713 1
( 2816 1536 128 ) ( 2816 1535 128 ) ( 2817 1536 128 ) trim_band_teal [ -0.894427190999916 0.44721359549995804 -1.0824674490095276e-15 60.095337 ] [ 0.44721359549995804 0.8944271909999161 5.551115123125783e-17 330.66626 ] 0 1.059713 1.0062304
( 3072 1280 192 ) ( 3073 1280 192 ) ( 3072 1279 192 ) trim_band_teal [ -0.894427190999916 0.44721359549995804 -1.0824674490095276e-15 60.095337 ] [ 0.44721359549995804 0.8944271909999161 5.551115123125783e-17 330.66626 ] 0 1.059713 1.0062304
( 2851.2000000000003 1478.3999999999999 160 ) ( 2915.2000000000003 1446.3999999999999 160 ) ( 2915.2000000000003 1446.3999999999999 288 ) trim_band_teal [ -0.8944271909999171 0.44721359549995476 0 216.27246 ] [ 0 0 -1 -32 ] 0 1.059713 1
( 2976 1488 160 ) ( 2816 1280 160 ) ( 2816 1280 288 ) 64_cyan_1 [ 0.6097107608496924 0.7926239891046001 0 20.186768 ] [ 0 0 -1 0 ] 0 1 1
}
// brush 13
{
( 2976 1488 160 ) ( 2816 1280 288 ) ( 2816 1280 160 ) 64_cyan_3 [ -0.6097107608496924 -0.7926239891046001 0 -20.186768 ] [ 0 0 -1 0 ] 0 1 1
( 2884 1396 160 ) ( 2932 1348 288 ) ( 2932 1348 160 ) trim_band_teal [ 0.7071067811865469 -0.7071067811865472 0 351.2815 ] [ 0 0 -1 -32 ] 0 1.059713 1
( 2816 1536 128 ) ( 2816 1535 128 ) ( 2817 1536 128 ) trim_band_teal [ -0.7071067811865475 0.7071067811865476 -1.0824674490095276e-15 193.11206 ] [ 0.7071067811865477 0.7071067811865477 1.1102230246251565e-16 382.60913 ] 0 1.059713 1.0164661
( 3072 1280 192 ) ( 3073 1280 192 ) ( 3072 1279 192 ) trim_band_teal [ -0.7071067811865475 0.7071067811865476 -1.0824674490095276e-15 193.11206 ] [ 0.7071067811865477 0.7071067811865477 1.1102230246251565e-16 382.60913 ] 0 1.059713 1.0164661
( 3024 1440 160 ) ( 2816 1280 160 ) ( 2816 1280 288 ) 64_cyan_3 [ 0.7926239891046001 0.6097107608496924 0 48.2959 ] [ 0 0 -1 0 ] 0 1 1
( 2930 1442 160 ) ( 2978 1394 160 ) ( 2978 1394 288 ) trim_band_teal [ -0.7071067811865497 0.707106781186545 0 369.11267 ] [ 0 0 -1 -32 ] 0 1.059713 1
}
// brush 14
{
( 2956.8 1286.4 160 ) ( 2924.8 1350.4 160 ) ( 2924.8 1350.4 288 ) trim_band_teal [ 0.44721359549995743 -0.8944271909999155 0 283.80835 ] [ 0 0 -1 -32 ] 0 1.059713 1
( 3024 1440 160 ) ( 2816 1280 288 ) ( 2816 1280 160 ) 64_cyan_2 [ -0.7926239891046001 -0.6097107608496924 0 -48.2959 ] [ 0 0 -1 0 ] 0 1 1
( 2816 1536 128 ) ( 2816 1535 128 ) ( 2817 1536 128 ) trim_band_teal [ -0.447213595499958 0.894427190999916 -9.43689570931383e-16 220.93831 ] [ 0.8944271909999161 0.44721359549995804 5.551115123125783e-17 159.99902 ] 0 1.059713 1.0062304
( 3072 1280 192 ) ( 3073 1280 192 ) ( 3072 1279 192 ) trim_band_teal [ -0.447213595499958 0.894427190999916 -9.43689570931383e-16 220.93831 ] [ 0.8944271909999161 0.44721359549995804 5.551115123125783e-17 159.99902 ] 0 1.059713 1.0062304
( 3056 1376 160 ) ( 2816 1280 160 ) ( 2816 1280 288 ) 64_cyan_2 [ 0.9284766908852594 0.3713906763541036 0 38.29834 ] [ 0 0 -1 0 ] 0 1 1
( 3014.4 1315.2 160 ) ( 2982.4 1379.2 288 ) ( 2982.4 1379.2 160 ) trim_band_teal [ -0.44721359549996076 0.8944271909999142 0 416.76245 ] [ 0 0 -1 -32 ] 0 1.059713 1
}
// brush 15
{
( 2947.764705882353 1280.9411764705883 160 ) ( 2931.764705882353 1344.9411764705883 160 ) ( 2931.764705882353 1344.9411764705883 288 ) trim_band_teal [ 0.24253562503633236 -0.9701425001453314 0 433.76538 ] [ 0 0 -1 -32 ] 0 1.059713 1
( 3056 1376 160 ) ( 2816 1280 288 ) ( 2816 1280 160 ) 64_cyan_1 [ -0.9284766908852594 -0.3713906763541036 0 -38.29834 ] [ 0 0 -1 0 ] 0 1 1
( 2816 1536 128 ) ( 2816 1535 128 ) ( 2817 1536 128 ) trim_band_teal [ -0.24253562503633297 0.9701425001453319 -7.771561172376096e-16 44.374268 ] [ 0.970142500145332 0.242535625036333 -5.898059818321144e-17 191.02808 ] 0 1.059713 1.0004587
( 3072 1280 192 ) ( 3073 1280 192 ) ( 3072 1279 192 ) trim_band_teal [ -0.24253562503633297 0.9701425001453319 -7.771561172376096e-16 44.374268 ] [ 0.970142500145332 0.242535625036333 -5.898059818321144e-17 191.02808 ] 0 1.059713 1.0004587
( 3072 1312 160 ) ( 2816 1280 160 ) ( 2816 1280 288 ) 64_cyan_1 [ 0.9922778767136677 0.1240347345892083 0 42.686768 ] [ 0 0 -1 0 ] 0 1 1
( 3009.8823529411766 1296.4705882352941 160 ) ( 2993.8823529411766 1360.4705882352941 288 ) ( 2993.8823529411766 1360.4705882352941 160 ) trim_band_teal [ -0.24253562503633597 0.970142500145331 0 253.50195 ] [ 0 0 -1 -32 ] 0 1.059713 1
}
// brush 16
{
( 2944 1312 192 ) ( 2944 1248 192 ) ( 2944 1248 128 ) trim_band_teal [ -5.551115123125783e-16 -0.9999999999999993 0 120.071045 ] [ 0 0 -1 -32 ] 0 1.059713 1
( 2816 1280 128 ) ( 3072 1248 192 ) ( 3072 1248 128 ) 64_cyan_3 [ 0.9922778767136677 -0.12403473458920858 0 60.54077 ] [ 0 0 -1 0 ] 0 1 1
( 2816 1280 128 ) ( 3072 1312 192 ) ( 2816 1280 192 ) 64_cyan_3 [ -0.9922778767136677 -0.1240347345892083 0 -42.686768 ] [ 0 0 -1 0 ] 0 1 1
( 3072 1312 128 ) ( 2816 1280 128 ) ( 3072 1248 128 ) trim_band_teal [ 0 1 -6.938893903907229e-16 328.32263 ] [ 1.0000000000000002 0 0 -96 ] 0 1.059713 1
( 3072 1312 192 ) ( 3072 1248 192 ) ( 2816 1280 192 ) trim_band_teal [ 0 1 -6.938893903907229e-16 328.32263 ] [ 1.0000000000000002 0 0 -96 ] 0 1.059713 1
( 3008 1312 192 ) ( 3008 1248 128 ) ( 3008 1248 192 ) trim_band_teal [ -3.039235529911366e-15 0.9999999999999998 0 40.323242 ] [ 0 0 -1 -32 ] 0 1.059713 1
}
// brush 17
{
( 2931.7647058823513 1215.0588235294122 160 ) ( 2947.7647058823513 1279.0588235294122 160 ) ( 2947.7647058823513 1279.0588235294122 288 ) trim_band_teal [ -0.2425356250363334 -0.970142500145331 0 246.24854 ] [ 0 0 -1 -32 ] 0 1.059713 1
( 2816 1280 160 ) ( 3056 1184 288 ) ( 3056 1184 160 ) 64_cyan_2 [ 0.9284766908852594 -0.3713906763541039 0 56.52295 ] [ 0 0 -1 0 ] 0 1 1
( 3072 1280 128 ) ( 3071 1280 128 ) ( 3072 1279 128 ) trim_band_teal [ 0.242535625036333 0.970142500145332 -6.38378239159465e-16 172.39917 ] [ 0.970142500145332 -0.242535625036333 -5.898059818321144e-17 299.63696 ] 0 1.059713 1.0004597
( 2816 1024 192 ) ( 2816 1023 192 ) ( 2815 1024 192 ) trim_band_teal [ 0.242535625036333 0.970142500145332 -6.38378239159465e-16 172.39917 ] [ 0.970142500145332 -0.242535625036333 -5.898059818321144e-17 299.63696 ] 0 1.059713 1.0004597
( 3072 1248 160 ) ( 2816 1280 288 ) ( 2816 1280 160 ) 64_cyan_2 [ -0.9922778767136677 0.12403473458920858 0 -60.54077 ] [ 0 0 -1 0 ] 0 1 1
( 2993.8823529411766 1199.5294117647059 160 ) ( 3009.8823529411766 1263.5294117647059 288 ) ( 3009.8823529411766 1263.5294117647059 160 ) trim_band_teal [ 0.24253562503633003 0.9701425001453323 0 411.27258 ] [ 0 0 -1 -32 ] 0 1.059713 1
}
// brush 18
{
( 2956.8 1273.6 160 ) ( 2924.8 1209.6 288 ) ( 2924.8 1209.6 160 ) trim_band_teal [ -0.4472135954999583 -0.8944271909999149 0 213.29663 ] [ 0 0 -1 -32 ] 0 1.059713 1
( 3024 1120 160 ) ( 2816 1280 160 ) ( 2816 1280 288 ) 64_cyan_1 [ 0.7926239891046001 -0.6097107608496924 0 20.091309 ] [ 0 0 -1 0 ] 0 1 1
( 3072 1280 128 ) ( 3071 1280 128 ) ( 3072 1279 128 ) trim_band_teal [ 0.44721359549995804 0.8944271909999162 -4.440892098500626e-16 178.74414 ] [ 0.8944271909999161 -0.44721359549995804 5.551115123125783e-17 273.7771 ] 0 1.059713 1.0062304
( 2816 1024 192 ) ( 2816 1023 192 ) ( 2815 1024 192 ) trim_band_teal [ 0.44721359549995804 0.8944271909999162 -4.440892098500626e-16 178.74414 ] [ 0.8944271909999161 -0.44721359549995804 5.551115123125783e-17 273.7771 ] 0 1.059713 1.0062304
( 2816 1280 160 ) ( 3056 1184 160 ) ( 3056 1184 288 ) 64_cyan_1 [ -0.9284766908852594 0.3713906763541039 0 -56.52295 ] [ 0 0 -1 0 ] 0 1 1
( 3014.4 1244.8 160 ) ( 2982.4 1180.8 160 ) ( 2982.4 1180.8 288 ) trim_band_teal [ 0.4472135954999553 0.8944271909999169 0 430.92114 ] [ 0 0 -1 -32 ] 0 1.059713 1
}
// brush 19
{
( 2976 1072 160 ) ( 2816 1280 160 ) ( 2816 1280 288 ) 64_cyan_3 [ 0.6097107608496924 -0.7926239891046001 0 54.368286 ] [ 0 0 -1 0 ] 0 1 1
( 2932 1212 160 ) ( 2884 1164 288 ) ( 2884 1164 160 ) trim_band_teal [ -0.7071067811865477 -0.7071067811865464 0 205.30444 ] [ 0 0 -1 -32 ] 0 1.059713 1
( 3072 1280 128 ) ( 3071 1280 128 ) ( 3072 1279 128 ) trim_band_teal [ 0.7071067811865477 0.7071067811865478 -3.885780586188048e-16 147.08936 ] [ 0.7071067811865477 -0.7071067811865477 1.1102230246251565e-16 115.47827 ] 0 1.059713 1.0164659
( 2816 1024 192 ) ( 2816 1023 192 ) ( 2815 1024 192 ) trim_band_teal [ 0.7071067811865477 0.7071067811865478 -3.885780586188048e-16 147.08936 ] [ 0.7071067811865477 -0.7071067811865477 1.1102230246251565e-16 115.47827 ] 0 1.059713 1.0164659
( 3024 1120 160 ) ( 2816 1280 288 ) ( 2816 1280 160 ) 64_cyan_3 [ -0.7926239891046001 0.6097107608496924 0 -20.091309 ] [ 0 0 -1 0 ] 0 1 1
( 2978 1166 160 ) ( 2930 1118 160 ) ( 2930 1118 288 ) trim_band_teal [ 0.7071067811865454 0.7071067811865492 0 -92.91016 ] [ 0 0 -1 -32 ] 0 1.059713 1
}
// brush 20
{
( 2912 1040 160 ) ( 2816 1280 160 ) ( 2816 1280 288 ) 64_cyan_2 [ 0.37139067635410367 -0.9284766908852594 0 6.8827534 ] [ 0 0 -1 0 ] 0 1 1
( 2822.4 1139.2 160 ) ( 2886.4 1171.2 160 ) ( 2886.4 1171.2 288 ) trim_band_teal [ -0.8944271909999157 -0.44721359549995676 0 428.8042 ] [ 0 0 -1 -32 ] 0 1.059713 1
( 3072 1280 128 ) ( 3071 1280 128 ) ( 3072 1279 128 ) trim_band_teal [ 0.894427190999916 0.447213595499958 -2.498001805406602e-16 -116.05737 ] [ 0.44721359549995804 -0.8944271909999161 5.551115123125783e-17 46.22223 ] 0 1.059713 1.0062307
( 2816 1024 192 ) ( 2816 1023 192 ) ( 2815 1024 192 ) trim_band_teal [ 0.894427190999916 0.447213595499958 -2.498001805406602e-16 -116.05737 ] [ 0.44721359549995804 -0.8944271909999161 5.551115123125783e-17 46.22223 ] 0 1.059713 1.0062307
( 2851.2 1081.6 160 ) ( 2915.2 1113.6 288 ) ( 2915.2 1113.6 160 ) trim_band_teal [ 0.8944271909999144 0.44721359549996037 0 -336.2334 ] [ 0 0 -1 -32 ] 0 1.059713 1
( 2976 1072 160 ) ( 2816 1280 288 ) ( 2816 1280 160 ) 64_cyan_2 [ -0.6097107608496924 0.7926239891046001 0 -54.368286 ] [ 0 0 -1 0 ] 0 1 1
}
// brush 21
{
( 2848 1024 160 ) ( 2816 1280 160 ) ( 2816 1280 288 ) 64_cyan_1 [ 0.12403473458920836 -0.9922778767136677 0 12.539673 ] [ 0 0 -1 0 ] 0 1 1
( 2816.9411764705883 1148.235294117647 160 ) ( 2880.9411764705883 1164.235294117647 160 ) ( 2880.9411764705883 1164.235294117647 288 ) trim_band_teal [ -0.9701425001453314 -0.2425356250363316 0 409.386 ] [ 0 0 -1 -32 ] 0 1.059713 1
( 3072 1280 128 ) ( 3071 1280 128 ) ( 3072 1279 128 ) trim_band_teal [ 0.970142500145332 0.242535625036333 -8.326672684688674e-17 -123.24585 ] [ 0.242535625036333 -0.970142500145332 -5.551115123125783e-17 206.54535 ] 0 1.059713 1.0004597
( 2816 1024 192 ) ( 2816 1023 192 ) ( 2815 1024 192 ) trim_band_teal [ 0.970142500145332 0.242535625036333 -8.326672684688674e-17 -123.24585 ] [ 0.242535625036333 -0.970142500145332 -5.551115123125783e-17 206.54535 ] 0 1.059713 1.0004597
( 2832.470588235294 1086.1176470588236 160 ) ( 2896.470588235294 1102.1176470588236 288 ) ( 2896.470588235294 1102.1176470588236 160 ) trim_band_teal [ 0.970142500145331 0.24253562503633552 0 -330.11865 ] [ 0 0 -1 -32 ] 0 1.059713 1
( 2912 1040 160 ) ( 2816 1280 288 ) ( 2816 1280 160 ) 64_cyan_1 [ -0.37139067635410367 0.9284766908852594 0 -6.8827534 ] [ 0 0 -1 0 ] 0 1 1
}
// brush 22
{
( 2784 1024 128 ) ( 2816 1280 192 ) ( 2784 1024 192 ) 64_cyan_3 [ -0.12403473458920852 -0.9922778767136677 0 -36.571777 ] [ 0 0 -1 0 ] 0 1 1
( 2848 1088 192 ) ( 2784 1088 128 ) ( 2784 1088 192 ) trim_band_teal [ 0.9999999999999998 2.5951463200613034e-15 0 -161.12622 ] [ 0 0 -1 -32 ] 0 1.059713 1
( 2848 1024 128 ) ( 2816 1280 128 ) ( 2784 1024 128 ) trim_band_teal [ 1.0000000000000002 0 0 30.873535 ] [ 0 -1.0000000000000002 0 -96 ] 0 1.059713 1
( 2848 1024 192 ) ( 2784 1024 192 ) ( 2816 1280 192 ) trim_band_teal [ 1.0000000000000002 0 0 30.873535 ] [ 0 -1.0000000000000002 0 -96 ] 0 1.059713 1
( 2848 1152 192 ) ( 2784 1152 192 ) ( 2784 1152 128 ) trim_band_teal [ -0.9999999999999998 -1.3183898417423734e-15 0 -30.47998 ] [ 0 0 -1 -32 ] 0 1.059713 1
( 2816 1280 128 ) ( 2848 1024 192 ) ( 2816 1280 192 ) 64_cyan_3 [ -0.12403473458920836 0.9922778767136677 0 -12.539673 ] [ 0 0 -1 0 ] 0 1 1
}
// brush 23
{
( 2624 1248 192 ) ( 2624 1312 128 ) ( 2624 1312 192 ) trim_band_teal [ 2.0122792321330962e-15 -1 0 -167.92908 ] [ 0 0 -1 -32 ] 0 1.059713 1
( 2816 1280 128 ) ( 2560 1312 128 ) ( 2560 1248 128 ) trim_band_teal [ 0 -1.0000000000000002 -2.0122792321330966e-15 -71.92932 ] [ -1.0000000000000002 0 0 -96 ] 0 1.059713 1
( 2816 1280 192 ) ( 2560 1248 192 ) ( 2560 1312 192 ) trim_band_teal [ 0 -1.0000000000000002 -2.0122792321330966e-15 -71.92932 ] [ -1.0000000000000002 0 0 -96 ] 0 1.059713 1
( 2816 1280 192 ) ( 2560 1248 128 ) ( 2560 1248 192 ) 64_cyan_3 [ 0.9922778767136677 0.12403473458920841 0 3.2749023 ] [ 0 0 -1 0 ] 0 1 1
( 2816 1280 192 ) ( 2560 1312 128 ) ( 2816 1280 128 ) 64_cyan_3 [ -0.9922778767136677 0.12403473458920869 0 -44.479492 ] [ 0 0 -1 0 ] 0 1 1
( 2688 1248 192 ) ( 2688 1312 192 ) ( 2688 1312 128 ) trim_band_teal [ -7.632783294297951e-16 0.9999999999999996 0 -119.67749 ] [ 0 0 -1 -32 ] 0 1.059713 1
}
}
