// entity 0
{
"classname" "func_detail"
"_phong" "1"
// brush 0
{
( 2848 1024 96 ) ( 2816 1280 96 ) ( 2816 1280 224 ) 64_cyan_1 [ 0.12403473458920836 -0.9922778767136677 0 12.539673 ] [ 0 0 -1 0 ] 0 1 1
( 2832.470588235294 1086.1176470588236 96 ) ( 2896.470588235294 1102.1176470588236 96 ) ( 2896.470588235294 1102.1176470588236 224 ) trim_band_teal [ -0.9701425001453314 -0.2425356250363316 0 266.51343 ] [ 0 0 -1 -96 ] 0 1.059713 1
( 3072 1280 64 ) ( 3071 1280 64 ) ( 3072 1279 64 ) trim_band_teal [ 0.970142500145332 0.242535625036333 -8.326672684688674e-17 -123.24585 ] [ 0.242535625036333 -0.970142500145332 -5.551115123125783e-17 142.54535 ] 0 1.059713 1.0004597
( 2816 1024 128 ) ( 2816 1023 128 ) ( 2815 1024 128 ) trim_band_teal [ 0.970142500145332 0.242535625036333 -8.326672684688674e-17 -123.24585 ] [ 0.242535625036333 -0.970142500145332 -5.551115123125783e-17 142.54535 ] 0 1.059713 1.0004597
( 2848 1024 96 ) ( 2912 1040 224 ) ( 2912 1040 96 ) trim_band_teal [ 0.9701425001453319 0.24253562503633305 0 -123.24585 ] [ 0 0 -1 -96 ] 0 1.059713 1
( 2912 1040 96 ) ( 2816 1280 224 ) ( 2816 1280 96 ) 64_cyan_1 [ -0.37139067635410367 0.9284766908852594 0 -6.8827515 ] [ 0 0 -1 0 ] 0 1 1
}
// brush 1
{
( 2784 1024 64 ) ( 2816 1280 128 ) ( 2784 1024 128 ) 64_cyan_3 [ -0.12403473458920852 -0.9922778767136677 0 -36.571777 ] [ 0 0 -1 0 ] 0 1 1
( 2848 1024 128 ) ( 2784 1024 64 ) ( 2784 1024 128 ) trim_band_teal [ 1 0 0 30.873535 ] [ 0 0 -1 -96 ] 0 1.059713 1
( 2848 1024 64 ) ( 2816 1280 64 ) ( 2784 1024 64 ) trim_band_teal [ 1.0000000000000002 0 0 30.873535 ] [ 0 -1.0000000000000002 0 -160 ] 0 1.059713 1
( 2848 1024 128 ) ( 2784 1024 128 ) ( 2816 1280 128 ) trim_band_teal [ 1.0000000000000002 0 0 30.873535 ] [ 0 -1.0000000000000002 0 -160 ] 0 1.059713 1
( 2848 1088 128 ) ( 2784 1088 128 ) ( 2784 1088 64 ) trim_band_teal [ -0.9999999999999997 -1.2628786905111156e-15 0 -30.47998 ] [ 0 0 -1 -96 ] 0 1.059713 1
( 2816 1280 64 ) ( 2848 1024 128 ) ( 2816 1280 128 ) 64_cyan_3 [ -0.12403473458920836 0.9922778767136677 0 -12.539673 ] [ 0 0 -1 0 ] 0 1 1
}
// brush 2
{
( 2816 1280 96 ) ( 2720 1040 224 ) ( 2720 1040 96 ) 64_cyan_2 [ -0.37139067635410383 -0.9284766908852594 0 -49.98047 ] [ 0 0 -1 0 ] 0 1 1
( 2720 1040 96 ) ( 2784 1024 224 ) ( 2784 1024 96 ) trim_band_teal [ 0.9701425001453319 -0.24253562503633305 0 -168.32495 ] [ 0 0 -1 -96 ] 0 1.059713 1
( 2816 1024 64 ) ( 2816 1025 64 ) ( 2815 1024 64 ) trim_band_teal [ 0.970142500145332 -0.242535625036333 8.326672684688674e-17 -168.32495 ] [ -0.242535625036333 -0.970142500145332 -5.551115123125783e-17 -28.119873 ] 0 1.059713 1.0004587
( 2560 1280 128 ) ( 2559 1280 128 ) ( 2560 1281 128 ) trim_band_teal [ 0.970142500145332 -0.242535625036333 8.326672684688674e-17 -168.32495 ] [ -0.242535625036333 -0.970142500145332 -5.551115123125783e-17 -28.119873 ] 0 1.059713 1.0004587
( 2735.529411764706 1102.1176470588236 96 ) ( 2799.529411764706 1086.1176470588236 96 ) ( 2799.529411764706 1086.1176470588236 224 ) trim_band_teal [ -0.9701425001453319 0.24253562503633172 0 -358.1543 ] [ 0 0 -1 -96 ] 0 1.059713 1
( 2784 1024 96 ) ( 2816 1280 224 ) ( 2816 1280 96 ) 64_cyan_2 [ 0.12403473458920852 0.9922778767136677 0 36.571777 ] [ 0 0 -1 0 ] 0 1 1
}
// brush 3
{
( 2656 1072 96 ) ( 2816 1280 96 ) ( 2816 1280 224 ) 64_cyan_1 [ -0.6097107608496924 -0.7926239891046001 0 -20.804932 ] [ 0 0 -1 0 ] 0 1 1
( 2752 1024 96 ) ( 2688 1056 96 ) ( 2688 1056 224 ) trim_band_teal [ 0.8944271909999169 -0.44721359549995576 0 226.88635 ] [ 0 0 -1 -96 ] 0 1.059713 1
( 2816 1024 64 ) ( 2816 1025 64 ) ( 2815 1024 64 ) trim_band_teal [ 0.8944271909999161 -0.4472135954999581 -2.3869795029440866e-15 226.88635 ] [ -0.44721359549995804 -0.8944271909999161 5.551115123125783e-17 -74.666016 ] 0 1.059713 1.0062304
( 2560 1280 128 ) ( 2559 1280 128 ) ( 2560 1281 128 ) trim_band_teal [ 0.8944271909999161 -0.4472135954999581 -2.3869795029440866e-15 226.88635 ] [ -0.44721359549995804 -0.8944271909999161 5.551115123125783e-17 -74.666016 ] 0 1.059713 1.0062304
( 2780.8 1081.6 96 ) ( 2716.8 1113.6 224 ) ( 2716.8 1113.6 96 ) trim_band_teal [ -0.894427190999916 0.4472135954999568 0 -254.66919 ] [ 0 0 -1 -96 ] 0 1.059713 1
( 2816 1280 96 ) ( 2720 1040 96 ) ( 2720 1040 224 ) 64_cyan_1 [ 0.37139067635410383 0.9284766908852594 0 49.98047 ] [ 0 0 -1 0 ] 0 1 1
}
// brush 4
{
( 2656 1072 96 ) ( 2608 1120 96 ) ( 2608 1120 224 ) trim_band_teal [ 0.7071067811865491 -0.7071067811865458 0 -64.71863 ] [ 0 0 -1 -96 ] 0 1.059713 1
( 2608 1120 96 ) ( 2816 1280 96 ) ( 2816 1280 224 ) 64_cyan_3 [ -0.7926239891046001 -0.6097107608496924 0 -6.7858887 ] [ 0 0 -1 0 ] 0 1 1
( 2816 1024 64 ) ( 2816 1025 64 ) ( 2815 1024 64 ) trim_band_teal [ 0.7071067811865477 -0.7071067811865477 -2.3592239273284576e-15 -64.71863 ] [ -0.7071067811865477 -0.7071067811865477 1.1102230246251565e-16 -126.60669 ] 0 1.059713 1.0164652
( 2560 1280 128 ) ( 2559 1280 128 ) ( 2560 1281 128 ) trim_band_teal [ 0.7071067811865477 -0.7071067811865477 -2.3592239273284576e-15 -64.71863 ] [ -0.7071067811865477 -0.7071067811865477 1.1102230246251565e-16 -126.60669 ] 0 1.059713 1.0164652
( 2702 1118 96 ) ( 2654 1166 224 ) ( 2654 1166 96 ) trim_band_teal [ -0.7071067811865479 0.7071067811865466 0 -494.88782 ] [ 0 0 -1 -96 ] 0 1.059713 1
( 2656 1072 96 ) ( 2816 1280 224 ) ( 2816 1280 96 ) 64_cyan_3 [ 0.6097107608496924 0.7926239891046001 0 20.804932 ] [ 0 0 -1 0 ] 0 1 1
}
// brush 5
{
( 2560 1216 96 ) ( 2592 1152 224 ) ( 2592 1152 96 ) trim_band_teal [ 0.44721359549996 -0.8944271909999149 0 -251.13313 ] [ 0 0 -1 -96 ] 0 1.059713 1
( 2576 1184 96 ) ( 2816 1280 96 ) ( 2816 1280 224 ) 64_cyan_2 [ -0.9284766908852594 -0.3713906763541037 0 -53.760986 ] [ 0 0 -1 0 ] 0 1 1
( 2816 1024 64 ) ( 2816 1025 64 ) ( 2815 1024 64 ) trim_band_teal [ 0.4472135954999581 -0.8944271909999162 -2.248201624865942e-15 -251.13307 ] [ -0.8944271909999161 -0.44721359549995804 5.551115123125783e-17 95.99805 ] 0 1.059713 1.0062313
( 2560 1280 128 ) ( 2559 1280 128 ) ( 2560 1281 128 ) trim_band_teal [ 0.4472135954999581 -0.8944271909999162 -2.248201624865942e-15 -251.13307 ] [ -0.8944271909999161 -0.44721359549995804 5.551115123125783e-17 95.99805 ] 0 1.059713 1.0062313
( 2608 1120 96 ) ( 2816 1280 224 ) ( 2816 1280 96 ) 64_cyan_2 [ 0.7926239891046001 0.6097107608496924 0 6.7858887 ] [ 0 0 -1 0 ] 0 1 1
( 2617.6 1244.8 96 ) ( 2649.6 1180.8 96 ) ( 2649.6 1180.8 224 ) trim_band_teal [ -0.44721359549995865 0.8944271909999151 0 -328.29688 ] [ 0 0 -1 -96 ] 0 1.059713 1
}
// brush 6
{
( 2560 1248 96 ) ( 2576 1184 224 ) ( 2576 1184 96 ) trim_band_teal [ 0.24253562503633502 -0.9701425001453314 0 -180.99664 ] [ 0 0 -1 -96 ] 0 1.059713 1
( 2560 1248 96 ) ( 2816 1280 96 ) ( 2816 1280 224 ) 64_cyan_1 [ -0.9922778767136677 -0.12403473458920841 0 -3.2749023 ] [ 0 0 -1 0 ] 0 1 1
( 2816 1024 64 ) ( 2816 1025 64 ) ( 2815 1024 64 ) trim_band_teal [ 0.242535625036333 -0.970142500145332 -2.095545958979983e-15 -180.99664 ] [ -0.970142500145332 -0.242535625036333 -5.898059818321144e-17 64.96924 ] 0 1.059713 1.0004597
( 2560 1280 128 ) ( 2559 1280 128 ) ( 2560 1281 128 ) trim_band_teal [ 0.242535625036333 -0.970142500145332 -2.095545958979983e-15 -180.99664 ] [ -0.970142500145332 -0.242535625036333 -5.898059818321144e-17 64.96924 ] 0 1.059713 1.0004597
( 2576 1184 96 ) ( 2816 1280 224 ) ( 2816 1280 96 ) 64_cyan_1 [ 0.9284766908852594 0.3713906763541037 0 53.760986 ] [ 0 0 -1 0 ] 0 1 1
( 2622.1176470588234 1263.5294117647059 96 ) ( 2638.1176470588234 1199.5294117647059 96 ) ( 2638.1176470588234 1199.5294117647059 224 ) trim_band_teal [ -0.24253562503633366 0.9701425001453312 0 -411.73657 ] [ 0 0 -1 -96 ] 0 1.059713 1
}
// brush 7
{
( 2560 1248 128 ) ( 2560 1312 64 ) ( 2560 1312 128 ) trim_band_teal [ 2.0122792321330962e-15 -1 0 -71.92932 ] [ 0 0 -1 -96 ] 0 1.059713 1
( 2816 1280 64 ) ( 2560 1312 64 ) ( 2560 1248 64 ) trim_band_teal [ 0 -1.0000000000000002 -2.0122792321330966e-15 -71.92932 ] [ -1.0000000000000002 0 0 -160 ] 0 1.059713 1
( 2816 1280 128 ) ( 2560 1248 128 ) ( 2560 1312 128 ) trim_band_teal [ 0 -1.0000000000000002 -2.0122792321330966e-15 -71.92932 ] [ -1.0000000000000002 0 0 -160 ] 0 1.059713 1
( 2816 1280 128 ) ( 2560 1248 64 ) ( 2560 1248 128 ) 64_cyan_3 [ 0.9922778767136677 0.12403473458920841 0 3.2749023 ] [ 0 0 -1 0 ] 0 1 1
( 2816 1280 128 ) ( 2560 1312 64 ) ( 2816 1280 64 ) 64_cyan_3 [ -0.9922778767136677 0.12403473458920869 0 -44.479492 ] [ 0 0 -1 0 ] 0 1 1
( 2624 1248 128 ) ( 2624 1312 128 ) ( 2624 1312 64 ) trim_band_teal [ -7.632783294297951e-16 0.9999999999999996 0 -23.677124 ] [ 0 0 -1 -96 ] 0 1.059713 1
}
// brush 8
{
( 2576 1376 96 ) ( 2560 1312 224 ) ( 2560 1312 96 ) trim_band_teal [ -0.24253562503633108 -0.9701425001453323 0 -34.98987 ] [ 0 0 -1 -96 ] 0 1.059713 1
( 2560 1312 96 ) ( 2816 1280 224 ) ( 2816 1280 96 ) 64_cyan_2 [ 0.9922778767136677 -0.12403473458920869 0 44.479492 ] [ 0 0 -1 0 ] 0 1 1
( 2560 1280 64 ) ( 2561 1280 64 ) ( 2560 1281 64 ) trim_band_teal [ -0.242535625036333 -0.970142500145332 -1.9567680809018384e-15 -34.98987 ] [ -0.970142500145332 0.242535625036333 -5.898059818321144e-17 -43.636963 ] 0 1.059713 1.0004597
( 2816 1536 128 ) ( 2816 1537 128 ) ( 2817 1536 128 ) trim_band_teal [ -0.242535625036333 -0.970142500145332 -1.9567680809018384e-15 -34.98987 ] [ -0.970142500145332 0.242535625036333 -5.898059818321144e-17 -43.636963 ] 0 1.059713 1.0004597
( 2816 1280 96 ) ( 2576 1376 224 ) ( 2576 1376 96 ) 64_cyan_2 [ -0.9284766908852594 0.371390676354104 0 -17.056152 ] [ 0 0 -1 0 ] 0 1 1
( 2638.1176470588234 1360.4705882352941 96 ) ( 2622.1176470588234 1296.4705882352941 96 ) ( 2622.1176470588234 1296.4705882352941 224 ) trim_band_teal [ 0.2425356250363322 0.9701425001453317 0 -75.4895 ] [ 0 0 -1 -96 ] 0 1.059713 1
}
// brush 9
{
( 2560 1344 96 ) ( 2592 1408 96 ) ( 2592 1408 224 ) trim_band_teal [ -0.4472135954999564 -0.8944271909999166 0 -147.76294 ] [ 0 0 -1 -96 ] 0 1.059713 1
( 2816 1280 96 ) ( 2576 1376 96 ) ( 2576 1376 224 ) 64_cyan_1 [ 0.9284766908852594 -0.371390676354104 0 17.056152 ] [ 0 0 -1 0 ] 0 1 1
( 2560 1280 64 ) ( 2561 1280 64 ) ( 2560 1281 64 ) trim_band_teal [ -0.447213595499958 -0.8944271909999161 -1.7486012637846216e-15 -147.76294 ] [ -0.8944271909999161 0.44721359549995804 5.551115123125783e-17 -17.778198 ] 0 1.059713 1.0062308
( 2816 1536 128 ) ( 2816 1537 128 ) ( 2817 1536 128 ) trim_band_teal [ -0.447213595499958 -0.8944271909999161 -1.7486012637846216e-15 -147.76294 ] [ -0.8944271909999161 0.44721359549995804 5.551115123125783e-17 -17.778198 ] 0 1.059713 1.0062308
( 2608 1440 96 ) ( 2816 1280 96 ) ( 2816 1280 224 ) 64_cyan_1 [ -0.7926239891046001 0.6097107608496924 0 -20.70996 ] [ 0 0 -1 0 ] 0 1 1
( 2617.6 1315.2 96 ) ( 2649.6 1379.2 224 ) ( 2649.6 1379.2 96 ) trim_band_teal [ 0.4472135954999572 0.8944271909999157 0 -488.02014 ] [ 0 0 -1 -96 ] 0 1.059713 1
}
// brush 10
{
( 2608 1440 96 ) ( 2656 1488 96 ) ( 2656 1488 224 ) trim_band_teal [ -0.7071067811865462 -0.7071067811865487 0 237.30396 ] [ 0 0 -1 -96 ] 0 1.059713 1
( 2608 1440 96 ) ( 2816 1280 224 ) ( 2816 1280 96 ) 64_cyan_3 [ 0.7926239891046001 -0.6097107608496924 0 20.70996 ] [ 0 0 -1 0 ] 0 1 1
( 2560 1280 64 ) ( 2561 1280 64 ) ( 2560 1281 64 ) trim_band_teal [ -0.7071067811865477 -0.7071067811865476 -1.7486012637846216e-15 237.30396 ] [ -0.7071067811865477 0.7071067811865477 1.1102230246251565e-16 140.52191 ] 0 1.059713 1.0164659
( 2816 1536 128 ) ( 2816 1537 128 ) ( 2817 1536 128 ) trim_band_teal [ -0.7071067811865477 -0.7071067811865476 -1.7486012637846216e-15 237.30396 ] [ -0.7071067811865477 0.7071067811865477 1.1102230246251565e-16 140.52191 ] 0 1.059713 1.0164659
( 2654 1394 96 ) ( 2702 1442 224 ) ( 2702 1442 96 ) trim_band_teal [ 0.7071067811865468 0.7071067811865476 0 -380.9104 ] [ 0 0 -1 -96 ] 0 1.059713 1
( 2656 1488 96 ) ( 2816 1280 96 ) ( 2816 1280 224 ) 64_cyan_3 [ -0.6097107608496924 0.7926239891046001 0 -12.858093 ] [ 0 0 -1 0 ] 0 1 1
}
// brush 11
{
( 2656 1488 96 ) ( 2816 1280 224 ) ( 2816 1280 96 ) 64_cyan_2 [ 0.6097107608496924 -0.7926239891046001 0 12.858093 ] [ 0 0 -1 0 ] 0 1 1
( 2752 1536 96 ) ( 2688 1504 224 ) ( 2688 1504 96 ) trim_band_teal [ -0.8944271909999151 -0.4472135954999593 0 -170.13745 ] [ 0 0 -1 -96 ] 0 1.059713 1
( 2560 1280 64 ) ( 2561 1280 64 ) ( 2560 1281 64 ) trim_band_teal [ -0.8944271909999161 -0.44721359549995804 -1.582067810090848e-15 -170.13745 ] [ -0.44721359549995804 0.8944271909999161 5.551115123125783e-17 209.77792 ] 0 1.059713 1.0062308
( 2816 1536 128 ) ( 2816 1537 128 ) ( 2817 1536 128 ) trim_band_teal [ -0.8944271909999161 -0.44721359549995804 -1.582067810090848e-15 -170.13745 ] [ -0.44721359549995804 0.8944271909999161 5.551115123125783e-17 209.77792 ] 0 1.059713 1.0062308
( 2780.7999999999997 1478.3999999999999 96 ) ( 2716.7999999999997 1446.3999999999999 96 ) ( 2716.7999999999997 1446.3999999999999 224 ) trim_band_teal [ 0.8944271909999153 0.4472135954999582 0 -505.29248 ] [ 0 0 -1 -96 ] 0 1.059713 1
( 2720 1520 96 ) ( 2816 1280 96 ) ( 2816 1280 224 ) 64_cyan_2 [ -0.37139067635410355 0.9284766908852594 0 -22.345276 ] [ 0 0 -1 0 ] 0 1 1
}
// brush 12
{
( 2720 1520 96 ) ( 2816 1280 224 ) ( 2816 1280 96 ) 64_cyan_1 [ 0.37139067635410355 -0.9284766908852594 0 22.345276 ] [ 0 0 -1 0 ] 0 1 1
( 2784 1536 96 ) ( 2720 1520 224 ) ( 2720 1520 96 ) trim_band_teal [ -0.9701425001453314 -0.2425356250363343 0 242.62329 ] [ 0 0 -1 -96 ] 0 1.059713 1
( 2560 1280 64 ) ( 2561 1280 64 ) ( 2560 1281 64 ) trim_band_teal [ -0.9701425001453319 -0.24253562503633294 -1.4155343563970746e-15 242.62354 ] [ -0.242535625036333 0.970142500145332 -5.551115123125783e-17 49.08026 ] 0 1.059713 1
( 2816 1536 128 ) ( 2816 1537 128 ) ( 2817 1536 128 ) trim_band_teal [ -0.9701425001453319 -0.24253562503633294 -1.4155343563970746e-15 242.62354 ] [ -0.242535625036333 0.970142500145332 -5.551115123125783e-17 49.08026 ] 0 1.059713 1
( 2799.529411764706 1473.8823529411764 96 ) ( 2735.529411764706 1457.8823529411764 96 ) ( 2735.529411764706 1457.8823529411764 224 ) trim_band_teal [ 0.9701425001453314 0.24253562503633314 0 -419.35693 ] [ 0 0 -1 -96 ] 0 1.059713 1
( 2784 1536 96 ) ( 2816 1280 96 ) ( 2816 1280 224 ) 64_cyan_1 [ -0.12403473458920825 0.9922778767136677 0 26.871704 ] [ 0 0 -1 0 ] 0 1 1
}
// brush 13
{
( 2784 1536 64 ) ( 2816 1280 128 ) ( 2816 1280 64 ) 64_cyan_3 [ 0.12403473458920825 -0.9922778767136677 0 -26.871704 ] [ 0 0 -1 0 ] 0 1 1
( 2848 1472 128 ) ( 2848 1472 64 ) ( 2784 1472 64 ) trim_band_teal [ 0.9999999999999996 1.942890293094024e-16 0 -161.12622 ] [ 0 0 -1 -96 ] 0 1.059713 1
( 2848 1536 64 ) ( 2784 1536 64 ) ( 2816 1280 64 ) trim_band_teal [ -1 0 -1.3183898417423736e-15 -30.47998 ] [ 0 1.0000000000000002 0 352.00012 ] 0 1.059713 1
( 2848 1536 128 ) ( 2816 1280 128 ) ( 2784 1536 128 ) trim_band_teal [ -1 0 -1.3183898417423736e-15 -30.47998 ] [ 0 1.0000000000000002 0 352.00012 ] 0 1.059713 1
( 2848 1536 128 ) ( 2784 1536 64 ) ( 2848 1536 64 ) trim_band_teal [ -0.9999999999999998 -1.3183898417423734e-15 0 -30.47998 ] [ 0 0 -1 -96 ] 0 1.059713 1
( 2848 1536 128 ) ( 2816 1280 64 ) ( 2816 1280 128 ) 64_cyan_3 [ 0.12403473458920863 0.9922778767136677 0 52.632935 ] [ 0 0 -1 0 ] 0 1 1
}
// brush 14
{
( 2848 1536 96 ) ( 2816 1280 224 ) ( 2816 1280 96 ) 64_cyan_2 [ -0.12403473458920863 -0.9922778767136677 0 -52.632935 ] [ 0 0 -1 0 ] 0 1 1
( 2896.470588235294 1457.8823529411766 96 ) ( 2832.470588235294 1473.8823529411766 96 ) ( 2832.470588235294 1473.8823529411766 224 ) trim_band_teal [ 0.9701425001453314 -0.24253562503633275 0 255.78638 ] [ 0 0 -1 -96 ] 0 1.059713 1
( 2816 1536 64 ) ( 2816 1535 64 ) ( 2817 1536 64 ) trim_band_teal [ -0.9701425001453318 0.24253562503633294 -1.2212453270876722e-15 -462.26562 ] [ 0.242535625036333 0.970142500145332 -5.551115123125783e-17 -292.88037 ] 0 1.059713 1
( 3072 1280 128 ) ( 3073 1280 128 ) ( 3072 1279 128 ) trim_band_teal [ -0.9701425001453318 0.24253562503633294 -1.2212453270876722e-15 -462.26562 ] [ 0.242535625036333 0.970142500145332 -5.551115123125783e-17 -292.88037 ] 0 1.059713 1
( 2912 1520 96 ) ( 2848 1536 224 ) ( 2848 1536 96 ) trim_band_teal [ -0.9701425001453319 0.24253562503633172 0 -462.26562 ] [ 0 0 -1 -96 ] 0 1.059713 1
( 2816 1280 96 ) ( 2912 1520 224 ) ( 2912 1520 96 ) 64_cyan_2 [ 0.37139067635410394 0.9284766908852594 0 25.447266 ] [ 0 0 -1 0 ] 0 1 1
}
// brush 15
{
( 2816 1280 96 ) ( 2912 1520 96 ) ( 2912 1520 224 ) 64_cyan_1 [ -0.37139067635410394 -0.9284766908852594 0 -25.447266 ] [ 0 0 -1 0 ] 0 1 1
( 2851.2000000000003 1478.3999999999999 96 ) ( 2915.2000000000003 1446.3999999999999 224 ) ( 2915.2000000000003 1446.3999999999999 96 ) trim_band_teal [ 0.8944271909999153 -0.44721359549995776 0 232.1222 ] [ 0 0 -1 -96 ] 0 1.059713 1
( 2816 1536 64 ) ( 2816 1535 64 ) ( 2817 1536 64 ) trim_band_teal [ -0.894427190999916 0.44721359549995804 -1.0824674490095276e-15 60.095337 ] [ 0.44721359549995804 0.8944271909999161 5.551115123125783e-17 266.66626 ] 0 1.059713 1.0062304
( 3072 1280 128 ) ( 3073 1280 128 ) ( 3072 1279 128 ) trim_band_teal [ -0.894427190999916 0.44721359549995804 -1.0824674490095276e-15 60.095337 ] [ 0.44721359549995804 0.8944271909999161 5.551115123125783e-17 266.66626 ] 0 1.059713 1.0062304
( 2880 1536 96 ) ( 2944 1504 96 ) ( 2944 1504 224 ) trim_band_teal [ -0.8944271909999162 0.4472135954999569 0 60.095337 ] [ 0 0 -1 -96 ] 0 1.059713 1
( 2976 1488 96 ) ( 2816 1280 96 ) ( 2816 1280 224 ) 64_cyan_1 [ 0.6097107608496924 0.7926239891046001 0 20.186768 ] [ 0 0 -1 0 ] 0 1 1
}
// brush 16
{
( 2976 1488 96 ) ( 2816 1280 224 ) ( 2816 1280 96 ) 64_cyan_3 [ -0.6097107608496924 -0.7926239891046001 0 -20.186768 ] [ 0 0 -1 0 ] 0 1 1
( 2930 1442 96 ) ( 2978 1394 224 ) ( 2978 1394 96 ) trim_band_teal [ 0.7071067811865469 -0.7071067811865472 0 79.28198 ] [ 0 0 -1 -96 ] 0 1.059713 1
( 2816 1536 64 ) ( 2816 1535 64 ) ( 2817 1536 64 ) trim_band_teal [ -0.7071067811865475 0.7071067811865476 -1.0824674490095276e-15 193.11206 ] [ 0.7071067811865477 0.7071067811865477 1.1102230246251565e-16 318.60913 ] 0 1.059713 1.0164661
( 3072 1280 128 ) ( 3073 1280 128 ) ( 3072 1279 128 ) trim_band_teal [ -0.7071067811865475 0.7071067811865476 -1.0824674490095276e-15 193.11206 ] [ 0.7071067811865477 0.7071067811865477 1.1102230246251565e-16 318.60913 ] 0 1.059713 1.0164661
( 3024 1440 96 ) ( 2816 1280 96 ) ( 2816 1280 224 ) 64_cyan_3 [ 0.7926239891046001 0.6097107608496924 0 48.2959 ] [ 0 0 -1 0 ] 0 1 1
( 2976 1488 96 ) ( 3024 1440 96 ) ( 3024 1440 224 ) trim_band_teal [ -0.7071067811865481 0.7071067811865466 0 193.11206 ] [ 0 0 -1 -96 ] 0 1.059713 1
}
// brush 17
{
( 3014.4 1315.2 96 ) ( 2982.4 1379.2 96 ) ( 2982.4 1379.2 224 ) trim_band_teal [ 0.44721359549995743 -0.8944271909999155 0 31.63221 ] [ 0 0 -1 -96 ] 0 1.059713 1
( 3024 1440 96 ) ( 2816 1280 224 ) ( 2816 1280 96 ) 64_cyan_2 [ -0.7926239891046001 -0.6097107608496924 0 -48.2959 ] [ 0 0 -1 0 ] 0 1 1
( 2816 1536 64 ) ( 2816 1535 64 ) ( 2817 1536 64 ) trim_band_teal [ -0.447213595499958 0.894427190999916 -9.43689570931383e-16 220.93831 ] [ 0.8944271909999161 0.44721359549995804 5.551115123125783e-17 95.99902 ] 0 1.059713 1.0062304
( 3072 1280 128 ) ( 3073 1280 128 ) ( 3072 1279 128 ) trim_band_teal [ -0.447213595499958 0.894427190999916 -9.43689570931383e-16 220.93831 ] [ 0.8944271909999161 0.44721359549995804 5.551115123125783e-17 95.99902 ] 0 1.059713 1.0062304
( 3056 1376 96 ) ( 2816 1280 96 ) ( 2816 1280 224 ) 64_cyan_2 [ 0.9284766908852594 0.3713906763541036 0 38.29834 ] [ 0 0 -1 0 ] 0 1 1
( 3072 1344 96 ) ( 3040 1408 224 ) ( 3040 1408 96 ) trim_band_teal [ -0.4472135954999587 0.8944271909999153 0 220.9382 ] [ 0 0 -1 -96 ] 0 1.059713 1
}
// brush 18
{
( 3009.8823529411766 1296.4705882352941 96 ) ( 2993.8823529411766 1360.4705882352941 96 ) ( 2993.8823529411766 1360.4705882352941 224 ) trim_band_teal [ 0.24253562503633236 -0.9701425001453314 0 194.8927 ] [ 0 0 -1 -96 ] 0 1.059713 1
( 3056 1376 96 ) ( 2816 1280 224 ) ( 2816 1280 96 ) 64_cyan_1 [ -0.9284766908852594 -0.3713906763541036 0 -38.29834 ] [ 0 0 -1 0 ] 0 1 1
( 2816 1536 64 ) ( 2816 1535 64 ) ( 2817 1536 64 ) trim_band_teal [ -0.24253562503633297 0.9701425001453319 -7.771561172376096e-16 44.374268 ] [ 0.970142500145332 0.242535625036333 -5.898059818321144e-17 127.028076 ] 0 1.059713 1.0004587
( 3072 1280 128 ) ( 3073 1280 128 ) ( 3072 1279 128 ) trim_band_teal [ -0.24253562503633297 0.9701425001453319 -7.771561172376096e-16 44.374268 ] [ 0.970142500145332 0.242535625036333 -5.898059818321144e-17 127.028076 ] 0 1.059713 1.0004587
( 3072 1312 96 ) ( 2816 1280 96 ) ( 2816 1280 224 ) 64_cyan_1 [ 0.9922778767136677 0.1240347345892083 0 42.686768 ] [ 0 0 -1 0 ] 0 1 1
( 3072 1312 96 ) ( 3056 1376 224 ) ( 3056 1376 96 ) trim_band_teal [ -0.2425356250363337 0.9701425001453315 0 44.374268 ] [ 0 0 -1 -96 ] 0 1.059713 1
}
// brush 19
{
( 3008 1312 128 ) ( 3008 1248 128 ) ( 3008 1248 64 ) trim_band_teal [ -5.551115123125783e-16 -0.9999999999999993 0 408.0714 ] [ 0 0 -1 -96 ] 0 1.059713 1
( 2816 1280 64 ) ( 3072 1248 128 ) ( 3072 1248 64 ) 64_cyan_3 [ 0.9922778767136677 -0.12403473458920858 0 60.54077 ] [ 0 0 -1 0 ] 0 1 1
( 2816 1280 64 ) ( 3072 1312 128 ) ( 2816 1280 128 ) 64_cyan_3 [ -0.9922778767136677 -0.1240347345892083 0 -42.686768 ] [ 0 0 -1 0 ] 0 1 1
( 3072 1312 64 ) ( 2816 1280 64 ) ( 3072 1248 64 ) trim_band_teal [ 0 1 -6.938893903907229e-16 328.32263 ] [ 1.0000000000000002 0 0 -160 ] 0 1.059713 1
( 3072 1312 128 ) ( 3072 1248 128 ) ( 2816 1280 128 ) trim_band_teal [ 0 1 -6.938893903907229e-16 328.32263 ] [ 1.0000000000000002 0 0 -160 ] 0 1.059713 1
( 3072 1312 128 ) ( 3072 1248 64 ) ( 3072 1248 128 ) trim_band_teal [ -6.938893903907228e-16 0.9999999999999999 0 328.32263 ] [ 0 0 -1 -96 ] 0 1.059713 1
}
// brush 20
{
( 2993.8823529411766 1199.5294117647059 96 ) ( 3009.8823529411766 1263.5294117647059 96 ) ( 3009.8823529411766 1263.5294117647059 224 ) trim_band_teal [ -0.2425356250363334 -0.970142500145331 0 37.12195 ] [ 0 0 -1 -96 ] 0 1.059713 1
( 2816 1280 96 ) ( 3056 1184 224 ) ( 3056 1184 96 ) 64_cyan_2 [ 0.9284766908852594 -0.3713906763541039 0 56.52295 ] [ 0 0 -1 0 ] 0 1 1
( 3072 1280 64 ) ( 3071 1280 64 ) ( 3072 1279 64 ) trim_band_teal [ 0.242535625036333 0.970142500145332 -6.38378239159465e-16 172.39917 ] [ 0.970142500145332 -0.242535625036333 -5.898059818321144e-17 235.63696 ] 0 1.059713 1.0004597
( 2816 1024 128 ) ( 2816 1023 128 ) ( 2815 1024 128 ) trim_band_teal [ 0.242535625036333 0.970142500145332 -6.38378239159465e-16 172.39917 ] [ 0.970142500145332 -0.242535625036333 -5.898059818321144e-17 235.63696 ] 0 1.059713 1.0004597
( 3072 1248 96 ) ( 2816 1280 224 ) ( 2816 1280 96 ) 64_cyan_2 [ -0.9922778767136677 0.12403473458920858 0 -60.54077 ] [ 0 0 -1 0 ] 0 1 1
( 3056 1184 96 ) ( 3072 1248 224 ) ( 3072 1248 96 ) trim_band_teal [ 0.24253562503633236 0.970142500145332 0 172.39905 ] [ 0 0 -1 -96 ] 0 1.059713 1
}
// brush 21
{
( 3014.4 1244.8 96 ) ( 2982.4 1180.8 224 ) ( 2982.4 1180.8 96 ) trim_band_teal [ -0.4472135954999583 -0.8944271909999149 0 17.473633 ] [ 0 0 -1 -96 ] 0 1.059713 1
( 3024 1120 96 ) ( 2816 1280 96 ) ( 2816 1280 224 ) 64_cyan_1 [ 0.7926239891046001 -0.6097107608496924 0 20.091309 ] [ 0 0 -1 0 ] 0 1 1
( 3072 1280 64 ) ( 3071 1280 64 ) ( 3072 1279 64 ) trim_band_teal [ 0.44721359549995804 0.8944271909999162 -4.440892098500626e-16 178.74414 ] [ 0.8944271909999161 -0.44721359549995804 5.551115123125783e-17 209.7771 ] 0 1.059713 1.0062304
( 2816 1024 128 ) ( 2816 1023 128 ) ( 2815 1024 128 ) trim_band_teal [ 0.44721359549995804 0.8944271909999162 -4.440892098500626e-16 178.74414 ] [ 0.8944271909999161 -0.44721359549995804 5.551115123125783e-17 209.7771 ] 0 1.059713 1.0062304
( 2816 1280 96 ) ( 3056 1184 96 ) ( 3056 1184 224 ) 64_cyan_1 [ -0.9284766908852594 0.3713906763541039 0 -56.52295 ] [ 0 0 -1 0 ] 0 1 1
( 3072 1216 96 ) ( 3040 1152 96 ) ( 3040 1152 224 ) trim_band_teal [ 0.44721359549995754 0.8944271909999161 0 178.74414 ] [ 0 0 -1 -96 ] 0 1.059713 1
}
// brush 22
{
( 2976 1072 96 ) ( 2816 1280 96 ) ( 2816 1280 224 ) 64_cyan_3 [ 0.6097107608496924 -0.7926239891046001 0 54.368286 ] [ 0 0 -1 0 ] 0 1 1
( 2978 1166 96 ) ( 2930 1118 224 ) ( 2930 1118 96 ) trim_band_teal [ -0.7071067811865477 -0.7071067811865464 0 29.305176 ] [ 0 0 -1 -96 ] 0 1.059713 1
( 3072 1280 64 ) ( 3071 1280 64 ) ( 3072 1279 64 ) trim_band_teal [ 0.7071067811865477 0.7071067811865478 -3.885780586188048e-16 147.08936 ] [ 0.7071067811865477 -0.7071067811865477 1.1102230246251565e-16 51.47827 ] 0 1.059713 1.0164659
( 2816 1024 128 ) ( 2816 1023 128 ) ( 2815 1024 128 ) trim_band_teal [ 0.7071067811865477 0.7071067811865478 -3.885780586188048e-16 147.08936 ] [ 0.7071067811865477 -0.7071067811865477 1.1102230246251565e-16 51.47827 ] 0 1.059713 1.0164659
( 3024 1120 96 ) ( 2816 1280 224 ) ( 2816 1280 96 ) 64_cyan_3 [ -0.7926239891046001 0.6097107608496924 0 -20.091309 ] [ 0 0 -1 0 ] 0 1 1
( 3024 1120 96 ) ( 2976 1072 96 ) ( 2976 1072 224 ) trim_band_teal [ 0.7071067811865472 0.7071067811865478 0 147.08936 ] [ 0 0 -1 -96 ] 0 1.059713 1
}
// brush 23
{
( 2912 1040 96 ) ( 2816 1280 96 ) ( 2816 1280 224 ) 64_cyan_2 [ 0.37139067635410367 -0.9284766908852594 0 6.8827515 ] [ 0 0 -1 0 ] 0 1 1
( 2851.2 1081.6 96 ) ( 2915.2 1113.6 96 ) ( 2915.2 1113.6 224 ) trim_band_teal [ -0.8944271909999157 -0.44721359549995676 0 272.62842 ] [ 0 0 -1 -96 ] 0 1.059713 1
( 3072 1280 64 ) ( 3071 1280 64 ) ( 3072 1279 64 ) trim_band_teal [ 0.894427190999916 0.447213595499958 -2.498001805406602e-16 -116.05737 ] [ 0.44721359549995804 -0.8944271909999161 5.551115123125783e-17 -17.777771 ] 0 1.059713 1.0062307
( 2816 1024 128 ) ( 2816 1023 128 ) ( 2815 1024 128 ) trim_band_teal [ 0.894427190999916 0.447213595499958 -2.498001805406602e-16 -116.05737 ] [ 0.44721359549995804 -0.8944271909999161 5.551115123125783e-17 -17.777771 ] 0 1.059713 1.0062307
( 2880 1024 96 ) ( 2944 1056 224 ) ( 2944 1056 96 ) trim_band_teal [ 0.8944271909999157 0.44721359549995815 0 -116.05737 ] [ 0 0 -1 -96 ] 0 1.059713 1
( 2976 1072 96 ) ( 2816 1280 224 ) ( 2816 1280 96 ) 64_cyan_2 [ -0.6097107608496924 0.7926239891046001 0 -54.368286 ] [ 0 0 -1 0 ] 0 1 1
}
}
