// entity 0
{
"classname" "func_detail"
"_phong" "1"
// brush 0
{
( 2784 1024 128 ) ( 2816 1280 192 ) ( 2784 1024 192 ) 64_cyan_3 [ -0.12403473458920852 -0.9922778767136677 0 -36.571777 ] [ 0 0 -1 0 ] 0 1 1
( 2848 1024 192 ) ( 2784 1024 128 ) ( 2784 1024 192 ) trim_band_teal [ 0.9999999999999998 2.5951463200613034e-15 0 -481.1267 ] [ 0 0 -1 -224 ] 0 1.059713 1
( 2848 1024 128 ) ( 2816 1280 128 ) ( 2784 1024 128 ) trim_band_teal [ 1.0000000000000002 0 0 30.873535 ] [ 0 -1.0000000000000002 0 -352 ] 0 1.059713 1
( 2848 1024 160 ) ( 2784 1024 160 ) ( 2816 1280 160 ) trim_band_teal [ 1.0000000000000002 0 0 30.873535 ] [ 0 -1.0000000000000002 0 160 ] 0 1.059713 1
( 2848 1056 192 ) ( 2784 1056 192 ) ( 2784 1056 128 ) trim_band_teal [ 0.9999999999999998 3.3306690738754696e-16 0 -337.12866 ] [ 0 0 -1 -224 ] 0 1.059713 1
( 2816 1280 128 ) ( 2848 1024 192 ) ( 2816 1280 192 ) 64_cyan_3 [ -0.12403473458920836 0.9922778767136677 0 -12.539673 ] [ 0 0 -1 0 ] 0 1 1
}
// brush 1
{
( 2848 1024 160 ) ( 2816 1280 160 ) ( 2816 1280 288 ) 64_cyan_1 [ 0.12403473458920836 -0.9922778767136677 0 12.539673 ] [ 0 0 -1 0 ] 0 1 1
( 2840.235294117647 1055.0588235294117 160 ) ( 2904.235294117647 1071.0588235294117 160 ) ( 2904.235294117647 1071.0588235294117 288 ) trim_band_teal [ 0.9701425001453317 0.24253562503633333 0 -498.68433 ] [ 0 0 -1 -224 ] 0 1.059713 1
( 3072 1280 128 ) ( 3071 1280 128 ) ( 3072 1279 128 ) trim_band_teal [ 0.970142500145332 0.242535625036333 -8.326672684688674e-17 -123.24585 ] [ 0.242535625036333 -0.970142500145332 -5.551115123125783e-17 -49.45465 ] 0 1.059713 1.0004597
( 2816 1024 160 ) ( 2816 1023 160 ) ( 2815 1024 160 ) trim_band_teal [ 0.970142500145332 0.242535625036333 -8.326672684688674e-17 -123.24585 ] [ 0.242535625036333 -0.970142500145332 -5.551115123125783e-17 462.54535 ] 0 1.059713 1.0004597
( 2848 1024 160 ) ( 2912 1040 288 ) ( 2912 1040 160 ) trim_band_teal [ 0.970142500145331 0.24253562503633552 0 -123.24609 ] [ 0 0 -1 -224 ] 0 1.059713 1
( 2912 1040 160 ) ( 2816 1280 288 ) ( 2816 1280 160 ) 64_cyan_1 [ -0.37139067635410367 0.9284766908852594 0 -6.8827515 ] [ 0 0 -1 0 ] 0 1 1
}
// brush 2
{
( 2912 1040 160 ) ( 2816 1280 160 ) ( 2816 1280 288 ) 64_cyan_2 [ 0.37139067635410367 -0.9284766908852594 0 6.8827515 ] [ 0 0 -1 0 ] 0 1 1
( 2865.6 1052.8 160 ) ( 2929.6 1084.8 160 ) ( 2929.6 1084.8 288 ) trim_band_teal [ 0.8944271909999155 0.4472135954999584 0 -498.14746 ] [ 0 0 -1 -224 ] 0 1.059713 1
( 3072 1280 128 ) ( 3071 1280 128 ) ( 3072 1279 128 ) trim_band_teal [ 0.894427190999916 0.447213595499958 -2.498001805406602e-16 -116.05737 ] [ 0.44721359549995804 -0.8944271909999161 5.551115123125783e-17 -209.77777 ] 0 1.059713 1.0062307
( 2816 1024 160 ) ( 2816 1023 160 ) ( 2815 1024 160 ) trim_band_teal [ 0.894427190999916 0.447213595499958 -2.498001805406602e-16 -116.05737 ] [ 0.44721359549995804 -0.8944271909999161 5.551115123125783e-17 302.22226 ] 0 1.059713 1.0062307
( 2880 1024 160 ) ( 2944 1056 288 ) ( 2944 1056 160 ) trim_band_teal [ 0.8944271909999144 0.44721359549996037 0 -116.05762 ] [ 0 0 -1 -224 ] 0 1.059713 1
( 2976 1072 160 ) ( 2816 1280 288 ) ( 2816 1280 160 ) 64_cyan_2 [ -0.6097107608496924 0.7926239891046001 0 -54.368286 ] [ 0 0 -1 0 ] 0 1 1
}
// brush 3
{
( 2976 1072 160 ) ( 2816 1280 160 ) ( 2816 1280 288 ) 64_cyan_3 [ 0.6097107608496924 -0.7926239891046001 0 54.368286 ] [ 0 0 -1 0 ] 0 1 1
( 3001 1143 160 ) ( 2953 1095 288 ) ( 2953 1095 160 ) trim_band_teal [ 0.707106781186547 0.7071067811865479 0 -244.91235 ] [ 0 0 -1 -224 ] 0 1.059713 1
( 3072 1280 128 ) ( 3071 1280 128 ) ( 3072 1279 128 ) trim_band_teal [ 0.7071067811865477 0.7071067811865478 -3.885780586188048e-16 147.08936 ] [ 0.7071067811865477 -0.7071067811865477 1.1102230246251565e-16 -140.52173 ] 0 1.059713 1.0164659
( 2816 1024 160 ) ( 2816 1023 160 ) ( 2815 1024 160 ) trim_band_teal [ 0.7071067811865477 0.7071067811865478 -3.885780586188048e-16 147.08936 ] [ 0.7071067811865477 -0.7071067811865477 1.1102230246251565e-16 371.47827 ] 0 1.059713 1.0164659
( 3024 1120 160 ) ( 2816 1280 288 ) ( 2816 1280 160 ) 64_cyan_3 [ -0.7926239891046001 0.6097107608496924 0 -20.091309 ] [ 0 0 -1 0 ] 0 1 1
( 3024 1120 160 ) ( 2976 1072 160 ) ( 2976 1072 288 ) trim_band_teal [ 0.7071067811865454 0.7071067811865492 0 147.08936 ] [ 0 0 -1 -224 ] 0 1.059713 1
}
// brush 4
{
( 3043.2 1230.4 160 ) ( 3011.2 1166.4 288 ) ( 3011.2 1166.4 160 ) trim_band_teal [ 0.4472135954999572 0.8944271909999162 0 -223.16931 ] [ 0 0 -1 -224 ] 0 1.059713 1
( 3024 1120 160 ) ( 2816 1280 160 ) ( 2816 1280 288 ) 64_cyan_1 [ 0.7926239891046001 -0.6097107608496924 0 20.091309 ] [ 0 0 -1 0 ] 0 1 1
( 3072 1280 128 ) ( 3071 1280 128 ) ( 3072 1279 128 ) trim_band_teal [ 0.44721359549995804 0.8944271909999162 -4.440892098500626e-16 178.74414 ] [ 0.8944271909999161 -0.44721359549995804 5.551115123125783e-17 17.7771 ] 0 1.059713 1.0062304
( 2816 1024 160 ) ( 2816 1023 160 ) ( 2815 1024 160 ) trim_band_teal [ 0.44721359549995804 0.8944271909999162 -4.440892098500626e-16 178.74414 ] [ 0.8944271909999161 -0.44721359549995804 5.551115123125783e-17 529.7771 ] 0 1.059713 1.0062304
( 2816 1280 160 ) ( 3056 1184 160 ) ( 3056 1184 288 ) 64_cyan_1 [ -0.9284766908852594 0.3713906763541039 0 -56.52295 ] [ 0 0 -1 0 ] 0 1 1
( 3072 1216 160 ) ( 3040 1152 160 ) ( 3040 1152 288 ) trim_band_teal [ 0.4472135954999553 0.8944271909999169 0 178.74438 ] [ 0 0 -1 -224 ] 0 1.059713 1
}
// brush 5
{
( 3024.941176470595 1191.7647058823513 160 ) ( 3040.941176470595 1255.7647058823513 160 ) ( 3040.941176470595 1255.7647058823513 288 ) trim_band_teal [ 0.24253562503633208 0.9701425001453321 0 -236.16626 ] [ 0 0 -1 -224 ] 0 1.059713 1
( 2816 1280 160 ) ( 3056 1184 288 ) ( 3056 1184 160 ) 64_cyan_2 [ 0.9284766908852594 -0.3713906763541039 0 56.52295 ] [ 0 0 -1 0 ] 0 1 1
( 3072 1280 128 ) ( 3071 1280 128 ) ( 3072 1279 128 ) trim_band_teal [ 0.242535625036333 0.970142500145332 -6.38378239159465e-16 172.39917 ] [ 0.970142500145332 -0.242535625036333 -5.898059818321144e-17 43.636963 ] 0 1.059713 1.0004597
( 2816 1024 160 ) ( 2816 1023 160 ) ( 2815 1024 160 ) trim_band_teal [ 0.242535625036333 0.970142500145332 -6.38378239159465e-16 172.39917 ] [ 0.970142500145332 -0.242535625036333 -5.898059818321144e-17 43.636963 ] 0 1.059713 1.0004597
( 3072 1248 160 ) ( 2816 1280 288 ) ( 2816 1280 160 ) 64_cyan_2 [ -0.9922778767136677 0.12403473458920858 0 -60.54077 ] [ 0 0 -1 0 ] 0 1 1
( 3056 1184 160 ) ( 3072 1248 288 ) ( 3072 1248 160 ) trim_band_teal [ 0.24253562503633003 0.9701425001453323 0 172.39905 ] [ 0 0 -1 -224 ] 0 1.059713 1
}
// brush 6
{
( 3040 1312 192 ) ( 3040 1248 192 ) ( 3040 1248 128 ) trim_band_teal [ -1.0130785099704553e-15 1 0 -87.6792 ] [ 0 0 -1 -224 ] 0 1.059713 1
( 2816 1280 128 ) ( 3072 1248 192 ) ( 3072 1248 128 ) 64_cyan_3 [ 0.9922778767136677 -0.12403473458920858 0 60.54077 ] [ 0 0 -1 0 ] 0 1 1
( 2816 1280 128 ) ( 3072 1312 192 ) ( 2816 1280 192 ) 64_cyan_3 [ -0.9922778767136677 -0.1240347345892083 0 -42.686768 ] [ 0 0 -1 0 ] 0 1 1
( 3072 1312 128 ) ( 2816 1280 128 ) ( 3072 1248 128 ) trim_band_teal [ 0 1 -6.938893903907229e-16 328.32263 ] [ 1.0000000000000002 0 0 -352 ] 0 1.059713 1
( 3072 1312 160 ) ( 3072 1248 160 ) ( 2816 1280 160 ) trim_band_teal [ 0 1 -6.938893903907229e-16 328.32263 ] [ 1.0000000000000002 0 0 160 ] 0 1.059713 1
( 3072 1312 192 ) ( 3072 1248 128 ) ( 3072 1248 192 ) trim_band_teal [ -3.039235529911366e-15 0.9999999999999998 0 328.32263 ] [ 0 0 -1 -224 ] 0 1.059713 1
}
// brush 7
{
( 3040.9411764705883 1304.235294117647 160 ) ( 3024.9411764705883 1368.235294117647 160 ) ( 3024.9411764705883 1368.235294117647 288 ) trim_band_teal [ -0.24253562503633402 0.9701425001453317 0 -379.0639 ] [ 0 0 -1 -224 ] 0 1.059713 1
( 3056 1376 160 ) ( 2816 1280 288 ) ( 2816 1280 160 ) 64_cyan_1 [ -0.9284766908852594 -0.3713906763541036 0 -38.29834 ] [ 0 0 -1 0 ] 0 1 1
( 2816 1536 128 ) ( 2816 1535 128 ) ( 2817 1536 128 ) trim_band_teal [ -0.24253562503633297 0.9701425001453319 -7.771561172376096e-16 44.374268 ] [ 0.970142500145332 0.242535625036333 -5.898059818321144e-17 -64.971924 ] 0 1.059713 1.0004587
( 3072 1280 160 ) ( 3073 1280 160 ) ( 3072 1279 160 ) trim_band_teal [ -0.24253562503633297 0.9701425001453319 -7.771561172376096e-16 44.374268 ] [ 0.970142500145332 0.242535625036333 -5.898059818321144e-17 447.02808 ] 0 1.059713 1.0004587
( 3072 1312 160 ) ( 2816 1280 160 ) ( 2816 1280 288 ) 64_cyan_1 [ 0.9922778767136677 0.1240347345892083 0 42.686768 ] [ 0 0 -1 0 ] 0 1 1
( 3072 1312 160 ) ( 3056 1376 288 ) ( 3056 1376 160 ) trim_band_teal [ -0.24253562503633597 0.970142500145331 0 44.37439 ] [ 0 0 -1 -224 ] 0 1.059713 1
}
// brush 8
{
( 3043.2 1329.6 160 ) ( 3011.2 1393.6 160 ) ( 3011.2 1393.6 288 ) trim_band_teal [ -0.4472135954999591 0.8944271909999154 0 -209.15173 ] [ 0 0 -1 -224 ] 0 1.059713 1
( 3024 1440 160 ) ( 2816 1280 288 ) ( 2816 1280 160 ) 64_cyan_2 [ -0.7926239891046001 -0.6097107608496924 0 -48.2959 ] [ 0 0 -1 0 ] 0 1 1
( 2816 1536 128 ) ( 2816 1535 128 ) ( 2817 1536 128 ) trim_band_teal [ -0.447213595499958 0.894427190999916 -9.43689570931383e-16 220.93831 ] [ 0.8944271909999161 0.44721359549995804 5.551115123125783e-17 -96.00098 ] 0 1.059713 1.0062304
( 3072 1280 160 ) ( 3073 1280 160 ) ( 3072 1279 160 ) trim_band_teal [ -0.447213595499958 0.894427190999916 -9.43689570931383e-16 220.93831 ] [ 0.8944271909999161 0.44721359549995804 5.551115123125783e-17 415.99902 ] 0 1.059713 1.0062304
( 3056 1376 160 ) ( 2816 1280 160 ) ( 2816 1280 288 ) 64_cyan_2 [ 0.9284766908852594 0.3713906763541036 0 38.29834 ] [ 0 0 -1 0 ] 0 1 1
( 3072 1344 160 ) ( 3040 1408 288 ) ( 3040 1408 160 ) trim_band_teal [ -0.44721359549996076 0.8944271909999142 0 220.93835 ] [ 0 0 -1 -224 ] 0 1.059713 1
}
// brush 9
{
( 2976 1488 160 ) ( 2816 1280 288 ) ( 2816 1280 160 ) 64_cyan_3 [ -0.6097107608496924 -0.7926239891046001 0 -20.186768 ] [ 0 0 -1 0 ] 0 1 1
( 2953 1465 160 ) ( 3001 1417 288 ) ( 3001 1417 160 ) trim_band_teal [ -0.7071067811865483 0.7071067811865467 0 -246.88965 ] [ 0 0 -1 -224 ] 0 1.059713 1
( 2816 1536 128 ) ( 2816 1535 128 ) ( 2817 1536 128 ) trim_band_teal [ -0.7071067811865475 0.7071067811865476 -1.0824674490095276e-15 193.11206 ] [ 0.7071067811865477 0.7071067811865477 1.1102230246251565e-16 126.60913 ] 0 1.059713 1.0164661
( 3072 1280 160 ) ( 3073 1280 160 ) ( 3072 1279 160 ) trim_band_teal [ -0.7071067811865475 0.7071067811865476 -1.0824674490095276e-15 193.11206 ] [ 0.7071067811865477 0.7071067811865477 1.1102230246251565e-16 126.60913 ] 0 1.059713 1.0164661
( 3024 1440 160 ) ( 2816 1280 160 ) ( 2816 1280 288 ) 64_cyan_3 [ 0.7926239891046001 0.6097107608496924 0 48.2959 ] [ 0 0 -1 0 ] 0 1 1
( 2976 1488 160 ) ( 3024 1440 160 ) ( 3024 1440 288 ) trim_band_teal [ -0.7071067811865497 0.707106781186545 0 193.11218 ] [ 0 0 -1 -224 ] 0 1.059713 1
}
// brush 10
{
( 2816 1280 160 ) ( 2912 1520 160 ) ( 2912 1520 288 ) 64_cyan_1 [ -0.37139067635410394 -0.9284766908852594 0 -25.447266 ] [ 0 0 -1 0 ] 0 1 1
( 2865.5999999999985 1507.1999999999964 160 ) ( 2929.5999999999985 1475.1999999999964 288 ) ( 2929.5999999999985 1475.1999999999964 160 ) trim_band_teal [ -0.8944271909999164 0.4472135954999568 0 -389.81787 ] [ 0 0 -1 -224 ] 0 1.059713 1
( 2816 1536 128 ) ( 2816 1535 128 ) ( 2817 1536 128 ) trim_band_teal [ -0.894427190999916 0.44721359549995804 -1.0824674490095276e-15 60.095337 ] [ 0.44721359549995804 0.8944271909999161 5.551115123125783e-17 74.66626 ] 0 1.059713 1.0062304
( 3072 1280 160 ) ( 3073 1280 160 ) ( 3072 1279 160 ) trim_band_teal [ -0.894427190999916 0.44721359549995804 -1.0824674490095276e-15 60.095337 ] [ 0.44721359549995804 0.8944271909999161 5.551115123125783e-17 74.66626 ] 0 1.059713 1.0062304
( 2880 1536 160 ) ( 2944 1504 160 ) ( 2944 1504 288 ) trim_band_teal [ -0.8944271909999171 0.44721359549995476 0 60.09546 ] [ 0 0 -1 -224 ] 0 1.059713 1
( 2976 1488 160 ) ( 2816 1280 160 ) ( 2816 1280 288 ) 64_cyan_1 [ 0.6097107608496924 0.7926239891046001 0 20.186768 ] [ 0 0 -1 0 ] 0 1 1
}
// brush 11
{
( 2848 1536 160 ) ( 2816 1280 288 ) ( 2816 1280 160 ) 64_cyan_2 [ -0.12403473458920863 -0.9922778767136677 0 -52.632935 ] [ 0 0 -1 0 ] 0 1 1
( 2904.235294117647 1488.9411764705883 160 ) ( 2840.235294117647 1504.9411764705883 160 ) ( 2840.235294117647 1504.9411764705883 288 ) trim_band_teal [ -0.9701425001453322 0.24253562503633164 0 -406.83032 ] [ 0 0 -1 -224 ] 0 1.059713 1
( 2816 1536 128 ) ( 2816 1535 128 ) ( 2817 1536 128 ) trim_band_teal [ -0.9701425001453318 0.24253562503633294 -1.2212453270876722e-15 -462.26562 ] [ 0.242535625036333 0.970142500145332 -5.551115123125783e-17 27.119629 ] 0 1.059713 1
( 3072 1280 160 ) ( 3073 1280 160 ) ( 3072 1279 160 ) trim_band_teal [ -0.9701425001453318 0.24253562503633294 -1.2212453270876722e-15 -462.26562 ] [ 0.242535625036333 0.970142500145332 -5.551115123125783e-17 27.119629 ] 0 1.059713 1
( 2912 1520 160 ) ( 2848 1536 288 ) ( 2848 1536 160 ) trim_band_teal [ -0.9701425001453323 0.2425356250363295 0 49.734497 ] [ 0 0 -1 -224 ] 0 1.059713 1
( 2816 1280 160 ) ( 2912 1520 288 ) ( 2912 1520 160 ) 64_cyan_2 [ 0.37139067635410394 0.9284766908852594 0 25.447266 ] [ 0 0 -1 0 ] 0 1 1
}
// brush 12
{
( 2784 1536 128 ) ( 2816 1280 192 ) ( 2816 1280 128 ) 64_cyan_3 [ 0.12403473458920825 -0.9922778767136677 0 -26.871704 ] [ 0 0 -1 0 ] 0 1 1
( 2848 1504 192 ) ( 2848 1504 128 ) ( 2784 1504 128 ) trim_band_teal [ -0.9999999999999999 -1.4432899320127035e-15 0 17.519043 ] [ 0 0 -1 -224 ] 0 1.059713 1
( 2848 1536 128 ) ( 2784 1536 128 ) ( 2816 1280 128 ) trim_band_teal [ -1 0 -1.3183898417423736e-15 -30.47998 ] [ 0 1.0000000000000002 0 160.00012 ] 0 1.059713 1
( 2848 1536 160 ) ( 2816 1280 160 ) ( 2784 1536 160 ) trim_band_teal [ -1 0 -1.3183898417423736e-15 -30.47998 ] [ 0 1.0000000000000002 0 160 ] 0 1.059713 1
( 2848 1536 192 ) ( 2784 1536 128 ) ( 2848 1536 128 ) trim_band_teal [ -0.9999999999999996 -3.552713678800501e-15 0 481.52014 ] [ 0 0 -1 -224 ] 0 1.059713 1
( 2848 1536 192 ) ( 2816 1280 128 ) ( 2816 1280 192 ) 64_cyan_3 [ 0.12403473458920863 0.9922778767136677 0 52.632935 ] [ 0 0 -1 0 ] 0 1 1
}
// brush 13
{
( 2720 1520 160 ) ( 2816 1280 288 ) ( 2816 1280 160 ) 64_cyan_1 [ 0.37139067635410355 -0.9284766908852594 0 22.345276 ] [ 0 0 -1 0 ] 0 1 1
( 2784 1536 160 ) ( 2720 1520 288 ) ( 2720 1520 160 ) trim_band_teal [ -0.9701425001453305 -0.24253562503633638 0 242.62366 ] [ 0 0 -1 -224 ] 0 1.059713 1
( 2560 1280 128 ) ( 2561 1280 128 ) ( 2560 1281 128 ) trim_band_teal [ -0.9701425001453319 -0.24253562503633294 -1.4155343563970746e-15 242.62354 ] [ -0.242535625036333 0.970142500145332 -5.551115123125783e-17 -142.91974 ] 0 1.059713 1
( 2816 1536 160 ) ( 2816 1537 160 ) ( 2817 1536 160 ) trim_band_teal [ -0.9701425001453319 -0.24253562503633294 -1.4155343563970746e-15 242.62354 ] [ -0.242535625036333 0.970142500145332 -5.551115123125783e-17 369.08026 ] 0 1.059713 1
( 2791.7647058823527 1504.9411764705883 160 ) ( 2727.7647058823527 1488.9411764705883 160 ) ( 2727.7647058823527 1488.9411764705883 288 ) trim_band_teal [ -0.9701425001453314 -0.2425356250363344 0 283.18628 ] [ 0 0 -1 -224 ] 0 1.059713 1
( 2784 1536 160 ) ( 2816 1280 160 ) ( 2816 1280 288 ) 64_cyan_1 [ -0.12403473458920825 0.9922778767136677 0 26.871704 ] [ 0 0 -1 0 ] 0 1 1
}
// brush 14
{
( 2656 1488 160 ) ( 2816 1280 288 ) ( 2816 1280 160 ) 64_cyan_2 [ 0.6097107608496924 -0.7926239891046001 0 12.858093 ] [ 0 0 -1 0 ] 0 1 1
( 2752 1536 160 ) ( 2688 1504 288 ) ( 2688 1504 160 ) trim_band_teal [ -0.8944271909999137 -0.4472135954999611 0 341.86243 ] [ 0 0 -1 -224 ] 0 1.059713 1
( 2560 1280 128 ) ( 2561 1280 128 ) ( 2560 1281 128 ) trim_band_teal [ -0.8944271909999161 -0.44721359549995804 -1.582067810090848e-15 -170.13745 ] [ -0.44721359549995804 0.8944271909999161 5.551115123125783e-17 17.777924 ] 0 1.059713 1.0062308
( 2816 1536 160 ) ( 2816 1537 160 ) ( 2817 1536 160 ) trim_band_teal [ -0.8944271909999161 -0.44721359549995804 -1.582067810090848e-15 -170.13745 ] [ -0.44721359549995804 0.8944271909999161 5.551115123125783e-17 529.77795 ] 0 1.059713 1.0062308
( 2766.4 1507.2 160 ) ( 2702.4 1475.2 160 ) ( 2702.4 1475.2 288 ) trim_band_teal [ -0.8944271909999151 -0.4472135954999594 0 375.77368 ] [ 0 0 -1 -224 ] 0 1.059713 1
( 2720 1520 160 ) ( 2816 1280 160 ) ( 2816 1280 288 ) 64_cyan_2 [ -0.37139067635410355 0.9284766908852594 0 -22.345276 ] [ 0 0 -1 0 ] 0 1 1
}
// brush 15
{
( 2608 1440 160 ) ( 2656 1488 160 ) ( 2656 1488 288 ) trim_band_teal [ -0.7071067811865446 -0.7071067811865499 0 237.30383 ] [ 0 0 -1 -224 ] 0 1.059713 1
( 2608 1440 160 ) ( 2816 1280 288 ) ( 2816 1280 160 ) 64_cyan_3 [ 0.7926239891046001 -0.6097107608496924 0 20.70996 ] [ 0 0 -1 0 ] 0 1 1
( 2560 1280 128 ) ( 2561 1280 128 ) ( 2560 1281 128 ) trim_band_teal [ -0.7071067811865477 -0.7071067811865476 -1.7486012637846216e-15 237.30396 ] [ -0.7071067811865477 0.7071067811865477 1.1102230246251565e-16 -51.47809 ] 0 1.059713 1.0164659
( 2816 1536 160 ) ( 2816 1537 160 ) ( 2817 1536 160 ) trim_band_teal [ -0.7071067811865477 -0.7071067811865476 -1.7486012637846216e-15 237.30396 ] [ -0.7071067811865477 0.7071067811865477 1.1102230246251565e-16 460.5219 ] 0 1.059713 1.0164659
( 2631 1417 160 ) ( 2679 1465 288 ) ( 2679 1465 160 ) trim_band_teal [ -0.7071067811865462 -0.7071067811865488 0 261.30347 ] [ 0 0 -1 -224 ] 0 1.059713 1
( 2656 1488 160 ) ( 2816 1280 160 ) ( 2816 1280 288 ) 64_cyan_3 [ -0.6097107608496924 0.7926239891046001 0 -12.858093 ] [ 0 0 -1 0 ] 0 1 1
}
// brush 16
{
( 2560 1344 160 ) ( 2592 1408 160 ) ( 2592 1408 288 ) trim_band_teal [ -0.4472135954999543 -0.8944271909999172 0 -147.76257 ] [ 0 0 -1 -224 ] 0 1.059713 1
( 2816 1280 160 ) ( 2576 1376 160 ) ( 2576 1376 288 ) 64_cyan_1 [ 0.9284766908852594 -0.371390676354104 0 17.056152 ] [ 0 0 -1 0 ] 0 1 1
( 2560 1280 128 ) ( 2561 1280 128 ) ( 2560 1281 128 ) trim_band_teal [ -0.447213595499958 -0.8944271909999161 -1.7486012637846216e-15 -147.76294 ] [ -0.8944271909999161 0.44721359549995804 5.551115123125783e-17 302.2218 ] 0 1.059713 1.0062308
( 2816 1536 160 ) ( 2816 1537 160 ) ( 2817 1536 160 ) trim_band_teal [ -0.447213595499958 -0.8944271909999161 -1.7486012637846216e-15 -147.76294 ] [ -0.8944271909999161 0.44721359549995804 5.551115123125783e-17 302.2218 ] 0 1.059713 1.0062308
( 2608 1440 160 ) ( 2816 1280 160 ) ( 2816 1280 288 ) 64_cyan_1 [ -0.7926239891046001 0.6097107608496924 0 -20.70996 ] [ 0 0 -1 0 ] 0 1 1
( 2588.8 1329.6 160 ) ( 2620.8 1393.6 288 ) ( 2620.8 1393.6 160 ) trim_band_teal [ -0.44721359549995626 -0.8944271909999166 0 378.32532 ] [ 0 0 -1 -224 ] 0 1.059713 1
}
// brush 17
{
( 2576 1376 160 ) ( 2560 1312 288 ) ( 2560 1312 160 ) trim_band_teal [ -0.24253562503632897 -0.9701425001453324 0 -34.989624 ] [ 0 0 -1 -224 ] 0 1.059713 1
( 2560 1312 160 ) ( 2816 1280 288 ) ( 2816 1280 160 ) 64_cyan_2 [ 0.9922778767136677 -0.12403473458920869 0 44.479492 ] [ 0 0 -1 0 ] 0 1 1
( 2560 1280 128 ) ( 2561 1280 128 ) ( 2560 1281 128 ) trim_band_teal [ -0.242535625036333 -0.970142500145332 -1.9567680809018384e-15 -34.98987 ] [ -0.970142500145332 0.242535625036333 -5.898059818321144e-17 276.36304 ] 0 1.059713 1.0004597
( 2816 1536 160 ) ( 2816 1537 160 ) ( 2817 1536 160 ) trim_band_teal [ -0.242535625036333 -0.970142500145332 -1.9567680809018384e-15 -34.98987 ] [ -0.970142500145332 0.242535625036333 -5.898059818321144e-17 276.36304 ] 0 1.059713 1.0004597
( 2816 1280 160 ) ( 2576 1376 288 ) ( 2576 1376 160 ) 64_cyan_2 [ -0.9284766908852594 0.371390676354104 0 -17.056152 ] [ 0 0 -1 0 ] 0 1 1
( 2607.0588235294117 1368.235294117647 160 ) ( 2591.0588235294117 1304.235294117647 160 ) ( 2591.0588235294117 1304.235294117647 288 ) trim_band_teal [ -0.24253562503633108 -0.9701425001453323 0 484.44653 ] [ 0 0 -1 -224 ] 0 1.059713 1
}
// brush 18
{
( 2560 1248 192 ) ( 2560 1312 128 ) ( 2560 1312 192 ) trim_band_teal [ 2.0122792321330962e-15 -1 0 -71.92932 ] [ 0 0 -1 -224 ] 0 1.059713 1
( 2816 1280 128 ) ( 2560 1312 128 ) ( 2560 1248 128 ) trim_band_teal [ 0 -1.0000000000000002 -2.0122792321330966e-15 -71.92932 ] [ -1.0000000000000002 0 0 160 ] 0 1.059713 1
( 2816 1280 160 ) ( 2560 1248 160 ) ( 2560 1312 160 ) trim_band_teal [ 0 -1.0000000000000002 -2.0122792321330966e-15 -71.92932 ] [ -1.0000000000000002 0 0 -352 ] 0 1.059713 1
( 2816 1280 192 ) ( 2560 1248 128 ) ( 2560 1248 192 ) 64_cyan_3 [ 0.9922778767136677 0.12403473458920841 0 3.2749023 ] [ 0 0 -1 0 ] 0 1 1
( 2816 1280 192 ) ( 2560 1312 128 ) ( 2816 1280 128 ) 64_cyan_3 [ -0.9922778767136677 0.12403473458920869 0 -44.479492 ] [ 0 0 -1 0 ] 0 1 1
( 2592 1248 192 ) ( 2592 1312 192 ) ( 2592 1312 128 ) trim_band_teal [ 2.0122792321330962e-15 -1 0 -71.92932 ] [ 0 0 -1 -224 ] 0 1.059713 1
}
// brush 19
{
( 2560 1248 160 ) ( 2576 1184 288 ) ( 2576 1184 160 ) trim_band_teal [ 0.24253562503633502 -0.9701425001453314 0 -180.99689 ] [ 0 0 -1 -224 ] 0 1.059713 1
( 2560 1248 160 ) ( 2816 1280 160 ) ( 2816 1280 288 ) 64_cyan_1 [ -0.9922778767136677 -0.12403473458920841 0 -3.2749023 ] [ 0 0 -1 0 ] 0 1 1
( 2816 1024 128 ) ( 2816 1025 128 ) ( 2815 1024 128 ) trim_band_teal [ 0.242535625036333 -0.970142500145332 -2.095545958979983e-15 -180.99664 ] [ -0.970142500145332 -0.242535625036333 -5.898059818321144e-17 384.96924 ] 0 1.059713 1.0004597
( 2560 1280 160 ) ( 2559 1280 160 ) ( 2560 1281 160 ) trim_band_teal [ 0.242535625036333 -0.970142500145332 -2.095545958979983e-15 -180.99664 ] [ -0.970142500145332 -0.242535625036333 -5.898059818321144e-17 -127.03076 ] 0 1.059713 1.0004597
( 2576 1184 160 ) ( 2816 1280 288 ) ( 2816 1280 160 ) 64_cyan_1 [ 0.9284766908852594 0.3713906763541037 0 53.760986 ] [ 0 0 -1 0 ] 0 1 1
( 2591.0588235294117 1255.7647058823532 160 ) ( 2607.0588235294117 1191.7647058823532 160 ) ( 2607.0588235294117 1191.7647058823532 288 ) trim_band_teal [ 0.2425356250363328 -0.9701425001453315 0 3.564209 ] [ 0 0 -1 -224 ] 0 1.059713 1
}
// brush 20
{
( 2560 1216 160 ) ( 2592 1152 288 ) ( 2592 1152 160 ) trim_band_teal [ 0.44721359549996 -0.8944271909999149 0 -251.13312 ] [ 0 0 -1 -224 ] 0 1.059713 1
( 2576 1184 160 ) ( 2816 1280 160 ) ( 2816 1280 288 ) 64_cyan_2 [ -0.9284766908852594 -0.3713906763541037 0 -53.760986 ] [ 0 0 -1 0 ] 0 1 1
( 2816 1024 128 ) ( 2816 1025 128 ) ( 2815 1024 128 ) trim_band_teal [ 0.4472135954999581 -0.8944271909999162 -2.248201624865942e-15 -251.13309 ] [ -0.8944271909999161 -0.44721359549995804 5.551115123125783e-17 415.99805 ] 0 1.059713 1.0062313
( 2560 1280 160 ) ( 2559 1280 160 ) ( 2560 1281 160 ) trim_band_teal [ 0.4472135954999581 -0.8944271909999162 -2.248201624865942e-15 -251.13309 ] [ -0.8944271909999161 -0.44721359549995804 5.551115123125783e-17 -96.00195 ] 0 1.059713 1.0062313
( 2608 1120 160 ) ( 2816 1280 288 ) ( 2816 1280 160 ) 64_cyan_2 [ 0.7926239891046001 0.6097107608496924 0 6.7858887 ] [ 0 0 -1 0 ] 0 1 1
( 2588.8 1230.4 160 ) ( 2620.8 1166.4 160 ) ( 2620.8 1166.4 288 ) trim_band_teal [ 0.44721359549995787 -0.8944271909999155 0 438.77625 ] [ 0 0 -1 -224 ] 0 1.059713 1
}
// brush 21
{
( 2656 1072 160 ) ( 2608 1120 160 ) ( 2608 1120 288 ) trim_band_teal [ 0.7071067811865491 -0.7071067811865458 0 -64.71875 ] [ 0 0 -1 -224 ] 0 1.059713 1
( 2608 1120 160 ) ( 2816 1280 160 ) ( 2816 1280 288 ) 64_cyan_3 [ -0.7926239891046001 -0.6097107608496924 0 -6.7858887 ] [ 0 0 -1 0 ] 0 1 1
( 2816 1024 128 ) ( 2816 1025 128 ) ( 2815 1024 128 ) trim_band_teal [ 0.7071067811865477 -0.7071067811865477 -2.3592239273284576e-15 -64.71863 ] [ -0.7071067811865477 -0.7071067811865477 1.1102230246251565e-16 -318.6067 ] 0 1.059713 1.0164652
( 2560 1280 160 ) ( 2559 1280 160 ) ( 2560 1281 160 ) trim_band_teal [ 0.7071067811865477 -0.7071067811865477 -2.3592239273284576e-15 -64.71863 ] [ -0.7071067811865477 -0.7071067811865477 1.1102230246251565e-16 -318.6067 ] 0 1.059713 1.0164652
( 2679 1095 160 ) ( 2631 1143 288 ) ( 2631 1143 160 ) trim_band_teal [ 0.7071067811865474 -0.7071067811865472 0 103.27893 ] [ 0 0 -1 -224 ] 0 1.059713 1
( 2656 1072 160 ) ( 2816 1280 288 ) ( 2816 1280 160 ) 64_cyan_3 [ 0.6097107608496924 0.7926239891046001 0 20.804932 ] [ 0 0 -1 0 ] 0 1 1
}
// brush 22
{
( 2656 1072 160 ) ( 2816 1280 160 ) ( 2816 1280 288 ) 64_cyan_1 [ -0.6097107608496924 -0.7926239891046001 0 -20.804932 ] [ 0 0 -1 0 ] 0 1 1
( 2752 1024 160 ) ( 2688 1056 160 ) ( 2688 1056 288 ) trim_band_teal [ 0.8944271909999169 -0.44721359549995576 0 -285.11377 ] [ 0 0 -1 -224 ] 0 1.059713 1
( 2816 1024 128 ) ( 2816 1025 128 ) ( 2815 1024 128 ) trim_band_teal [ 0.8944271909999161 -0.4472135954999581 -2.3869795029440866e-15 226.88635 ] [ -0.44721359549995804 -0.8944271909999161 5.551115123125783e-17 -266.66602 ] 0 1.059713 1.0062304
( 2560 1280 160 ) ( 2559 1280 160 ) ( 2560 1281 160 ) trim_band_teal [ 0.8944271909999161 -0.4472135954999581 -2.3869795029440866e-15 226.88635 ] [ -0.44721359549995804 -0.8944271909999161 5.551115123125783e-17 -266.66602 ] 0 1.059713 1.0062304
( 2766.3999999999996 1052.8000000000002 160 ) ( 2702.3999999999996 1084.8000000000002 288 ) ( 2702.3999999999996 1084.8000000000002 160 ) trim_band_teal [ 0.8944271909999156 -0.44721359549995765 0 384.9723 ] [ 0 0 -1 -224 ] 0 1.059713 1
( 2816 1280 160 ) ( 2720 1040 160 ) ( 2720 1040 288 ) 64_cyan_1 [ 0.37139067635410383 0.9284766908852594 0 49.98047 ] [ 0 0 -1 0 ] 0 1 1
}
// brush 23
{
( 2816 1280 160 ) ( 2720 1040 288 ) ( 2720 1040 160 ) 64_cyan_2 [ -0.37139067635410383 -0.9284766908852594 0 -49.98047 ] [ 0 0 -1 0 ] 0 1 1
( 2720 1040 160 ) ( 2784 1024 288 ) ( 2784 1024 160 ) trim_band_teal [ 0.9701425001453323 -0.24253562503633047 0 -168.3252 ] [ 0 0 -1 -224 ] 0 1.059713 1
( 2816 1024 128 ) ( 2816 1025 128 ) ( 2815 1024 128 ) trim_band_teal [ 0.970142500145332 -0.242535625036333 8.326672684688674e-17 -168.32495 ] [ -0.242535625036333 -0.970142500145332 -5.551115123125783e-17 -220.11987 ] 0 1.059713 1.0004587
( 2560 1280 160 ) ( 2559 1280 160 ) ( 2560 1281 160 ) trim_band_teal [ 0.970142500145332 -0.242535625036333 8.326672684688674e-17 -168.32495 ] [ -0.242535625036333 -0.970142500145332 -5.551115123125783e-17 291.88013 ] 0 1.059713 1.0004587
( 2727.764705882353 1071.0588235294117 160 ) ( 2791.764705882353 1055.0588235294117 160 ) ( 2791.764705882353 1055.0588235294117 288 ) trim_band_teal [ 0.9701425001453317 -0.24253562503633266 0 -16.89087 ] [ 0 0 -1 -224 ] 0 1.059713 1
( 2784 1024 160 ) ( 2816 1280 288 ) ( 2816 1280 160 ) 64_cyan_2 [ 0.12403473458920852 0.9922778767136677 0 36.571777 ] [ 0 0 -1 0 ] 0 1 1
}
}
