// entity 0
{
"classname" "func_detail"
"_phong" "1"
// brush 0
{
( 2784 1024 64 ) ( 2816 1280 128 ) ( 2784 1024 128 ) 64_cyan_3 [ -0.12403473458920852 -0.9922778767136677 0 -36.571777 ] [ 0 0 -1 0 ] 0 1 1
( 2848 992 128 ) ( 2784 992 64 ) ( 2784 992 128 ) trim_band_teal [ 0.9999999999999998 2.5951463200613034e-15 0 -433.12683 ] [ 0 0 -1 -288 ] 0 1.059713 1
( 2848 1024 64 ) ( 2816 1280 64 ) ( 2784 1024 64 ) trim_band_teal [ 1.0000000000000002 0 0 30.873535 ] [ 0 -1.0000000000000002 0 -384 ] 0 1.059713 1
( 2848 1024 96 ) ( 2784 1024 96 ) ( 2816 1280 96 ) trim_band_teal [ 1.0000000000000002 0 0 30.873535 ] [ 0 -1.0000000000000002 0 128 ] 0 1.059713 1
( 2848 1024 128 ) ( 2784 1024 128 ) ( 2784 1024 64 ) trim_band_teal [ 0.9999999999999998 2.5951463200613034e-15 0 -481.1267 ] [ 0 0 -1 -288 ] 0 1.059713 1
( 2816 1280 64 ) ( 2848 1024 128 ) ( 2816 1280 128 ) 64_cyan_3 [ -0.12403473458920836 0.9922778767136677 0 -12.539673 ] [ 0 0 -1 0 ] 0 1 1
}
// brush 1
{
( 2848 1024 96 ) ( 2816 1280 96 ) ( 2816 1280 224 ) 64_cyan_1 [ 0.12403473458920836 -0.9922778767136677 0 12.539673 ] [ 0 0 -1 0 ] 0 1 1
( 2848 1024 96 ) ( 2912 1040 96 ) ( 2912 1040 224 ) trim_band_teal [ 0.970142500145331 0.24253562503633552 0 -123.24609 ] [ 0 0 -1 -288 ] 0 1.059713 1
( 3072 1280 64 ) ( 3071 1280 64 ) ( 3072 1279 64 ) trim_band_teal [ 0.970142500145332 0.242535625036333 -8.326672684688674e-17 -123.24585 ] [ 0.242535625036333 -0.970142500145332 -5.551115123125783e-17 -81.45465 ] 0 1.059713 1.0004597
( 2816 1024 96 ) ( 2816 1023 96 ) ( 2815 1024 96 ) trim_band_teal [ 0.970142500145332 0.242535625036333 -8.326672684688674e-17 -123.24585 ] [ 0.242535625036333 -0.970142500145332 -5.551115123125783e-17 430.54535 ] 0 1.059713 1.0004597
( 2855.764705882353 992.9411764705883 96 ) ( 2919.764705882353 1008.9411764705883 224 ) ( 2919.764705882353 1008.9411764705883 96 ) trim_band_teal [ 0.970142500145331 0.24253562503633552 0 -67.80945 ] [ 0 0 -1 -288 ] 0 1.059713 1
( 2912 1040 96 ) ( 2816 1280 224 ) ( 2816 1280 96 ) 64_cyan_1 [ -0.37139067635410367 0.9284766908852594 0 -6.8827515 ] [ 0 0 -1 0 ] 0 1 1
}
// brush 2
{
( 2912 1040 96 ) ( 2816 1280 96 ) ( 2816 1280 224 ) 64_cyan_2 [ 0.37139067635410367 -0.9284766908852594 0 6.8827515 ] [ 0 0 -1 0 ] 0 1 1
( 2880 1024 96 ) ( 2944 1056 96 ) ( 2944 1056 224 ) trim_band_teal [ 0.8944271909999144 0.44721359549996037 0 -116.05762 ] [ 0 0 -1 -288 ] 0 1.059713 1
( 3072 1280 64 ) ( 3071 1280 64 ) ( 3072 1279 64 ) trim_band_teal [ 0.894427190999916 0.447213595499958 -2.498001805406602e-16 -116.05737 ] [ 0.44721359549995804 -0.8944271909999161 5.551115123125783e-17 -241.77777 ] 0 1.059713 1.0062307
( 2816 1024 96 ) ( 2816 1023 96 ) ( 2815 1024 96 ) trim_band_teal [ 0.894427190999916 0.447213595499958 -2.498001805406602e-16 -116.05737 ] [ 0.44721359549995804 -0.8944271909999161 5.551115123125783e-17 270.22223 ] 0 1.059713 1.0062307
( 2894.4 995.2 96 ) ( 2958.4 1027.2 224 ) ( 2958.4 1027.2 96 ) trim_band_teal [ 0.8944271909999144 0.44721359549996037 0 -53.969116 ] [ 0 0 -1 -288 ] 0 1.059713 1
( 2976 1072 96 ) ( 2816 1280 224 ) ( 2816 1280 96 ) 64_cyan_2 [ -0.6097107608496924 0.7926239891046001 0 -54.368286 ] [ 0 0 -1 0 ] 0 1 1
}
// brush 3
{
( 2976 1072 96 ) ( 2816 1280 96 ) ( 2816 1280 224 ) 64_cyan_3 [ 0.6097107608496924 -0.7926239891046001 0 54.368286 ] [ 0 0 -1 0 ] 0 1 1
( 3024 1120 96 ) ( 2976 1072 224 ) ( 2976 1072 96 ) trim_band_teal [ 0.7071067811865454 0.7071067811865492 0 147.08936 ] [ 0 0 -1 -288 ] 0 1.059713 1
( 3072 1280 64 ) ( 3071 1280 64 ) ( 3072 1279 64 ) trim_band_teal [ 0.7071067811865477 0.7071067811865478 -3.885780586188048e-16 147.08936 ] [ 0.7071067811865477 -0.7071067811865477 1.1102230246251565e-16 -172.52173 ] 0 1.059713 1.0164659
( 2816 1024 96 ) ( 2816 1023 96 ) ( 2815 1024 96 ) trim_band_teal [ 0.7071067811865477 0.7071067811865478 -3.885780586188048e-16 147.08936 ] [ 0.7071067811865477 -0.7071067811865477 1.1102230246251565e-16 339.47827 ] 0 1.059713 1.0164659
( 3024 1120 96 ) ( 2816 1280 224 ) ( 2816 1280 96 ) 64_cyan_3 [ -0.7926239891046001 0.6097107608496924 0 -20.091309 ] [ 0 0 -1 0 ] 0 1 1
( 3047 1097 96 ) ( 2999 1049 96 ) ( 2999 1049 224 ) trim_band_teal [ 0.7071067811865454 0.7071067811865492 0 219.08948 ] [ 0 0 -1 -288 ] 0 1.059713 1
}
// brush 4
{
( 3072 1216 96 ) ( 3040 1152 224 ) ( 3040 1152 96 ) trim_band_teal [ 0.4472135954999553 0.8944271909999169 0 178.74438 ] [ 0 0 -1 -288 ] 0 1.059713 1
( 3024 1120 96 ) ( 2816 1280 96 ) ( 2816 1280 224 ) 64_cyan_1 [ 0.7926239891046001 -0.6097107608496924 0 20.091309 ] [ 0 0 -1 0 ] 0 1 1
( 3072 1280 64 ) ( 3071 1280 64 ) ( 3072 1279 64 ) trim_band_teal [ 0.44721359549995804 0.8944271909999162 -4.440892098500626e-16 178.74414 ] [ 0.8944271909999161 -0.44721359549995804 5.551115123125783e-17 -14.2229 ] 0 1.059713 1.0062304
( 2816 1024 96 ) ( 2816 1023 96 ) ( 2815 1024 96 ) trim_band_teal [ 0.44721359549995804 0.8944271909999162 -4.440892098500626e-16 178.74414 ] [ 0.8944271909999161 -0.44721359549995804 5.551115123125783e-17 497.7771 ] 0 1.059713 1.0062304
( 2816 1280 96 ) ( 3056 1184 96 ) ( 3056 1184 224 ) 64_cyan_1 [ -0.9284766908852594 0.3713906763541039 0 -56.52295 ] [ 0 0 -1 0 ] 0 1 1
( 3100.799999999998 1201.600000000001 96 ) ( 3068.799999999998 1137.600000000001 96 ) ( 3068.799999999998 1137.600000000001 224 ) trim_band_teal [ 0.4472135954999553 0.8944271909999169 0 260.65637 ] [ 0 0 -1 -288 ] 0 1.059713 1
}
// brush 5
{
( 3056 1184 96 ) ( 3072 1248 96 ) ( 3072 1248 224 ) trim_band_teal [ 0.24253562503633003 0.9701425001453323 0 172.39905 ] [ 0 0 -1 -288 ] 0 1.059713 1
( 2816 1280 96 ) ( 3056 1184 224 ) ( 3056 1184 96 ) 64_cyan_2 [ 0.9284766908852594 -0.3713906763541039 0 56.52295 ] [ 0 0 -1 0 ] 0 1 1
( 3072 1280 64 ) ( 3071 1280 64 ) ( 3072 1279 64 ) trim_band_teal [ 0.242535625036333 0.970142500145332 -6.38378239159465e-16 172.39917 ] [ 0.970142500145332 -0.242535625036333 -5.898059818321144e-17 11.636963 ] 0 1.059713 1.0004597
( 2816 1024 96 ) ( 2816 1023 96 ) ( 2815 1024 96 ) trim_band_teal [ 0.242535625036333 0.970142500145332 -6.38378239159465e-16 172.39917 ] [ 0.970142500145332 -0.242535625036333 -5.898059818321144e-17 523.63696 ] 0 1.059713 1.0004597
( 3072 1248 96 ) ( 2816 1280 224 ) ( 2816 1280 96 ) 64_cyan_2 [ -0.9922778767136677 0.12403473458920858 0 -60.54077 ] [ 0 0 -1 0 ] 0 1 1
( 3087.0588235294 1176.23529411765 96 ) ( 3103.0588235294 1240.23529411765 224 ) ( 3103.0588235294 1240.23529411765 96 ) trim_band_teal [ 0.24253562503633003 0.9701425001453323 0 260.963 ] [ 0 0 -1 -288 ] 0 1.059713 1
}
// brush 6
{
( 3072 1312 128 ) ( 3072 1248 128 ) ( 3072 1248 64 ) trim_band_teal [ -3.039235529911366e-15 0.9999999999999998 0 328.32263 ] [ 0 0 -1 -288 ] 0 1.059713 1
( 2816 1280 64 ) ( 3072 1248 128 ) ( 3072 1248 64 ) 64_cyan_3 [ 0.9922778767136677 -0.12403473458920858 0 60.54077 ] [ 0 0 -1 0 ] 0 1 1
( 2816 1280 64 ) ( 3072 1312 128 ) ( 2816 1280 128 ) 64_cyan_3 [ -0.9922778767136677 -0.1240347345892083 0 -42.686768 ] [ 0 0 -1 0 ] 0 1 1
( 3072 1312 64 ) ( 2816 1280 64 ) ( 3072 1248 64 ) trim_band_teal [ 0 1 -6.938893903907229e-16 328.32263 ] [ 1.0000000000000002 0 0 -384 ] 0 1.059713 1
( 3072 1312 96 ) ( 3072 1248 96 ) ( 2816 1280 96 ) trim_band_teal [ 0 1 -6.938893903907229e-16 328.32263 ] [ 1.0000000000000002 0 0 128 ] 0 1.059713 1
( 3104 1312 128 ) ( 3104 1248 64 ) ( 3104 1248 128 ) trim_band_teal [ -3.039235529911366e-15 0.9999999999999998 0 424.32312 ] [ 0 0 -1 -288 ] 0 1.059713 1
}
// brush 7
{
( 3072 1312 96 ) ( 3056 1376 96 ) ( 3056 1376 224 ) trim_band_teal [ -0.24253562503633597 0.970142500145331 0 44.37439 ] [ 0 0 -1 -288 ] 0 1.059713 1
( 3056 1376 96 ) ( 2816 1280 224 ) ( 2816 1280 96 ) 64_cyan_1 [ -0.9284766908852594 -0.3713906763541036 0 -38.29834 ] [ 0 0 -1 0 ] 0 1 1
( 2816 1536 64 ) ( 2816 1535 64 ) ( 2817 1536 64 ) trim_band_teal [ -0.24253562503633297 0.9701425001453319 -7.771561172376096e-16 44.374268 ] [ 0.970142500145332 0.242535625036333 -5.898059818321144e-17 -96.971924 ] 0 1.059713 1.0004587
( 3072 1280 96 ) ( 3073 1280 96 ) ( 3072 1279 96 ) trim_band_teal [ -0.24253562503633297 0.9701425001453319 -7.771561172376096e-16 44.374268 ] [ 0.970142500145332 0.242535625036333 -5.898059818321144e-17 415.02808 ] 0 1.059713 1.0004587
( 3072 1312 96 ) ( 2816 1280 96 ) ( 2816 1280 224 ) 64_cyan_1 [ 0.9922778767136677 0.1240347345892083 0 42.686768 ] [ 0 0 -1 0 ] 0 1 1
( 3103.0588235294117 1319.764705882353 96 ) ( 3087.0588235294117 1383.764705882353 224 ) ( 3087.0588235294117 1383.764705882353 96 ) trim_band_teal [ -0.24253562503633597 0.970142500145331 0 147.8114 ] [ 0 0 -1 -288 ] 0 1.059713 1
}
// brush 8
{
( 3072 1344 96 ) ( 3040 1408 96 ) ( 3040 1408 224 ) trim_band_teal [ -0.44721359549996076 0.8944271909999142 0 220.93835 ] [ 0 0 -1 -288 ] 0 1.059713 1
( 3024 1440 96 ) ( 2816 1280 224 ) ( 2816 1280 96 ) 64_cyan_2 [ -0.7926239891046001 -0.6097107608496924 0 -48.2959 ] [ 0 0 -1 0 ] 0 1 1
( 2816 1536 64 ) ( 2816 1535 64 ) ( 2817 1536 64 ) trim_band_teal [ -0.447213595499958 0.894427190999916 -9.43689570931383e-16 220.93831 ] [ 0.8944271909999161 0.44721359549995804 5.551115123125783e-17 -128.00098 ] 0 1.059713 1.0062304
( 3072 1280 96 ) ( 3073 1280 96 ) ( 3072 1279 96 ) trim_band_teal [ -0.447213595499958 0.894427190999916 -9.43689570931383e-16 220.93831 ] [ 0.8944271909999161 0.44721359549995804 5.551115123125783e-17 383.99902 ] 0 1.059713 1.0062304
( 3056 1376 96 ) ( 2816 1280 96 ) ( 2816 1280 224 ) 64_cyan_2 [ 0.9284766908852594 0.3713906763541036 0 38.29834 ] [ 0 0 -1 0 ] 0 1 1
( 3100.8 1358.4 96 ) ( 3068.8 1422.4 224 ) ( 3068.8 1422.4 96 ) trim_band_teal [ -0.44721359549996076 0.8944271909999142 0 331.02704 ] [ 0 0 -1 -288 ] 0 1.059713 1
}
// brush 9
{
( 2976 1488 96 ) ( 2816 1280 224 ) ( 2816 1280 96 ) 64_cyan_3 [ -0.6097107608496924 -0.7926239891046001 0 -20.186768 ] [ 0 0 -1 0 ] 0 1 1
( 2976 1488 96 ) ( 3024 1440 224 ) ( 3024 1440 96 ) trim_band_teal [ -0.7071067811865497 0.707106781186545 0 193.11218 ] [ 0 0 -1 -288 ] 0 1.059713 1
( 2816 1536 64 ) ( 2816 1535 64 ) ( 2817 1536 64 ) trim_band_teal [ -0.7071067811865475 0.7071067811865476 -1.0824674490095276e-15 193.11206 ] [ 0.7071067811865477 0.7071067811865477 1.1102230246251565e-16 94.60913 ] 0 1.059713 1.0164661
( 3072 1280 96 ) ( 3073 1280 96 ) ( 3072 1279 96 ) trim_band_teal [ -0.7071067811865475 0.7071067811865476 -1.0824674490095276e-15 193.11206 ] [ 0.7071067811865477 0.7071067811865477 1.1102230246251565e-16 606.60913 ] 0 1.059713 1.0164661
( 3024 1440 96 ) ( 2816 1280 96 ) ( 2816 1280 224 ) 64_cyan_3 [ 0.7926239891046001 0.6097107608496924 0 48.2959 ] [ 0 0 -1 0 ] 0 1 1
( 2999 1511 96 ) ( 3047 1463 96 ) ( 3047 1463 224 ) trim_band_teal [ -0.7071067811865497 0.707106781186545 0 313.11255 ] [ 0 0 -1 -288 ] 0 1.059713 1
}
// brush 10
{
( 2816 1280 96 ) ( 2912 1520 96 ) ( 2912 1520 224 ) 64_cyan_1 [ -0.37139067635410394 -0.9284766908852594 0 -25.447266 ] [ 0 0 -1 0 ] 0 1 1
( 2880 1536 96 ) ( 2944 1504 224 ) ( 2944 1504 96 ) trim_band_teal [ -0.8944271909999171 0.44721359549995476 0 60.09546 ] [ 0 0 -1 -288 ] 0 1.059713 1
( 2816 1536 64 ) ( 2816 1535 64 ) ( 2817 1536 64 ) trim_band_teal [ -0.894427190999916 0.44721359549995804 -1.0824674490095276e-15 60.095337 ] [ 0.44721359549995804 0.8944271909999161 5.551115123125783e-17 42.66626 ] 0 1.059713 1.0062304
( 3072 1280 96 ) ( 3073 1280 96 ) ( 3072 1279 96 ) trim_band_teal [ -0.894427190999916 0.44721359549995804 -1.0824674490095276e-15 60.095337 ] [ 0.44721359549995804 0.8944271909999161 5.551115123125783e-17 554.66626 ] 0 1.059713 1.0062304
( 2894.3999999999996 1564.8000000000002 96 ) ( 2958.3999999999996 1532.8000000000002 96 ) ( 2958.3999999999996 1532.8000000000002 224 ) trim_band_teal [ -0.8944271909999171 0.44721359549995476 0 190.00769 ] [ 0 0 -1 -288 ] 0 1.059713 1
( 2976 1488 96 ) ( 2816 1280 96 ) ( 2816 1280 224 ) 64_cyan_1 [ 0.6097107608496924 0.7926239891046001 0 20.186768 ] [ 0 0 -1 0 ] 0 1 1
}
// brush 11
{
( 2848 1536 96 ) ( 2816 1280 224 ) ( 2816 1280 96 ) 64_cyan_2 [ -0.12403473458920863 -0.9922778767136677 0 -52.632935 ] [ 0 0 -1 0 ] 0 1 1
( 2912 1520 96 ) ( 2848 1536 96 ) ( 2848 1536 224 ) trim_band_teal [ -0.9701425001453323 0.2425356250363295 0 49.734497 ] [ 0 0 -1 -288 ] 0 1.059713 1
( 2816 1536 64 ) ( 2816 1535 64 ) ( 2817 1536 64 ) trim_band_teal [ -0.9701425001453318 0.24253562503633294 -1.2212453270876722e-15 -462.26562 ] [ 0.242535625036333 0.970142500145332 -5.551115123125783e-17 -516.8804 ] 0 1.059713 1
( 3072 1280 96 ) ( 3073 1280 96 ) ( 3072 1279 96 ) trim_band_teal [ -0.9701425001453318 0.24253562503633294 -1.2212453270876722e-15 -462.26562 ] [ 0.242535625036333 0.970142500145332 -5.551115123125783e-17 -4.880371 ] 0 1.059713 1
( 2919.764705882353 1551.0588235294117 96 ) ( 2855.764705882353 1567.0588235294117 224 ) ( 2855.764705882353 1567.0588235294117 96 ) trim_band_teal [ -0.9701425001453323 0.2425356250363295 0 186.29834 ] [ 0 0 -1 -288 ] 0 1.059713 1
( 2816 1280 96 ) ( 2912 1520 224 ) ( 2912 1520 96 ) 64_cyan_2 [ 0.37139067635410394 0.9284766908852594 0 25.447266 ] [ 0 0 -1 0 ] 0 1 1
}
// brush 12
{
( 2784 1536 64 ) ( 2816 1280 128 ) ( 2816 1280 64 ) 64_cyan_3 [ 0.12403473458920825 -0.9922778767136677 0 -26.871704 ] [ 0 0 -1 0 ] 0 1 1
( 2848 1536 128 ) ( 2848 1536 64 ) ( 2784 1536 64 ) trim_band_teal [ -0.9999999999999996 -3.552713678800501e-15 0 481.52014 ] [ 0 0 -1 -288 ] 0 1.059713 1
( 2848 1536 64 ) ( 2784 1536 64 ) ( 2816 1280 64 ) trim_band_teal [ -1 0 -1.3183898417423736e-15 -30.47998 ] [ 0 1.0000000000000002 0 128.00012 ] 0 1.059713 1
( 2848 1536 96 ) ( 2816 1280 96 ) ( 2784 1536 96 ) trim_band_teal [ -1 0 -1.3183898417423736e-15 -30.47998 ] [ 0 1.0000000000000002 0 640.0001 ] 0 1.059713 1
( 2848 1568 128 ) ( 2784 1568 64 ) ( 2848 1568 64 ) trim_band_teal [ -0.9999999999999996 -3.552713678800501e-15 0 113.52051 ] [ 0 0 -1 -288 ] 0 1.059713 1
( 2848 1536 128 ) ( 2816 1280 64 ) ( 2816 1280 128 ) 64_cyan_3 [ 0.12403473458920863 0.9922778767136677 0 52.632935 ] [ 0 0 -1 0 ] 0 1 1
}
// brush 13
{
( 2720 1520 96 ) ( 2816 1280 224 ) ( 2816 1280 96 ) 64_cyan_1 [ 0.37139067635410355 -0.9284766908852594 0 22.345276 ] [ 0 0 -1 0 ] 0 1 1
( 2776.2352941176478 1567.05882352941 96 ) ( 2712.2352941176478 1551.05882352941 224 ) ( 2712.2352941176478 1551.05882352941 96 ) trim_band_teal [ -0.9701425001453305 -0.24253562503633638 0 394.06055 ] [ 0 0 -1 -288 ] 0 1.059713 1
( 2560 1280 64 ) ( 2561 1280 64 ) ( 2560 1281 64 ) trim_band_teal [ -0.9701425001453319 -0.24253562503633294 -1.4155343563970746e-15 242.62354 ] [ -0.242535625036333 0.970142500145332 -5.551115123125783e-17 -174.91974 ] 0 1.059713 1
( 2816 1536 96 ) ( 2816 1537 96 ) ( 2817 1536 96 ) trim_band_teal [ -0.9701425001453319 -0.24253562503633294 -1.4155343563970746e-15 242.62354 ] [ -0.242535625036333 0.970142500145332 -5.551115123125783e-17 337.08026 ] 0 1.059713 1
( 2784 1536 96 ) ( 2720 1520 96 ) ( 2720 1520 224 ) trim_band_teal [ -0.9701425001453305 -0.24253562503633638 0 242.62366 ] [ 0 0 -1 -288 ] 0 1.059713 1
( 2784 1536 96 ) ( 2816 1280 96 ) ( 2816 1280 224 ) 64_cyan_1 [ -0.12403473458920825 0.9922778767136677 0 26.871704 ] [ 0 0 -1 0 ] 0 1 1
}
// brush 14
{
( 2656 1488 96 ) ( 2816 1280 224 ) ( 2816 1280 96 ) 64_cyan_2 [ 0.6097107608496924 -0.7926239891046001 0 12.858093 ] [ 0 0 -1 0 ] 0 1 1
( 2737.6 1564.8 96 ) ( 2673.6 1532.8 224 ) ( 2673.6 1532.8 96 ) trim_band_teal [ -0.8944271909999137 -0.4472135954999611 0 499.95142 ] [ 0 0 -1 -288 ] 0 1.059713 1
( 2560 1280 64 ) ( 2561 1280 64 ) ( 2560 1281 64 ) trim_band_teal [ -0.8944271909999161 -0.44721359549995804 -1.582067810090848e-15 -170.13745 ] [ -0.44721359549995804 0.8944271909999161 5.551115123125783e-17 -14.222076 ] 0 1.059713 1.0062308
( 2816 1536 96 ) ( 2816 1537 96 ) ( 2817 1536 96 ) trim_band_teal [ -0.8944271909999161 -0.44721359549995804 -1.582067810090848e-15 -170.13745 ] [ -0.44721359549995804 0.8944271909999161 5.551115123125783e-17 497.77795 ] 0 1.059713 1.0062308
( 2752 1536 96 ) ( 2688 1504 96 ) ( 2688 1504 224 ) trim_band_teal [ -0.8944271909999137 -0.4472135954999611 0 341.86243 ] [ 0 0 -1 -288 ] 0 1.059713 1
( 2720 1520 96 ) ( 2816 1280 96 ) ( 2816 1280 224 ) 64_cyan_2 [ -0.37139067635410355 0.9284766908852594 0 -22.345276 ] [ 0 0 -1 0 ] 0 1 1
}
// brush 15
{
( 2585 1463 96 ) ( 2633 1511 96 ) ( 2633 1511 224 ) trim_band_teal [ -0.7071067811865446 -0.7071067811865499 0 405.3047 ] [ 0 0 -1 -288 ] 0 1.059713 1
( 2608 1440 96 ) ( 2816 1280 224 ) ( 2816 1280 96 ) 64_cyan_3 [ 0.7926239891046001 -0.6097107608496924 0 20.70996 ] [ 0 0 -1 0 ] 0 1 1
( 2560 1280 64 ) ( 2561 1280 64 ) ( 2560 1281 64 ) trim_band_teal [ -0.7071067811865477 -0.7071067811865476 -1.7486012637846216e-15 237.30396 ] [ -0.7071067811865477 0.7071067811865477 1.1102230246251565e-16 -83.47809 ] 0 1.059713 1.0164659
( 2816 1536 96 ) ( 2816 1537 96 ) ( 2817 1536 96 ) trim_band_teal [ -0.7071067811865477 -0.7071067811865476 -1.7486012637846216e-15 237.30396 ] [ -0.7071067811865477 0.7071067811865477 1.1102230246251565e-16 428.5219 ] 0 1.059713 1.0164659
( 2608 1440 96 ) ( 2656 1488 224 ) ( 2656 1488 96 ) trim_band_teal [ -0.7071067811865446 -0.7071067811865499 0 237.30383 ] [ 0 0 -1 -288 ] 0 1.059713 1
( 2656 1488 96 ) ( 2816 1280 96 ) ( 2816 1280 224 ) 64_cyan_3 [ -0.6097107608496924 0.7926239891046001 0 -12.858093 ] [ 0 0 -1 0 ] 0 1 1
}
// brush 16
{
( 2531.1999999999925 1358.4000000000037 96 ) ( 2563.1999999999925 1422.4000000000037 96 ) ( 2563.1999999999925 1422.4000000000037 224 ) trim_band_teal [ -0.4472135954999543 -0.8944271909999172 0 30.149902 ] [ 0 0 -1 -288 ] 0 1.059713 1
( 2816 1280 96 ) ( 2576 1376 96 ) ( 2576 1376 224 ) 64_cyan_1 [ 0.9284766908852594 -0.371390676354104 0 17.056152 ] [ 0 0 -1 0 ] 0 1 1
( 2560 1280 64 ) ( 2561 1280 64 ) ( 2560 1281 64 ) trim_band_teal [ -0.447213595499958 -0.8944271909999161 -1.7486012637846216e-15 -147.76294 ] [ -0.8944271909999161 0.44721359549995804 5.551115123125783e-17 270.2218 ] 0 1.059713 1.0062308
( 2816 1536 96 ) ( 2816 1537 96 ) ( 2817 1536 96 ) trim_band_teal [ -0.447213595499958 -0.8944271909999161 -1.7486012637846216e-15 -147.76294 ] [ -0.8944271909999161 0.44721359549995804 5.551115123125783e-17 270.2218 ] 0 1.059713 1.0062308
( 2608 1440 96 ) ( 2816 1280 96 ) ( 2816 1280 224 ) 64_cyan_1 [ -0.7926239891046001 0.6097107608496924 0 -20.70996 ] [ 0 0 -1 0 ] 0 1 1
( 2560 1344 96 ) ( 2592 1408 224 ) ( 2592 1408 96 ) trim_band_teal [ -0.4472135954999543 -0.8944271909999172 0 -147.76257 ] [ 0 0 -1 -288 ] 0 1.059713 1
}
// brush 17
{
( 2544.9411764705883 1383.764705882353 96 ) ( 2528.9411764705883 1319.764705882353 224 ) ( 2528.9411764705883 1319.764705882353 96 ) trim_band_teal [ -0.24253562503632897 -0.9701425001453324 0 -362.4254 ] [ 0 0 -1 -288 ] 0 1.059713 1
( 2560 1312 96 ) ( 2816 1280 224 ) ( 2816 1280 96 ) 64_cyan_2 [ 0.9922778767136677 -0.12403473458920869 0 44.479492 ] [ 0 0 -1 0 ] 0 1 1
( 2560 1280 64 ) ( 2561 1280 64 ) ( 2560 1281 64 ) trim_band_teal [ -0.242535625036333 -0.970142500145332 -1.9567680809018384e-15 -34.98987 ] [ -0.970142500145332 0.242535625036333 -5.898059818321144e-17 244.36304 ] 0 1.059713 1.0004597
( 2816 1536 96 ) ( 2816 1537 96 ) ( 2817 1536 96 ) trim_band_teal [ -0.242535625036333 -0.970142500145332 -1.9567680809018384e-15 -34.98987 ] [ -0.970142500145332 0.242535625036333 -5.898059818321144e-17 244.36304 ] 0 1.059713 1.0004597
( 2816 1280 96 ) ( 2576 1376 224 ) ( 2576 1376 96 ) 64_cyan_2 [ -0.9284766908852594 0.371390676354104 0 -17.056152 ] [ 0 0 -1 0 ] 0 1 1
( 2576 1376 96 ) ( 2560 1312 96 ) ( 2560 1312 224 ) trim_band_teal [ -0.24253562503632897 -0.9701425001453324 0 -34.989624 ] [ 0 0 -1 -288 ] 0 1.059713 1
}
// brush 18
{
( 2528 1248 128 ) ( 2528 1312 64 ) ( 2528 1312 128 ) trim_band_teal [ 2.0122792321330962e-15 -1 0 -71.92932 ] [ 0 0 -1 -288 ] 0 1.059713 1
( 2816 1280 64 ) ( 2560 1312 64 ) ( 2560 1248 64 ) trim_band_teal [ 0 -1.0000000000000002 -2.0122792321330966e-15 -71.92932 ] [ -1.0000000000000002 0 0 128 ] 0 1.059713 1
( 2816 1280 96 ) ( 2560 1248 96 ) ( 2560 1312 96 ) trim_band_teal [ 0 -1.0000000000000002 -2.0122792321330966e-15 -71.92932 ] [ -1.0000000000000002 0 0 -384 ] 0 1.059713 1
( 2816 1280 128 ) ( 2560 1248 64 ) ( 2560 1248 128 ) 64_cyan_3 [ 0.9922778767136677 0.12403473458920841 0 3.2749023 ] [ 0 0 -1 0 ] 0 1 1
( 2816 1280 128 ) ( 2560 1312 64 ) ( 2816 1280 64 ) 64_cyan_3 [ -0.9922778767136677 0.12403473458920869 0 -44.479492 ] [ 0 0 -1 0 ] 0 1 1
( 2560 1248 128 ) ( 2560 1312 128 ) ( 2560 1312 64 ) trim_band_teal [ 2.0122792321330962e-15 -1 0 -71.92932 ] [ 0 0 -1 -288 ] 0 1.059713 1
}
// brush 19
{
( 2528.9411764705883 1240.235294117647 96 ) ( 2544.9411764705883 1176.235294117647 224 ) ( 2544.9411764705883 1176.235294117647 96 ) trim_band_teal [ 0.24253562503633502 -0.9701425001453314 0 -173.5603 ] [ 0 0 -1 -288 ] 0 1.059713 1
( 2560 1248 96 ) ( 2816 1280 96 ) ( 2816 1280 224 ) 64_cyan_1 [ -0.9922778767136677 -0.12403473458920841 0 -3.2749023 ] [ 0 0 -1 0 ] 0 1 1
( 2816 1024 64 ) ( 2816 1025 64 ) ( 2815 1024 64 ) trim_band_teal [ 0.242535625036333 -0.970142500145332 -2.095545958979983e-15 -180.99664 ] [ -0.970142500145332 -0.242535625036333 -5.898059818321144e-17 352.96924 ] 0 1.059713 1.0004597
( 2560 1280 96 ) ( 2559 1280 96 ) ( 2560 1281 96 ) trim_band_teal [ 0.242535625036333 -0.970142500145332 -2.095545958979983e-15 -180.99664 ] [ -0.970142500145332 -0.242535625036333 -5.898059818321144e-17 -159.03076 ] 0 1.059713 1.0004597
( 2576 1184 96 ) ( 2816 1280 224 ) ( 2816 1280 96 ) 64_cyan_1 [ 0.9284766908852594 0.3713906763541037 0 53.760986 ] [ 0 0 -1 0 ] 0 1 1
( 2560 1248 96 ) ( 2576 1184 96 ) ( 2576 1184 224 ) trim_band_teal [ 0.24253562503633502 -0.9701425001453314 0 -180.99689 ] [ 0 0 -1 -288 ] 0 1.059713 1
}
// brush 20
{
( 2531.2 1201.6 96 ) ( 2563.2 1137.6 224 ) ( 2563.2 1137.6 96 ) trim_band_teal [ 0.44721359549996 -0.8944271909999149 0 -237.04486 ] [ 0 0 -1 -288 ] 0 1.059713 1
( 2576 1184 96 ) ( 2816 1280 96 ) ( 2816 1280 224 ) 64_cyan_2 [ -0.9284766908852594 -0.3713906763541037 0 -53.760986 ] [ 0 0 -1 0 ] 0 1 1
( 2816 1024 64 ) ( 2816 1025 64 ) ( 2815 1024 64 ) trim_band_teal [ 0.4472135954999581 -0.8944271909999162 -2.248201624865942e-15 -251.13307 ] [ -0.8944271909999161 -0.44721359549995804 5.551115123125783e-17 383.99805 ] 0 1.059713 1.0062313
( 2560 1280 96 ) ( 2559 1280 96 ) ( 2560 1281 96 ) trim_band_teal [ 0.4472135954999581 -0.8944271909999162 -2.248201624865942e-15 -251.13309 ] [ -0.8944271909999161 -0.44721359549995804 5.551115123125783e-17 -128.00195 ] 0 1.059713 1.0062313
( 2608 1120 96 ) ( 2816 1280 224 ) ( 2816 1280 96 ) 64_cyan_2 [ 0.7926239891046001 0.6097107608496924 0 6.7858887 ] [ 0 0 -1 0 ] 0 1 1
( 2560 1216 96 ) ( 2592 1152 96 ) ( 2592 1152 224 ) trim_band_teal [ 0.44721359549996 -0.8944271909999149 0 -251.13312 ] [ 0 0 -1 -288 ] 0 1.059713 1
}
// brush 21
{
( 2633 1049 96 ) ( 2585 1097 96 ) ( 2585 1097 224 ) trim_band_teal [ 0.7071067811865491 -0.7071067811865458 0 -40.718628 ] [ 0 0 -1 -288 ] 0 1.059713 1
( 2608 1120 96 ) ( 2816 1280 96 ) ( 2816 1280 224 ) 64_cyan_3 [ -0.7926239891046001 -0.6097107608496924 0 -6.7858887 ] [ 0 0 -1 0 ] 0 1 1
( 2816 1024 64 ) ( 2816 1025 64 ) ( 2815 1024 64 ) trim_band_teal [ 0.7071067811865477 -0.7071067811865477 -2.3592239273284576e-15 -64.71863 ] [ -0.7071067811865477 -0.7071067811865477 1.1102230246251565e-16 -350.6067 ] 0 1.059713 1.0164652
( 2560 1280 96 ) ( 2559 1280 96 ) ( 2560 1281 96 ) trim_band_teal [ 0.7071067811865477 -0.7071067811865477 -2.3592239273284576e-15 -64.71863 ] [ -0.7071067811865477 -0.7071067811865477 1.1102230246251565e-16 -350.6067 ] 0 1.059713 1.0164652
( 2656 1072 96 ) ( 2608 1120 224 ) ( 2608 1120 96 ) trim_band_teal [ 0.7071067811865491 -0.7071067811865458 0 -64.71875 ] [ 0 0 -1 -288 ] 0 1.059713 1
( 2656 1072 96 ) ( 2816 1280 224 ) ( 2816 1280 96 ) 64_cyan_3 [ 0.6097107608496924 0.7926239891046001 0 20.804932 ] [ 0 0 -1 0 ] 0 1 1
}
// brush 22
{
( 2656 1072 96 ) ( 2816 1280 96 ) ( 2816 1280 224 ) 64_cyan_1 [ -0.6097107608496924 -0.7926239891046001 0 -20.804932 ] [ 0 0 -1 0 ] 0 1 1
( 2737.6000000000004 995.1999999999998 96 ) ( 2673.6000000000004 1027.1999999999998 96 ) ( 2673.6000000000004 1027.1999999999998 224 ) trim_band_teal [ 0.8944271909999169 -0.44721359549995576 0 -251.2019 ] [ 0 0 -1 -288 ] 0 1.059713 1
( 2816 1024 64 ) ( 2816 1025 64 ) ( 2815 1024 64 ) trim_band_teal [ 0.8944271909999161 -0.4472135954999581 -2.3869795029440866e-15 226.88635 ] [ -0.44721359549995804 -0.8944271909999161 5.551115123125783e-17 -298.66602 ] 0 1.059713 1.0062304
( 2560 1280 96 ) ( 2559 1280 96 ) ( 2560 1281 96 ) trim_band_teal [ 0.8944271909999161 -0.4472135954999581 -2.3869795029440866e-15 226.88635 ] [ -0.44721359549995804 -0.8944271909999161 5.551115123125783e-17 -298.66602 ] 0 1.059713 1.0062304
( 2752 1024 96 ) ( 2688 1056 224 ) ( 2688 1056 96 ) trim_band_teal [ 0.8944271909999169 -0.44721359549995576 0 -285.11377 ] [ 0 0 -1 -288 ] 0 1.059713 1
( 2816 1280 96 ) ( 2720 1040 96 ) ( 2720 1040 224 ) 64_cyan_1 [ 0.37139067635410383 0.9284766908852594 0 49.98047 ] [ 0 0 -1 0 ] 0 1 1
}
// brush 23
{
( 2816 1280 96 ) ( 2720 1040 224 ) ( 2720 1040 96 ) 64_cyan_2 [ -0.37139067635410383 -0.9284766908852594 0 -49.98047 ] [ 0 0 -1 0 ] 0 1 1
( 2712.2352941176473 1008.9411764705882 96 ) ( 2776.2352941176473 992.9411764705882 224 ) ( 2776.2352941176473 992.9411764705882 96 ) trim_band_teal [ 0.9701425001453323 -0.24253562503633047 0 -127.7616 ] [ 0 0 -1 -288 ] 0 1.059713 1
( 2816 1024 64 ) ( 2816 1025 64 ) ( 2815 1024 64 ) trim_band_teal [ 0.970142500145332 -0.242535625036333 8.326672684688674e-17 -168.32495 ] [ -0.242535625036333 -0.970142500145332 -5.551115123125783e-17 -252.11987 ] 0 1.059713 1.0004587
( 2560 1280 96 ) ( 2559 1280 96 ) ( 2560 1281 96 ) trim_band_teal [ 0.970142500145332 -0.242535625036333 8.326672684688674e-17 -168.32495 ] [ -0.242535625036333 -0.970142500145332 -5.551115123125783e-17 259.88013 ] 0 1.059713 1.0004587
( 2720 1040 96 ) ( 2784 1024 96 ) ( 2784 1024 224 ) trim_band_teal [ 0.9701425001453323 -0.24253562503633047 0 -168.3252 ] [ 0 0 -1 -288 ] 0 1.059713 1
( 2784 1024 96 ) ( 2816 1280 224 ) ( 2816 1280 96 ) 64_cyan_2 [ 0.12403473458920852 0.9922778767136677 0 36.571777 ] [ 0 0 -1 0 ] 0 1 1
}
}
