// entity 0
{
"classname" "func_detail"
"_phong" "1"
// brush 0
{
( 2848 1024 32 ) ( 2816 1280 32 ) ( 2816 1280 160 ) 64_cyan_1 [ 0.12403473458920836 -0.9922778767136677 0 12.539673 ] [ 0 0 -1 0 ] 0 1 1
( 2848 1024 32 ) ( 2912 1040 32 ) ( 2912 1040 160 ) trim_band_teal [ -0.9701425001453314 -0.2425356250363316 0 123.63989 ] [ 0 0 -1 -160 ] 0 1.059713 1
( 3072 1280 0 ) ( 3071 1280 0 ) ( 3072 1279 0 ) trim_band_teal [ 0.970142500145332 0.242535625036333 -8.326672684688674e-17 -123.24585 ] [ 0.242535625036333 -0.970142500145332 -5.551115123125783e-17 142.54535 ] 0 1.059713 1.0004597
( 2816 1024 64 ) ( 2816 1023 64 ) ( 2815 1024 64 ) trim_band_teal [ 0.970142500145332 0.242535625036333 -8.326672684688674e-17 -123.24585 ] [ 0.242535625036333 -0.970142500145332 -5.551115123125783e-17 78.54535 ] 0 1.059713 1.0004597
( 2863.5294117647063 961.8823529411766 32 ) ( 2927.5294117647063 977.8823529411766 160 ) ( 2927.5294117647063 977.8823529411766 32 ) trim_band_teal [ 0.970142500145331 0.24253562503633552 0 -428.3723 ] [ 0 0 -1 -160 ] 0 1.059713 1
( 2912 1040 32 ) ( 2816 1280 160 ) ( 2816 1280 32 ) 64_cyan_1 [ -0.37139067635410367 0.9284766908852594 0 -6.8827515 ] [ 0 0 -1 0 ] 0 1 1
}
// brush 1
{
( 2784 1024 0 ) ( 2816 1280 64 ) ( 2784 1024 64 ) 64_cyan_3 [ -0.12403473458920852 -0.9922778767136677 0 -36.571777 ] [ 0 0 -1 0 ] 0 1 1
( 2848 960 64 ) ( 2784 960 0 ) ( 2784 960 64 ) trim_band_teal [ 0.9999999999999998 2.5951463200613034e-15 0 -289.12598 ] [ 0 0 -1 -160 ] 0 1.059713 1
( 2848 1024 0 ) ( 2816 1280 0 ) ( 2784 1024 0 ) trim_band_teal [ 1.0000000000000002 0 0 30.873535 ] [ 0 -1.0000000000000002 0 -160 ] 0 1.059713 1
( 2848 1024 64 ) ( 2784 1024 64 ) ( 2816 1280 64 ) trim_band_teal [ 1.0000000000000002 0 0 30.873535 ] [ 0 -1.0000000000000002 0 -224 ] 0 1.059713 1
( 2848 1024 64 ) ( 2784 1024 64 ) ( 2784 1024 0 ) trim_band_teal [ -0.9999999999999998 -1.3461454173580023e-15 0 -30.47998 ] [ 0 0 -1 -160 ] 0 1.059713 1
( 2816 1280 0 ) ( 2848 1024 64 ) ( 2816 1280 64 ) 64_cyan_3 [ -0.12403473458920836 0.9922778767136677 0 -12.539673 ] [ 0 0 -1 0 ] 0 1 1
}
// brush 2
{
( 2816 1280 32 ) ( 2720 1040 160 ) ( 2720 1040 32 ) 64_cyan_2 [ -0.37139067635410383 -0.9284766908852594 0 -49.98047 ] [ 0 0 -1 0 ] 0 1 1
( 2704.470588235294 977.8823529411765 32 ) ( 2768.470588235294 961.8823529411765 160 ) ( 2768.470588235294 961.8823529411765 32 ) trim_band_teal [ 0.9701425001453323 -0.24253562503633047 0 -503.19763 ] [ 0 0 -1 -160 ] 0 1.059713 1
( 2816 1024 0 ) ( 2816 1025 0 ) ( 2815 1024 0 ) trim_band_teal [ 0.970142500145332 -0.242535625036333 8.326672684688674e-17 -168.32495 ] [ -0.242535625036333 -0.970142500145332 -5.551115123125783e-17 -28.119873 ] 0 1.059713 1.0004587
( 2560 1280 64 ) ( 2559 1280 64 ) ( 2560 1281 64 ) trim_band_teal [ 0.970142500145332 -0.242535625036333 8.326672684688674e-17 -168.32495 ] [ -0.242535625036333 -0.970142500145332 -5.551115123125783e-17 -92.11987 ] 0 1.059713 1.0004587
( 2720 1040 32 ) ( 2784 1024 32 ) ( 2784 1024 160 ) trim_band_teal [ -0.9701425001453319 0.2425356250363317 0 -343.2815 ] [ 0 0 -1 -160 ] 0 1.059713 1
( 2784 1024 32 ) ( 2816 1280 160 ) ( 2816 1280 32 ) 64_cyan_2 [ 0.12403473458920852 0.9922778767136677 0 36.571777 ] [ 0 0 -1 0 ] 0 1 1
}
// brush 3
{
( 2656 1072 32 ) ( 2816 1280 32 ) ( 2816 1280 160 ) 64_cyan_1 [ -0.6097107608496924 -0.7926239891046001 0 -20.804932 ] [ 0 0 -1 0 ] 0 1 1
( 2723.2000000000003 966.3999999999999 32 ) ( 2659.2000000000003 998.3999999999999 32 ) ( 2659.2000000000003 998.3999999999999 160 ) trim_band_teal [ 0.8944271909999169 -0.44721359549995576 0 -121.28967 ] [ 0 0 -1 -160 ] 0 1.059713 1
( 2816 1024 0 ) ( 2816 1025 0 ) ( 2815 1024 0 ) trim_band_teal [ 0.8944271909999161 -0.4472135954999581 -2.3869795029440866e-15 226.88635 ] [ -0.44721359549995804 -0.8944271909999161 5.551115123125783e-17 -74.666016 ] 0 1.059713 1.0062304
( 2560 1280 64 ) ( 2559 1280 64 ) ( 2560 1281 64 ) trim_band_teal [ 0.8944271909999161 -0.4472135954999581 -2.3869795029440866e-15 226.88635 ] [ -0.44721359549995804 -0.8944271909999161 5.551115123125783e-17 -138.66602 ] 0 1.059713 1.0062304
( 2752 1024 32 ) ( 2688 1056 160 ) ( 2688 1056 32 ) trim_band_teal [ -0.894427190999916 0.4472135954999568 0 -226.49292 ] [ 0 0 -1 -160 ] 0 1.059713 1
( 2816 1280 32 ) ( 2720 1040 32 ) ( 2720 1040 160 ) 64_cyan_1 [ 0.37139067635410383 0.9284766908852594 0 49.98047 ] [ 0 0 -1 0 ] 0 1 1
}
// brush 4
{
( 2610 1026 32 ) ( 2562 1074 32 ) ( 2562 1074 160 ) trim_band_teal [ 0.7071067811865491 -0.7071067811865458 0 -432.71826 ] [ 0 0 -1 -160 ] 0 1.059713 1
( 2608 1120 32 ) ( 2816 1280 32 ) ( 2816 1280 160 ) 64_cyan_3 [ -0.7926239891046001 -0.6097107608496924 0 -6.7858887 ] [ 0 0 -1 0 ] 0 1 1
( 2816 1024 0 ) ( 2816 1025 0 ) ( 2815 1024 0 ) trim_band_teal [ 0.7071067811865477 -0.7071067811865477 -2.3592239273284576e-15 -64.71863 ] [ -0.7071067811865477 -0.7071067811865477 1.1102230246251565e-16 -126.60669 ] 0 1.059713 1.0164652
( 2560 1280 64 ) ( 2559 1280 64 ) ( 2560 1281 64 ) trim_band_teal [ 0.7071067811865477 -0.7071067811865477 -2.3592239273284576e-15 -64.71863 ] [ -0.7071067811865477 -0.7071067811865477 1.1102230246251565e-16 -190.60669 ] 0 1.059713 1.0164652
( 2656 1072 32 ) ( 2608 1120 160 ) ( 2608 1120 32 ) trim_band_teal [ -0.7071067811865479 0.7071067811865466 0 -446.88794 ] [ 0 0 -1 -160 ] 0 1.059713 1
( 2656 1072 32 ) ( 2816 1280 160 ) ( 2816 1280 32 ) 64_cyan_3 [ 0.6097107608496924 0.7926239891046001 0 20.804932 ] [ 0 0 -1 0 ] 0 1 1
}
// brush 5
{
( 2502.4 1187.2 32 ) ( 2534.4 1123.2 160 ) ( 2534.4 1123.2 32 ) trim_band_teal [ 0.44721359549996 -0.8944271909999149 0 -126.95624 ] [ 0 0 -1 -160 ] 0 1.059713 1
( 2576 1184 32 ) ( 2816 1280 32 ) ( 2816 1280 160 ) 64_cyan_2 [ -0.9284766908852594 -0.3713906763541037 0 -53.760986 ] [ 0 0 -1 0 ] 0 1 1
( 2816 1024 0 ) ( 2816 1025 0 ) ( 2815 1024 0 ) trim_band_teal [ 0.4472135954999581 -0.8944271909999162 -2.248201624865942e-15 -251.13307 ] [ -0.8944271909999161 -0.44721359549995804 5.551115123125783e-17 95.99805 ] 0 1.059713 1.0062313
( 2560 1280 64 ) ( 2559 1280 64 ) ( 2560 1281 64 ) trim_band_teal [ 0.4472135954999581 -0.8944271909999162 -2.248201624865942e-15 -251.13307 ] [ -0.8944271909999161 -0.44721359549995804 5.551115123125783e-17 31.998047 ] 0 1.059713 1.0062313
( 2608 1120 32 ) ( 2816 1280 160 ) ( 2816 1280 32 ) 64_cyan_2 [ 0.7926239891046001 0.6097107608496924 0 6.7858887 ] [ 0 0 -1 0 ] 0 1 1
( 2560 1216 32 ) ( 2592 1152 32 ) ( 2592 1152 160 ) trim_band_teal [ -0.44721359549995865 0.8944271909999151 0 -260.47363 ] [ 0 0 -1 -160 ] 0 1.059713 1
}
// brush 6
{
( 2497.8823529411766 1232.4705882352941 32 ) ( 2513.8823529411766 1168.4705882352941 160 ) ( 2513.8823529411766 1168.4705882352941 32 ) trim_band_teal [ 0.24253562503633502 -0.9701425001453314 0 -70.12341 ] [ 0 0 -1 -160 ] 0 1.059713 1
( 2560 1248 32 ) ( 2816 1280 32 ) ( 2816 1280 160 ) 64_cyan_1 [ -0.9922778767136677 -0.12403473458920841 0 -3.2749023 ] [ 0 0 -1 0 ] 0 1 1
( 2816 1024 0 ) ( 2816 1025 0 ) ( 2815 1024 0 ) trim_band_teal [ 0.242535625036333 -0.970142500145332 -2.095545958979983e-15 -180.99664 ] [ -0.970142500145332 -0.242535625036333 -5.898059818321144e-17 64.96924 ] 0 1.059713 1.0004597
( 2560 1280 64 ) ( 2559 1280 64 ) ( 2560 1281 64 ) trim_band_teal [ 0.242535625036333 -0.970142500145332 -2.095545958979983e-15 -180.99664 ] [ -0.970142500145332 -0.242535625036333 -5.898059818321144e-17 0.9692383 ] 0 1.059713 1.0004597
( 2576 1184 32 ) ( 2816 1280 160 ) ( 2816 1280 32 ) 64_cyan_1 [ 0.9284766908852594 0.3713906763541037 0 53.760986 ] [ 0 0 -1 0 ] 0 1 1
( 2560 1248 32 ) ( 2576 1184 32 ) ( 2576 1184 160 ) trim_band_teal [ -0.24253562503633366 0.9701425001453312 0 -330.60986 ] [ 0 0 -1 -160 ] 0 1.059713 1
}
// brush 7
{
( 2496 1248 64 ) ( 2496 1312 0 ) ( 2496 1312 64 ) trim_band_teal [ 2.0122792321330962e-15 -1 0 -487.92883 ] [ 0 0 -1 -160 ] 0 1.059713 1
( 2816 1280 0 ) ( 2560 1312 0 ) ( 2560 1248 0 ) trim_band_teal [ 0 -1.0000000000000002 -2.0122792321330966e-15 -71.92932 ] [ -1.0000000000000002 0 0 -160 ] 0 1.059713 1
( 2816 1280 64 ) ( 2560 1248 64 ) ( 2560 1312 64 ) trim_band_teal [ 0 -1.0000000000000002 -2.0122792321330966e-15 -71.92932 ] [ -1.0000000000000002 0 0 -224 ] 0 1.059713 1
( 2816 1280 64 ) ( 2560 1248 0 ) ( 2560 1248 64 ) 64_cyan_3 [ 0.9922778767136677 0.12403473458920841 0 3.2749023 ] [ 0 0 -1 0 ] 0 1 1
( 2816 1280 64 ) ( 2560 1312 0 ) ( 2816 1280 0 ) 64_cyan_3 [ -0.9922778767136677 0.12403473458920869 0 -44.479492 ] [ 0 0 -1 0 ] 0 1 1
( 2560 1248 64 ) ( 2560 1312 64 ) ( 2560 1312 0 ) trim_band_teal [ -7.632783294297951e-16 0.9999999999999996 0 -439.67743 ] [ 0 0 -1 -160 ] 0 1.059713 1
}
// brush 8
{
( 2513.8823529411766 1391.5294117647059 32 ) ( 2497.8823529411766 1327.5294117647059 160 ) ( 2497.8823529411766 1327.5294117647059 32 ) trim_band_teal [ -0.24253562503633108 -0.9701425001453323 0 -465.86243 ] [ 0 0 -1 -160 ] 0 1.059713 1
( 2560 1312 32 ) ( 2816 1280 160 ) ( 2816 1280 32 ) 64_cyan_2 [ 0.9922778767136677 -0.12403473458920869 0 44.479492 ] [ 0 0 -1 0 ] 0 1 1
( 2560 1280 0 ) ( 2561 1280 0 ) ( 2560 1281 0 ) trim_band_teal [ -0.242535625036333 -0.970142500145332 -1.9567680809018384e-15 -34.98987 ] [ -0.970142500145332 0.242535625036333 -5.898059818321144e-17 -43.636963 ] 0 1.059713 1.0004597
( 2816 1536 64 ) ( 2816 1537 64 ) ( 2817 1536 64 ) trim_band_teal [ -0.242535625036333 -0.970142500145332 -1.9567680809018384e-15 -34.98987 ] [ -0.970142500145332 0.242535625036333 -5.898059818321144e-17 -107.63696 ] 0 1.059713 1.0004597
( 2816 1280 32 ) ( 2576 1376 160 ) ( 2576 1376 32 ) 64_cyan_2 [ -0.9284766908852594 0.371390676354104 0 -17.056152 ] [ 0 0 -1 0 ] 0 1 1
( 2576 1376 32 ) ( 2560 1312 32 ) ( 2560 1312 160 ) trim_band_teal [ 0.2425356250363322 0.9701425001453317 0 -476.61682 ] [ 0 0 -1 -160 ] 0 1.059713 1
}
// brush 9
{
( 2502.4 1372.8 32 ) ( 2534.4 1436.8 32 ) ( 2534.4 1436.8 160 ) trim_band_teal [ -0.4472135954999564 -0.8944271909999166 0 -79.93872 ] [ 0 0 -1 -160 ] 0 1.059713 1
( 2816 1280 32 ) ( 2576 1376 32 ) ( 2576 1376 160 ) 64_cyan_1 [ 0.9284766908852594 -0.371390676354104 0 17.056152 ] [ 0 0 -1 0 ] 0 1 1
( 2560 1280 0 ) ( 2561 1280 0 ) ( 2560 1281 0 ) trim_band_teal [ -0.447213595499958 -0.8944271909999161 -1.7486012637846216e-15 -147.76294 ] [ -0.8944271909999161 0.44721359549995804 5.551115123125783e-17 -17.778198 ] 0 1.059713 1.0062308
( 2816 1536 64 ) ( 2816 1537 64 ) ( 2817 1536 64 ) trim_band_teal [ -0.447213595499958 -0.8944271909999161 -1.7486012637846216e-15 -147.76294 ] [ -0.8944271909999161 0.44721359549995804 5.551115123125783e-17 -81.7782 ] 0 1.059713 1.0062308
( 2608 1440 32 ) ( 2816 1280 32 ) ( 2816 1280 160 ) 64_cyan_1 [ -0.7926239891046001 0.6097107608496924 0 -20.70996 ] [ 0 0 -1 0 ] 0 1 1
( 2560 1344 32 ) ( 2592 1408 160 ) ( 2592 1408 32 ) trim_band_teal [ 0.4472135954999572 0.8944271909999157 0 -363.844 ] [ 0 0 -1 -160 ] 0 1.059713 1
}
// brush 10
{
( 2562 1486 32 ) ( 2610 1534 32 ) ( 2610 1534 160 ) trim_band_teal [ -0.7071067811865462 -0.7071067811865487 0 285.3042 ] [ 0 0 -1 -160 ] 0 1.059713 1
( 2608 1440 32 ) ( 2816 1280 160 ) ( 2816 1280 32 ) 64_cyan_3 [ 0.7926239891046001 -0.6097107608496924 0 20.70996 ] [ 0 0 -1 0 ] 0 1 1
( 2560 1280 0 ) ( 2561 1280 0 ) ( 2560 1281 0 ) trim_band_teal [ -0.7071067811865477 -0.7071067811865476 -1.7486012637846216e-15 237.30396 ] [ -0.7071067811865477 0.7071067811865477 1.1102230246251565e-16 140.52191 ] 0 1.059713 1.0164659
( 2816 1536 64 ) ( 2816 1537 64 ) ( 2817 1536 64 ) trim_band_teal [ -0.7071067811865477 -0.7071067811865476 -1.7486012637846216e-15 237.30396 ] [ -0.7071067811865477 0.7071067811865477 1.1102230246251565e-16 76.52191 ] 0 1.059713 1.0164659
( 2608 1440 32 ) ( 2656 1488 160 ) ( 2656 1488 32 ) trim_band_teal [ 0.7071067811865468 0.7071067811865476 0 -236.9104 ] [ 0 0 -1 -160 ] 0 1.059713 1
( 2656 1488 32 ) ( 2816 1280 32 ) ( 2816 1280 160 ) 64_cyan_3 [ -0.6097107608496924 0.7926239891046001 0 -12.858093 ] [ 0 0 -1 0 ] 0 1 1
}
// brush 11
{
( 2656 1488 32 ) ( 2816 1280 160 ) ( 2816 1280 32 ) 64_cyan_2 [ 0.6097107608496924 -0.7926239891046001 0 12.858093 ] [ 0 0 -1 0 ] 0 1 1
( 2723.199999999997 1593.6000000000056 32 ) ( 2659.199999999997 1561.6000000000056 160 ) ( 2659.199999999997 1561.6000000000056 32 ) trim_band_teal [ -0.8944271909999151 -0.4472135954999593 0 370.03906 ] [ 0 0 -1 -160 ] 0 1.059713 1
( 2560 1280 0 ) ( 2561 1280 0 ) ( 2560 1281 0 ) trim_band_teal [ -0.8944271909999161 -0.44721359549995804 -1.582067810090848e-15 -170.13745 ] [ -0.44721359549995804 0.8944271909999161 5.551115123125783e-17 209.77792 ] 0 1.059713 1.0062308
( 2816 1536 64 ) ( 2816 1537 64 ) ( 2817 1536 64 ) trim_band_teal [ -0.8944271909999161 -0.44721359549995804 -1.582067810090848e-15 -170.13745 ] [ -0.44721359549995804 0.8944271909999161 5.551115123125783e-17 145.77792 ] 0 1.059713 1.0062308
( 2752 1536 32 ) ( 2688 1504 32 ) ( 2688 1504 160 ) trim_band_teal [ 0.8944271909999153 0.4472135954999582 0 -341.46875 ] [ 0 0 -1 -160 ] 0 1.059713 1
( 2720 1520 32 ) ( 2816 1280 32 ) ( 2816 1280 160 ) 64_cyan_2 [ -0.37139067635410355 0.9284766908852594 0 -22.345276 ] [ 0 0 -1 0 ] 0 1 1
}
// brush 12
{
( 2720 1520 32 ) ( 2816 1280 160 ) ( 2816 1280 32 ) 64_cyan_1 [ 0.37139067635410355 -0.9284766908852594 0 22.345276 ] [ 0 0 -1 0 ] 0 1 1
( 2768.470588235294 1598.1176470588234 32 ) ( 2704.470588235294 1582.1176470588234 160 ) ( 2704.470588235294 1582.1176470588234 32 ) trim_band_teal [ -0.9701425001453314 -0.2425356250363343 0 257.49658 ] [ 0 0 -1 -160 ] 0 1.059713 1
( 2560 1280 0 ) ( 2561 1280 0 ) ( 2560 1281 0 ) trim_band_teal [ -0.9701425001453319 -0.24253562503633294 -1.4155343563970746e-15 242.62354 ] [ -0.242535625036333 0.970142500145332 -5.551115123125783e-17 49.08026 ] 0 1.059713 1
( 2816 1536 64 ) ( 2816 1537 64 ) ( 2817 1536 64 ) trim_band_teal [ -0.9701425001453319 -0.24253562503633294 -1.4155343563970746e-15 242.62354 ] [ -0.242535625036333 0.970142500145332 -5.551115123125783e-17 -14.919739 ] 0 1.059713 1
( 2784 1536 32 ) ( 2720 1520 32 ) ( 2720 1520 160 ) trim_band_teal [ 0.9701425001453314 0.24253562503633314 0 -242.22974 ] [ 0 0 -1 -160 ] 0 1.059713 1
( 2784 1536 32 ) ( 2816 1280 32 ) ( 2816 1280 160 ) 64_cyan_1 [ -0.12403473458920825 0.9922778767136677 0 26.871704 ] [ 0 0 -1 0 ] 0 1 1
}
// brush 13
{
( 2784 1536 0 ) ( 2816 1280 64 ) ( 2816 1280 0 ) 64_cyan_3 [ 0.12403473458920825 -0.9922778767136677 0 -26.871704 ] [ 0 0 -1 0 ] 0 1 1
( 2848 1536 64 ) ( 2848 1536 0 ) ( 2784 1536 0 ) trim_band_teal [ 0.9999999999999996 1.942890293094024e-16 0 30.87378 ] [ 0 0 -1 -160 ] 0 1.059713 1
( 2848 1536 0 ) ( 2784 1536 0 ) ( 2816 1280 0 ) trim_band_teal [ -1 0 -1.3183898417423736e-15 -30.47998 ] [ 0 1.0000000000000002 0 352.00012 ] 0 1.059713 1
( 2848 1536 64 ) ( 2816 1280 64 ) ( 2784 1536 64 ) trim_band_teal [ -1 0 -1.3461454173580023e-15 -30.47998 ] [ 0 1.0000000000000002 0 -224 ] 0 1.059713 1
( 2848 1600 64 ) ( 2784 1600 0 ) ( 2848 1600 0 ) trim_band_teal [ -0.9999999999999998 -1.3461454173580023e-15 0 -30.47998 ] [ 0 0 -1 -160 ] 0 1.059713 1
( 2848 1536 64 ) ( 2816 1280 0 ) ( 2816 1280 64 ) 64_cyan_3 [ 0.12403473458920863 0.9922778767136677 0 52.632935 ] [ 0 0 -1 0 ] 0 1 1
}
// brush 14
{
( 2848 1536 32 ) ( 2816 1280 160 ) ( 2816 1280 32 ) 64_cyan_2 [ -0.12403473458920863 -0.9922778767136677 0 -52.632935 ] [ 0 0 -1 0 ] 0 1 1
( 2912 1520 32 ) ( 2848 1536 32 ) ( 2848 1536 160 ) trim_band_teal [ 0.9701425001453314 -0.24253562503633275 0 462.65942 ] [ 0 0 -1 -160 ] 0 1.059713 1
( 2816 1536 0 ) ( 2816 1535 0 ) ( 2817 1536 0 ) trim_band_teal [ -0.9701425001453318 0.24253562503633294 -1.2212453270876722e-15 -462.26562 ] [ 0.242535625036333 0.970142500145332 -5.551115123125783e-17 -292.88037 ] 0 1.059713 1
( 3072 1280 64 ) ( 3073 1280 64 ) ( 3072 1279 64 ) trim_band_teal [ -0.9701425001453318 0.24253562503633294 -1.2212453270876722e-15 -462.26562 ] [ 0.242535625036333 0.970142500145332 -5.551115123125783e-17 -356.88037 ] 0 1.059713 1
( 2927.529411764706 1582.1176470588236 32 ) ( 2863.529411764706 1598.1176470588236 160 ) ( 2863.529411764706 1598.1176470588236 32 ) trim_band_teal [ -0.9701425001453323 0.2425356250363295 0 418.86206 ] [ 0 0 -1 -160 ] 0 1.059713 1
( 2816 1280 32 ) ( 2912 1520 160 ) ( 2912 1520 32 ) 64_cyan_2 [ 0.37139067635410394 0.9284766908852594 0 25.447266 ] [ 0 0 -1 0 ] 0 1 1
}
// brush 15
{
( 2816 1280 32 ) ( 2912 1520 32 ) ( 2912 1520 160 ) 64_cyan_1 [ -0.37139067635410394 -0.9284766908852594 0 -25.447266 ] [ 0 0 -1 0 ] 0 1 1
( 2880 1536 32 ) ( 2944 1504 160 ) ( 2944 1504 32 ) trim_band_teal [ 0.8944271909999153 -0.44721359549995776 0 452.29834 ] [ 0 0 -1 -160 ] 0 1.059713 1
( 2816 1536 0 ) ( 2816 1535 0 ) ( 2817 1536 0 ) trim_band_teal [ -0.894427190999916 0.44721359549995804 -1.0824674490095276e-15 60.095337 ] [ 0.44721359549995804 0.8944271909999161 5.551115123125783e-17 266.66626 ] 0 1.059713 1.0062304
( 3072 1280 64 ) ( 3073 1280 64 ) ( 3072 1279 64 ) trim_band_teal [ -0.894427190999916 0.44721359549995804 -1.0824674490095276e-15 60.095337 ] [ 0.44721359549995804 0.8944271909999161 5.551115123125783e-17 202.66626 ] 0 1.059713 1.0062304
( 2908.8 1593.6 32 ) ( 2972.8 1561.6 32 ) ( 2972.8 1561.6 160 ) trim_band_teal [ -0.8944271909999171 0.44721359549995476 0 415.91956 ] [ 0 0 -1 -160 ] 0 1.059713 1
( 2976 1488 32 ) ( 2816 1280 32 ) ( 2816 1280 160 ) 64_cyan_1 [ 0.6097107608496924 0.7926239891046001 0 20.186768 ] [ 0 0 -1 0 ] 0 1 1
}
// brush 16
{
( 2976 1488 32 ) ( 2816 1280 160 ) ( 2816 1280 32 ) 64_cyan_3 [ -0.6097107608496924 -0.7926239891046001 0 -20.186768 ] [ 0 0 -1 0 ] 0 1 1
( 2976 1488 32 ) ( 3024 1440 160 ) ( 3024 1440 32 ) trim_band_teal [ 0.7071067811865469 -0.7071067811865472 0 319.28174 ] [ 0 0 -1 -160 ] 0 1.059713 1
( 2816 1536 0 ) ( 2816 1535 0 ) ( 2817 1536 0 ) trim_band_teal [ -0.7071067811865475 0.7071067811865476 -1.0824674490095276e-15 193.11206 ] [ 0.7071067811865477 0.7071067811865477 1.1102230246251565e-16 318.60913 ] 0 1.059713 1.0164661
( 3072 1280 64 ) ( 3073 1280 64 ) ( 3072 1279 64 ) trim_band_teal [ -0.7071067811865475 0.7071067811865476 -1.0824674490095276e-15 193.11206 ] [ 0.7071067811865477 0.7071067811865477 1.1102230246251565e-16 254.60913 ] 0 1.059713 1.0164661
( 3024 1440 32 ) ( 2816 1280 32 ) ( 2816 1280 160 ) 64_cyan_3 [ 0.7926239891046001 0.6097107608496924 0 48.2959 ] [ 0 0 -1 0 ] 0 1 1
( 3022 1534 32 ) ( 3070 1486 32 ) ( 3070 1486 160 ) trim_band_teal [ -0.7071067811865497 0.707106781186545 0 17.11267 ] [ 0 0 -1 -160 ] 0 1.059713 1
}
// brush 17
{
( 3072 1344 32 ) ( 3040 1408 32 ) ( 3040 1408 160 ) trim_band_teal [ 0.44721359549995743 -0.8944271909999155 0 291.45557 ] [ 0 0 -1 -160 ] 0 1.059713 1
( 3024 1440 32 ) ( 2816 1280 160 ) ( 2816 1280 32 ) 64_cyan_2 [ -0.7926239891046001 -0.6097107608496924 0 -48.2959 ] [ 0 0 -1 0 ] 0 1 1
( 2816 1536 0 ) ( 2816 1535 0 ) ( 2817 1536 0 ) trim_band_teal [ -0.447213595499958 0.894427190999916 -9.43689570931383e-16 220.93831 ] [ 0.8944271909999161 0.44721359549995804 5.551115123125783e-17 95.99902 ] 0 1.059713 1.0062304
( 3072 1280 64 ) ( 3073 1280 64 ) ( 3072 1279 64 ) trim_band_teal [ -0.447213595499958 0.894427190999916 -9.43689570931383e-16 220.93831 ] [ 0.8944271909999161 0.44721359549995804 5.551115123125783e-17 31.999023 ] 0 1.059713 1.0062304
( 3056 1376 32 ) ( 2816 1280 32 ) ( 2816 1280 160 ) 64_cyan_2 [ 0.9284766908852594 0.3713906763541036 0 38.29834 ] [ 0 0 -1 0 ] 0 1 1
( 3129.6 1372.8 32 ) ( 3097.6 1436.8 160 ) ( 3097.6 1436.8 32 ) trim_band_teal [ -0.44721359549996076 0.8944271909999142 0 25.115234 ] [ 0 0 -1 -160 ] 0 1.059713 1
}
// brush 18
{
( 3072 1312 32 ) ( 3056 1376 32 ) ( 3056 1376 160 ) trim_band_teal [ 0.24253562503633236 -0.9701425001453314 0 468.01953 ] [ 0 0 -1 -160 ] 0 1.059713 1
( 3056 1376 32 ) ( 2816 1280 160 ) ( 2816 1280 32 ) 64_cyan_1 [ -0.9284766908852594 -0.3713906763541036 0 -38.29834 ] [ 0 0 -1 0 ] 0 1 1
( 2816 1536 0 ) ( 2816 1535 0 ) ( 2817 1536 0 ) trim_band_teal [ -0.24253562503633297 0.9701425001453319 -7.771561172376096e-16 44.374268 ] [ 0.970142500145332 0.242535625036333 -5.898059818321144e-17 127.028076 ] 0 1.059713 1.0004587
( 3072 1280 64 ) ( 3073 1280 64 ) ( 3072 1279 64 ) trim_band_teal [ -0.24253562503633297 0.9701425001453319 -7.771561172376096e-16 44.374268 ] [ 0.970142500145332 0.242535625036333 -5.898059818321144e-17 63.028076 ] 0 1.059713 1.0004587
( 3072 1312 32 ) ( 2816 1280 32 ) ( 2816 1280 160 ) 64_cyan_1 [ 0.9922778767136677 0.1240347345892083 0 42.686768 ] [ 0 0 -1 0 ] 0 1 1
( 3134.1176470588234 1327.5294117647059 32 ) ( 3118.1176470588234 1391.5294117647059 160 ) ( 3118.1176470588234 1391.5294117647059 32 ) trim_band_teal [ -0.24253562503633597 0.970142500145331 0 347.2478 ] [ 0 0 -1 -160 ] 0 1.059713 1
}
// brush 19
{
( 3072 1312 64 ) ( 3072 1248 64 ) ( 3072 1248 0 ) trim_band_teal [ -5.551115123125783e-16 -0.9999999999999993 0 184.07129 ] [ 0 0 -1 -160 ] 0 1.059713 1
( 2816 1280 0 ) ( 3072 1248 64 ) ( 3072 1248 0 ) 64_cyan_3 [ 0.9922778767136677 -0.12403473458920858 0 60.54077 ] [ 0 0 -1 0 ] 0 1 1
( 2816 1280 0 ) ( 3072 1312 64 ) ( 2816 1280 64 ) 64_cyan_3 [ -0.9922778767136677 -0.1240347345892083 0 -42.686768 ] [ 0 0 -1 0 ] 0 1 1
( 3072 1312 0 ) ( 2816 1280 0 ) ( 3072 1248 0 ) trim_band_teal [ 0 1 -6.938893903907229e-16 328.32263 ] [ 1.0000000000000002 0 0 -160 ] 0 1.059713 1
( 3072 1312 64 ) ( 3072 1248 64 ) ( 2816 1280 64 ) trim_band_teal [ 0 1 -6.938893903907229e-16 328.32263 ] [ 1.0000000000000002 0 0 -224 ] 0 1.059713 1
( 3136 1312 64 ) ( 3136 1248 0 ) ( 3136 1248 64 ) trim_band_teal [ -3.039235529911366e-15 0.9999999999999998 0 104.323 ] [ 0 0 -1 -160 ] 0 1.059713 1
}
// brush 20
{
( 3056 1184 32 ) ( 3072 1248 32 ) ( 3072 1248 160 ) trim_band_teal [ -0.2425356250363334 -0.970142500145331 0 339.99487 ] [ 0 0 -1 -160 ] 0 1.059713 1
( 2816 1280 32 ) ( 3056 1184 160 ) ( 3056 1184 32 ) 64_cyan_2 [ 0.9284766908852594 -0.3713906763541039 0 56.52295 ] [ 0 0 -1 0 ] 0 1 1
( 3072 1280 0 ) ( 3071 1280 0 ) ( 3072 1279 0 ) trim_band_teal [ 0.242535625036333 0.970142500145332 -6.38378239159465e-16 172.39917 ] [ 0.970142500145332 -0.242535625036333 -5.898059818321144e-17 235.63696 ] 0 1.059713 1.0004597
( 2816 1024 64 ) ( 2816 1023 64 ) ( 2815 1024 64 ) trim_band_teal [ 0.242535625036333 0.970142500145332 -6.38378239159465e-16 172.39917 ] [ 0.970142500145332 -0.242535625036333 -5.898059818321144e-17 171.63696 ] 0 1.059713 1.0004597
( 3072 1248 32 ) ( 2816 1280 160 ) ( 2816 1280 32 ) 64_cyan_2 [ -0.9922778767136677 0.12403473458920858 0 -60.54077 ] [ 0 0 -1 0 ] 0 1 1
( 3118.1176470588234 1168.4705882352941 32 ) ( 3134.1176470588234 1232.4705882352941 160 ) ( 3134.1176470588234 1232.4705882352941 32 ) trim_band_teal [ 0.24253562503633003 0.9701425001453323 0 445.52637 ] [ 0 0 -1 -160 ] 0 1.059713 1
}
// brush 21
{
( 3072 1216 32 ) ( 3040 1152 160 ) ( 3040 1152 32 ) trim_band_teal [ -0.4472135954999583 -0.8944271909999149 0 333.64954 ] [ 0 0 -1 -160 ] 0 1.059713 1
( 3024 1120 32 ) ( 2816 1280 32 ) ( 2816 1280 160 ) 64_cyan_1 [ 0.7926239891046001 -0.6097107608496924 0 20.091309 ] [ 0 0 -1 0 ] 0 1 1
( 3072 1280 0 ) ( 3071 1280 0 ) ( 3072 1279 0 ) trim_band_teal [ 0.44721359549995804 0.8944271909999162 -4.440892098500626e-16 178.74414 ] [ 0.8944271909999161 -0.44721359549995804 5.551115123125783e-17 209.7771 ] 0 1.059713 1.0062304
( 2816 1024 64 ) ( 2816 1023 64 ) ( 2815 1024 64 ) trim_band_teal [ 0.44721359549995804 0.8944271909999162 -4.440892098500626e-16 178.74414 ] [ 0.8944271909999161 -0.44721359549995804 5.551115123125783e-17 145.7771 ] 0 1.059713 1.0062304
( 2816 1280 32 ) ( 3056 1184 32 ) ( 3056 1184 160 ) 64_cyan_1 [ -0.9284766908852594 0.3713906763541039 0 -56.52295 ] [ 0 0 -1 0 ] 0 1 1
( 3129.6 1187.2 32 ) ( 3097.6 1123.2 32 ) ( 3097.6 1123.2 160 ) trim_band_teal [ 0.4472135954999553 0.8944271909999169 0 438.56836 ] [ 0 0 -1 -160 ] 0 1.059713 1
}
// brush 22
{
( 2976 1072 32 ) ( 2816 1280 32 ) ( 2816 1280 160 ) 64_cyan_3 [ 0.6097107608496924 -0.7926239891046001 0 54.368286 ] [ 0 0 -1 0 ] 0 1 1
( 3024 1120 32 ) ( 2976 1072 160 ) ( 2976 1072 32 ) trim_band_teal [ -0.7071067811865477 -0.7071067811865464 0 365.30444 ] [ 0 0 -1 -160 ] 0 1.059713 1
( 3072 1280 0 ) ( 3071 1280 0 ) ( 3072 1279 0 ) trim_band_teal [ 0.7071067811865477 0.7071067811865478 -3.885780586188048e-16 147.08936 ] [ 0.7071067811865477 -0.7071067811865477 1.1102230246251565e-16 51.47827 ] 0 1.059713 1.0164659
( 2816 1024 64 ) ( 2816 1023 64 ) ( 2815 1024 64 ) trim_band_teal [ 0.7071067811865477 0.7071067811865478 -3.885780586188048e-16 147.08936 ] [ 0.7071067811865477 -0.7071067811865477 1.1102230246251565e-16 -12.5217285 ] 0 1.059713 1.0164659
( 3024 1120 32 ) ( 2816 1280 160 ) ( 2816 1280 32 ) 64_cyan_3 [ -0.7926239891046001 0.6097107608496924 0 -20.091309 ] [ 0 0 -1 0 ] 0 1 1
( 3070 1074 32 ) ( 3022 1026 32 ) ( 3022 1026 160 ) trim_band_teal [ 0.7071067811865454 0.7071067811865492 0 -124.91016 ] [ 0 0 -1 -160 ] 0 1.059713 1
}
// brush 23
{
( 2912 1040 32 ) ( 2816 1280 32 ) ( 2816 1280 160 ) 64_cyan_2 [ 0.37139067635410367 -0.9284766908852594 0 6.8827515 ] [ 0 0 -1 0 ] 0 1 1
( 2880 1024 32 ) ( 2944 1056 32 ) ( 2944 1056 160 ) trim_band_teal [ -0.8944271909999157 -0.44721359549995676 0 116.451416 ] [ 0 0 -1 -160 ] 0 1.059713 1
( 3072 1280 0 ) ( 3071 1280 0 ) ( 3072 1279 0 ) trim_band_teal [ 0.894427190999916 0.447213595499958 -2.498001805406602e-16 -116.05737 ] [ 0.44721359549995804 -0.8944271909999161 5.551115123125783e-17 -17.777771 ] 0 1.059713 1.0062307
( 2816 1024 64 ) ( 2816 1023 64 ) ( 2815 1024 64 ) trim_band_teal [ 0.894427190999916 0.447213595499958 -2.498001805406602e-16 -116.05737 ] [ 0.44721359549995804 -0.8944271909999161 5.551115123125783e-17 -81.77777 ] 0 1.059713 1.0062307
( 2908.799999999998 966.4000000000035 32 ) ( 2972.799999999998 998.4000000000035 160 ) ( 2972.799999999998 998.4000000000035 32 ) trim_band_teal [ 0.8944271909999144 0.44721359549996037 0 -407.88037 ] [ 0 0 -1 -160 ] 0 1.059713 1
( 2976 1072 32 ) ( 2816 1280 160 ) ( 2816 1280 32 ) 64_cyan_2 [ -0.6097107608496924 0.7926239891046001 0 -54.368286 ] [ 0 0 -1 0 ] 0 1 1
}
}
