// entity 0
{
"classname" "func_group"
// brush 0
{
( 1788 2368 0 ) ( 1772 2400 0 ) ( 1772 2400 32 ) trim_band_teal [ 1.4432899320127035e-15 1.0000000000000004 0 -320 ] [ 0 0 -1.0000000000000002 160 ] 0 1 1
( 1788 2392 32 ) ( 1916 2392 32 ) ( 1916 2392 0 ) trim_band_teal [ 1.0000000000000002 0 0 399.9723 ] [ 0 0 -1.0000000000000002 24 ] 0 1 1
( 1916 2368 0 ) ( 1916 2400 0 ) ( 1772 2400 0 ) trim_band_teal [ 1.0000000000000002 0 1.3877787807814459e-15 -251.99976 ] [ 0 -1.0000000000000002 0 360 ] 0 1 1
( 1772 2400 8 ) ( 1916 2400 8 ) ( 1916 2368 8 ) trim_band_teal [ 1.0000000000000002 0 1.3877787807814459e-15 -251.99976 ] [ 0 -1.0000000000000002 0 360 ] 0 1 1
( 1916 2400 0 ) ( 1916 2400 32 ) ( 1772 2400 32 ) trim_band_teal [ 1 -1.3877787807814457e-15 0 -251.99976 ] [ 0 0 -1 24 ] 0 1 1
( 1808 2368 32 ) ( 1808 2400 32 ) ( 1808 2400 0 ) trim_band_teal [ 1.4432899320127035e-15 0 -1.0000000000000004 -439.99982 ] [ 0 -1.0000000000000002 0 360 ] 0 1 1
}
// brush 1
{
( 1770 2350 0 ) ( 1746 2374 0 ) ( 1746 2374 32 ) trim_band_teal [ -3.00654647455989e-07 3.0065464595718794e-07 0.9999999999999089 -91.88219 ] [ 0.7071067811864824 -0.7071067811864837 4.251898789719988e-07 -85.33865 ] 314.99997 1 1.060674
( 1740 2368 32 ) ( 1740 2368 0 ) ( 1772 2400 0 ) trim_band_teal [ 0.7071067811865485 0.7071067811865466 0 -397.04932 ] [ 0 0 -1 24 ] 0 1.06066 1
( 1764 2344 0 ) ( 1788 2368 0 ) ( 1772 2400 0 ) trim_band_teal [ 0.7071064805318362 0.7071070818411296 9.81307369435131e-16 105.95044 ] [ 0.7071070818411296 -0.7071064805318362 9.813082039194094e-16 452.06186 ] 314.99997 1 1
( 1772 2400 8 ) ( 1788 2368 8 ) ( 1764 2344 8 ) trim_band_teal [ 0.7071064805318362 0.7071070818411296 9.81307369435131e-16 105.95044 ] [ 0.7071070818411296 -0.7071064805318362 9.813082039194094e-16 426.66016 ] 314.99997 1 1.060674
( 1746 2362 32 ) ( 1770 2386 32 ) ( 1770 2386 0 ) trim_band_teal [ 0.7071067811865477 0.7071067811865477 0 -90.66675 ] [ 0 0 -1.0000000000000002 24 ] 0 1.0606604 1
( 1788 2368 0 ) ( 1788 2368 32 ) ( 1772 2400 32 ) trim_band_teal [ 3.090862038535038e-08 -3.090862038535038e-08 0.9999999999999996 -16.000132 ] [ -0.7071067811865472 0.7071067811865472 4.371139006309478e-08 253.33298 ] 270 1 1.0606599
}
}
