// entity 0
{
"classname" "func_group"
// brush 0
{
( 1773 2379 0 ) ( 1749 2403 0 ) ( 1749 2403 32 ) trim_band_teal [ -3.6124284757965697e-07 3.6124284613636704e-07 0.9999999999998697 -87.88242 ] [ 0.7071067811864546 -0.7071067811864561 5.108745333437525e-07 407.9985 ] 314.99997 1 1.0606638
( 1742 2396 32 ) ( 1742 2396 0 ) ( 1774 2428 0 ) trim_band_teal [ 0.7071067811865485 0.7071067811865466 0 -417.04932 ] [ 0 0 -1 -20 ] 0 1.06066 1
( 1766 2372 0 ) ( 1790 2396 0 ) ( 1774 2428 0 ) trim_band_teal [ 0.7071064199436083 0.7071071424293021 9.81307285352074e-16 -427.2627 ] [ 0.7071071424293021 -0.7071064199436083 9.813082880023887e-16 407.99707 ] 314.99997 1 1.0606638
( 1774 2428 4 ) ( 1790 2396 4 ) ( 1766 2372 4 ) trim_band_teal [ 0.7071064199436083 0.7071071424293021 9.81307285352074e-16 -427.2627 ] [ 0.7071071424293021 -0.7071064199436083 9.813082880023887e-16 407.99707 ] 314.99997 1 1.0606638
( 1745 2393 32 ) ( 1769 2417 32 ) ( 1769 2417 0 ) trim_band_teal [ 0.7071067811865477 0.7071067811865477 0 -112 ] [ 0 0 -1.0000000000000002 -20 ] 0 1.0606604 1
( 1790 2396 0 ) ( 1790 2396 32 ) ( 1774 2428 32 ) trim_band_teal [ 3.090862038535038e-08 -3.090862038535038e-08 0.9999999999999996 -16.000128 ] [ -0.7071067811865472 0.7071067811865472 4.371139006309478e-08 -276.0004 ] 270 1 1.0606599
}
// brush 1
{
( 1790 2396 0 ) ( 1774 2428 0 ) ( 1774 2428 32 ) trim_band_teal [ 1.4432899320127035e-15 1.0000000000000004 0 -348 ] [ 0 0 -1.0000000000000002 160 ] 0 1 1
( 1790 2424 32 ) ( 1918 2424 32 ) ( 1918 2424 0 ) trim_band_teal [ 1.0000000000000002 0 0 399.97217 ] [ 0 0 -1.0000000000000002 -20 ] 0 1 1
( 1918 2396 0 ) ( 1918 2428 0 ) ( 1774 2428 0 ) trim_band_teal [ 1.0000000000000002 0 1.3877787807814459e-15 -253.99976 ] [ 0 -1.0000000000000002 0 352 ] 0 1 1
( 1774 2428 4 ) ( 1918 2428 4 ) ( 1918 2396 4 ) trim_band_teal [ 1.0000000000000002 0 1.3877787807814459e-15 -253.99976 ] [ 0 -1.0000000000000002 0 352 ] 0 1 1
( 1918 2428 0 ) ( 1918 2428 32 ) ( 1774 2428 32 ) trim_band_teal [ 1 -1.3877787807814457e-15 0 -253.99976 ] [ 0 0 -1 -20 ] 0 1 1
( 1808 2396 32 ) ( 1808 2428 32 ) ( 1808 2428 0 ) trim_band_teal [ 1.4432899320127035e-15 0 -1.0000000000000004 -443.99982 ] [ 0 -1.0000000000000002 0 352 ] 0 1 1
}
}
