// entity 0
{
"classname" "func_group"
// brush 0
{
( 6312 2536 64 ) ( 6312 2520 192 ) ( 6312 2520 64 ) trim_band_teal [ 0 -1 0 -103.999756 ] [ 0 0 -1 -56.535645 ] 270 1 1.0606599
( 6340 2444 128 ) ( 6316 2468 96 ) ( 6316 2468 128 ) trim_band_teal [ 0.7071067811865477 -0.7071067811865477 0 127.99951 ] [ 0 0 -1.0000000000000002 176 ] 0 1.0606604 1
( 6328 2432 96 ) ( 6320 2488 96 ) ( 6304 2456 96 ) trim_band_teal [ 0.7071071364556478 -0.7071064259172704 9.813082797122784e-16 336.00317 ] [ -0.7071064259172704 -0.7071071364556478 -9.81307293642195e-16 287.94873 ] 44.999954 1.060657 1.0606694
( 6320 2488 112 ) ( 6328 2432 112 ) ( 6304 2456 112 ) trim_band_teal [ 0.7071071364556478 -0.7071064259172704 9.813082797122784e-16 336.00317 ] [ -0.7071064259172704 -0.7071071364556478 -9.81307293642195e-16 287.94873 ] 44.999954 1.060657 1.0606694
( 6352 2456 128 ) ( 6320 2488 96 ) ( 6352 2456 96 ) trim_band_teal [ 0.7071067811865467 -0.7071067811865485 0 367.9995 ] [ 0 0 -1.0000000000000002 176 ] 0 1.06066 1
( 6324 2436 96 ) ( 6348 2460 128 ) ( 6348 2460 96 ) trim_band_teal [ 1.1657341758564144e-15 -9.43689570931383e-16 1.0000000000000004 -182.22522 ] [ -0.7071067811865477 -0.7071067811865479 -5.551115123125783e-17 131.22607 ] 0 1 1
}
// brush 1
{
( 6300 2436 96 ) ( 6276 2460 96 ) ( 6276 2460 128 ) trim_band_teal [ 3.467123492417734e-06 -3.4671234939720463e-06 0.9999999999879794 166.40723 ] [ 0.707106781178047 -0.7071067811780483 -4.903253066401714e-06 64.022705 ] 315.00024 1.060657 1.0606694
( 6272 2456 128 ) ( 6272 2456 96 ) ( 6304 2488 96 ) trim_band_teal [ 0.7071067811865485 0.7071067811865466 0 -400.00098 ] [ 0 0 -1 176 ] 0 1.06066 1
( 6296 2432 96 ) ( 6320 2456 96 ) ( 6304 2488 96 ) trim_band_teal [ 0.7071102483015407 0.7071033140545544 9.813125982659767e-16 -432.01514 ] [ 0.7071033140545544 -0.7071102483015407 9.813029750651487e-16 64.051025 ] 315.00024 1.060657 1.0606694
( 6304 2488 112 ) ( 6320 2456 112 ) ( 6296 2432 112 ) trim_band_teal [ 0.7071102483015407 0.7071033140545544 9.813125982659767e-16 -432.01514 ] [ 0.7071033140545544 -0.7071102483015407 9.813029750651487e-16 64.051025 ] 315.00024 1.060657 1.0606694
( 6284 2444 128 ) ( 6308 2468 128 ) ( 6308 2468 96 ) trim_band_teal [ 0.7071067811865477 0.7071067811865477 0 -96 ] [ 0 0 -1.0000000000000002 176 ] 0 1.0606604 1
( 6312 2552 64 ) ( 6312 2504 64 ) ( 6312 2504 192 ) trim_band_teal [ 0 1 0 -120.000244 ] [ 0 0 -1 156.80054 ] 270 1 1.0606599
}
}
