// entity 0
{
"classname" "func_group"
// brush 0
{
( 6312 2536 64 ) ( 6312 2520 192 ) ( 6312 2520 64 ) trim_band_teal [ 0 -1 0 -8 ] [ 0 0 -1 -72.535645 ] 270 1 1.0606599
( 6336 2448 32 ) ( 6312 2472 0 ) ( 6312 2472 32 ) trim_band_teal [ 0.7071067811865477 -0.7071067811865477 0 127.99951 ] [ 0 0 -1.0000000000000002 -96 ] 0 1.0606604 1
( 6336 2448 0 ) ( 6328 2504 0 ) ( 6312 2472 0 ) trim_band_teal [ 0.7071081021678179 -0.7071054602028092 0 127.9729 ] [ -0.7071054602028092 -0.7071081021678179 0 63.96924 ] 44.999878 1.0606537 1.0606644
( 6328 2504 64 ) ( 6336 2448 64 ) ( 6312 2472 64 ) trim_band_teal [ 0.7071081021678179 -0.7071054602028092 0 127.9729 ] [ -0.7071054602028092 -0.7071081021678179 0 63.96924 ] 44.999878 1.0606537 1.0606644
( 6384 2496 32 ) ( 6352 2528 0 ) ( 6384 2496 0 ) trim_band_teal [ 0.7071067811865467 -0.7071067811865485 0 447.9995 ] [ 0 0 -1.0000000000000002 416 ] 0 1.06066 1
( 6336 2448 0 ) ( 6360 2472 32 ) ( 6360 2472 0 ) trim_band_teal [ 1.3209825043269952e-06 1.3209825044380175e-06 -0.9999999999982552 220.32909 ] [ -0.7071067811853138 -0.7071067811853137 -1.8681513733742605e-06 63.97412 ] 44.999878 1.0606537 1.0606644
}
// brush 1
{
( 6288 2448 0 ) ( 6264 2472 0 ) ( 6264 2472 32 ) trim_band_teal [ 3.599160607326013e-07 -3.5991606078811245e-07 0.9999999999998709 419.6582 ] [ 0.7071067811864563 -0.7071067811864563 -5.089981744144101e-07 -159.98999 ] 315.00003 1.0606537 1.0606644
( 6240 2496 32 ) ( 6240 2496 0 ) ( 6272 2528 0 ) trim_band_teal [ 0.7071067811865485 0.7071067811865466 0 -416.00098 ] [ 0 0 -1 416 ] 0 1.06066 1
( 6288 2448 0 ) ( 6312 2472 0 ) ( 6296 2504 0 ) trim_band_teal [ 0.7071071411025168 0.7071064212703954 0 -224.0376 ] [ 0.7071064212703954 -0.7071071411025168 0 -159.98706 ] 315.00003 1.0606537 1.0606644
( 6296 2504 64 ) ( 6312 2472 64 ) ( 6288 2448 64 ) trim_band_teal [ 0.7071071411025168 0.7071064212703954 0 -224.0376 ] [ 0.7071064212703954 -0.7071071411025168 0 -159.98706 ] 315.00003 1.0606537 1.0606644
( 6288 2448 32 ) ( 6312 2472 32 ) ( 6312 2472 0 ) trim_band_teal [ 0.7071067811865477 0.7071067811865477 0 -96 ] [ 0 0 -1.0000000000000002 -96 ] 0 1.0606604 1
( 6312 2552 64 ) ( 6312 2504 64 ) ( 6312 2504 192 ) trim_band_teal [ 0 1 0 -24.000244 ] [ 0 0 -1 140.80005 ] 270 1 1.0606599
}
}
