// entity 0
{
"classname" "func_group"
// brush 0
{
( 6312 2536 64 ) ( 6312 2520 192 ) ( 6312 2520 64 ) trim_band_teal [ 0 -1 0 -119.999756 ] [ 0 0 -1 -48.535645 ] 270 1 1.0606599
( 6342 2442 144 ) ( 6318 2466 112 ) ( 6318 2466 144 ) trim_band_teal [ 0.7071067811865477 -0.7071067811865477 0 127.99951 ] [ 0 0 -1.0000000000000002 136 ] 0 1.0606604 1
( 6324 2424 112 ) ( 6316 2480 112 ) ( 6300 2448 112 ) trim_band_teal [ 0.707110051072836 -0.7071035112851366 9.81312324556167e-16 354.82422 ] [ -0.7071035112851366 -0.707110051072836 -9.813032487775665e-16 239.91357 ] 44.999725 1 1.060674
( 6316 2480 120 ) ( 6324 2424 120 ) ( 6300 2448 120 ) trim_band_teal [ 0.707110051072836 -0.7071035112851366 9.81312324556167e-16 354.82422 ] [ -0.7071035112851366 -0.707110051072836 -9.813032487775665e-16 239.91357 ] 44.999725 1 1.060674
( 6348 2448 144 ) ( 6316 2480 112 ) ( 6348 2448 112 ) trim_band_teal [ 0.7071067811865467 -0.7071067811865485 0 359.9995 ] [ 0 0 -1.0000000000000002 136 ] 0 1.06066 1
( 6318 2430 112 ) ( 6342 2454 144 ) ( 6342 2454 112 ) trim_band_teal [ 3.269893850299521e-06 3.269893849078276e-06 -0.9999999999893071 152.0556 ] [ -0.7071067811789871 -0.7071067811789858 -4.624328229757557e-06 239.92627 ] 44.999725 1 1.060674
}
// brush 1
{
( 6306 2430 112 ) ( 6282 2454 112 ) ( 6282 2454 144 ) trim_band_teal [ -3.00654647455989e-07 3.0065464595718794e-07 0.9999999999999089 339.23193 ] [ 0.7071067811864824 -0.7071067811864837 4.251898789719988e-07 16.033203 ] 314.99997 1 1.060674
( 6276 2448 144 ) ( 6276 2448 112 ) ( 6308 2480 112 ) trim_band_teal [ 0.7071067811865485 0.7071067811865467 0 -392.00098 ] [ 0 0 -1.0000000000000002 136 ] 0 1.06066 1
( 6300 2424 112 ) ( 6324 2448 112 ) ( 6308 2480 112 ) trim_band_teal [ 0.7071064805318362 0.7071070818411296 9.81307369435131e-16 -86.052734 ] [ 0.7071070818411296 -0.7071064805318362 9.813082039194094e-16 16.030762 ] 314.99997 1 1.060674
( 6308 2480 120 ) ( 6324 2448 120 ) ( 6300 2424 120 ) trim_band_teal [ 0.7071064805318362 0.7071070818411296 9.81307369435131e-16 -86.052734 ] [ 0.7071070818411296 -0.7071064805318362 9.813082039194094e-16 16.030762 ] 314.99997 1 1.060674
( 6282 2442 144 ) ( 6306 2466 144 ) ( 6306 2466 112 ) trim_band_teal [ 0.7071067811865477 0.7071067811865477 0 -96 ] [ 0 0 -1.0000000000000002 136 ] 0 1.0606604 1
( 6312 2552 64 ) ( 6312 2504 64 ) ( 6312 2504 192 ) trim_band_teal [ 0 1 0 -136 ] [ 0 0 -1 164.80054 ] 270 1 1.0606599
}
}
