// entity 0
{
"classname" "func_group"
// brush 0
{
( 6312 2536 64 ) ( 6312 2520 192 ) ( 6312 2520 64 ) trim_band_teal [ 0 -1 0 -127.999756 ] [ 0 0 -1 -44.535645 ] 270 1 1.0606599
( 6343 2441 152 ) ( 6319 2465 120 ) ( 6319 2465 152 ) trim_band_teal [ 0.7071067811865477 -0.7071067811865477 0 127.99951 ] [ 0 0 -1.0000000000000002 100 ] 0 1.0606604 1
( 6322 2420 120 ) ( 6314 2476 120 ) ( 6298 2444 120 ) trim_band_teal [ 0.7071093780161459 -0.7071041843474115 9.813113905023738e-16 347.75635 ] [ -0.7071041843474115 -0.7071093780161459 -9.8130418283911e-16 199.96973 ] 44.999786 1 1.0606638
( 6314 2476 124 ) ( 6322 2420 124 ) ( 6298 2444 124 ) trim_band_teal [ 0.7071093780161459 -0.7071041843474115 9.813113905023738e-16 347.75635 ] [ -0.7071041843474115 -0.7071093780161459 -9.8130418283911e-16 199.96973 ] 44.999786 1 1.0606638
( 6346 2444 152 ) ( 6314 2476 120 ) ( 6346 2444 120 ) trim_band_teal [ -0.7071067811865485 0.7071067811865466 0 334.95142 ] [ 0 0 -1 100 ] 180 1.06066 1
( 6315 2427 120 ) ( 6339 2451 152 ) ( 6339 2451 120 ) trim_band_teal [ 2.5968343677629235e-06 2.5968343665971894e-06 -0.9999999999932562 148.98724 ] [ -0.7071067811817796 -0.7071067811817782 -3.6724783813169015e-06 199.97949 ] 44.999786 1 1.0606638
}
// brush 1
{
( 6309 2427 120 ) ( 6285 2451 120 ) ( 6285 2451 152 ) trim_band_teal [ -3.6124284757965697e-07 3.6124284613636704e-07 0.9999999999998697 336.646 ] [ 0.7071067811864546 -0.7071067811864561 5.108745333437525e-07 -23.99121 ] 314.99997 1 1.0606638
( 6278 2444 152 ) ( 6278 2444 120 ) ( 6310 2476 120 ) trim_band_teal [ 0.7071067811865485 0.7071067811865466 0 -401.0498 ] [ 0 0 -1 100 ] 0 1.06066 1
( 6302 2420 120 ) ( 6326 2444 120 ) ( 6310 2476 120 ) trim_band_teal [ 0.7071064199436083 0.7071071424293021 9.81307285352074e-16 -84.63867 ] [ 0.7071071424293021 -0.7071064199436083 9.813082880023887e-16 -23.99414 ] 314.99997 1 1.0606638
( 6310 2476 124 ) ( 6326 2444 124 ) ( 6302 2420 124 ) trim_band_teal [ 0.7071064199436083 0.7071071424293021 9.81307285352074e-16 -84.63867 ] [ 0.7071071424293021 -0.7071064199436083 9.813082880023887e-16 -23.99414 ] 314.99997 1 1.0606638
( 6281 2441 152 ) ( 6305 2465 152 ) ( 6305 2465 120 ) trim_band_teal [ 0.7071067811865477 0.7071067811865477 0 -96 ] [ 0 0 -1.0000000000000002 100 ] 0 1.0606604 1
( 6312 2552 64 ) ( 6312 2504 64 ) ( 6312 2504 192 ) trim_band_teal [ 0 1 0 -144 ] [ 0 0 -1 168.80054 ] 270 1 1.0606599
}
}
