// entity 0
{
"classname" "func_group"
// brush 0
{
( 6312 2536 64 ) ( 6312 2520 192 ) ( 6312 2520 64 ) trim_band_teal [ 0 -1 0 -72 ] [ 0 0 -1 -72.535645 ] 270 1 1.0606599
( 6336 2448 96 ) ( 6312 2472 64 ) ( 6312 2472 96 ) trim_band_teal [ 0.7071067811865477 -0.7071067811865477 0 127.99951 ] [ 0 0 -1.0000000000000002 256 ] 0 1.0606604 1
( 6336 2448 64 ) ( 6328 2504 64 ) ( 6312 2472 64 ) trim_band_teal [ 0.7071048828230814 -0.7071086795449167 0 64.009766 ] [ -0.7071086795449167 -0.7071048828230814 0 383.9878 ] 45.000153 1.0606573 1.0606635
( 6328 2504 96 ) ( 6336 2448 96 ) ( 6312 2472 96 ) trim_band_teal [ 0.7071048828230814 -0.7071086795449167 0 64.009766 ] [ -0.7071086795449167 -0.7071048828230814 0 383.9878 ] 45.000153 1.0606573 1.0606635
( 6360 2472 96 ) ( 6328 2504 64 ) ( 6360 2472 64 ) trim_band_teal [ 0.7071067811865467 -0.7071067811865485 0 383.9995 ] [ 0 0 -1.0000000000000002 256 ] 0 1.06066 1
( 6336 2448 64 ) ( 6360 2472 96 ) ( 6360 2472 64 ) trim_band_teal [ -1.898360917740316e-06 -1.8983609176292937e-06 -0.9999999999963962 186.5264 ] [ -0.7071067811839992 -0.7071067811839993 2.6846877561048643e-06 383.98047 ] 45.000153 1.0606573 1.0606635
}
// brush 1
{
( 6288 2448 64 ) ( 6264 2472 64 ) ( 6264 2472 96 ) trim_band_teal [ -7.698765309149813e-07 7.69876530803959e-07 0.9999999999994076 389.4932 ] [ 0.7071067811861286 -0.7071067811861287 1.0887698312922467e-06 -351.9922 ] 314.99994 1.0606573 1.0606635
( 6264 2472 96 ) ( 6264 2472 64 ) ( 6296 2504 64 ) trim_band_teal [ 0.7071067811865485 0.7071067811865467 0 -416.00098 ] [ 0 0 -1.0000000000000002 256 ] 0 1.06066 1
( 6288 2448 64 ) ( 6312 2472 64 ) ( 6296 2504 64 ) trim_band_teal [ 0.7071060113095976 0.7071075510626593 0 -224.0127 ] [ 0.7071075510626593 -0.7071060113095976 0 -351.99854 ] 314.99994 1.0606573 1.0606635
( 6296 2504 96 ) ( 6312 2472 96 ) ( 6288 2448 96 ) trim_band_teal [ 0.7071060113095976 0.7071075510626593 0 -224.0127 ] [ 0.7071075510626593 -0.7071060113095976 0 -351.99854 ] 314.99994 1.0606573 1.0606635
( 6288 2448 96 ) ( 6312 2472 96 ) ( 6312 2472 64 ) trim_band_teal [ 0.7071067811865477 0.7071067811865477 0 -96 ] [ 0 0 -1.0000000000000002 256 ] 0 1.0606604 1
( 6312 2552 64 ) ( 6312 2504 64 ) ( 6312 2504 192 ) trim_band_teal [ 0 1 0 -88.000244 ] [ 0 0 -1 140.80005 ] 270 1 1.0606599
}
}
