// entity 0
{
"classname" "func_group"
// brush 0
{
( 1504 2848 128 ) ( 1568 2784 128 ) ( 1568 2784 64 ) 64_cyan_3 [ -4.2862637970157366e-16 -1 0 32 ] [ 0 0 -1 0 ] 0 1 1
( 1568 2816 128 ) ( 1696 2816 128 ) ( 1696 2816 64 ) trim_band_teal [ 1 -2.4492935982947064e-16 0 288 ] [ 0 0 -1 224 ] 0 1 1
( 1568 2784 64 ) ( 1696 2784 64 ) ( 1760 2848 64 ) trim_band_teal [ 1.0000000000000002 -2.449293598294707e-16 0 288 ] [ 2.449293598294707e-16 1.0000000000000002 0 -96 ] 0 1 1
( 1760 2848 96 ) ( 1696 2784 96 ) ( 1568 2784 96 ) trim_band_teal [ 1.0000000000000002 -2.449293598294707e-16 0 288 ] [ -2.449293598294707e-16 -1.0000000000000002 0 384 ] 0 1 1
( 1760 2848 128 ) ( 1504 2848 128 ) ( 1504 2848 64 ) trim_band_teal [ 1.0000000000000002 -2.449293598294707e-16 0 288 ] [ 0 0 1.0000000000000002 -384 ] 0 1 1
( 1664 2816 64 ) ( 1664 2816 128 ) ( 1728 2880 128 ) 64_cyan_3 [ 4.2862637970157366e-16 1 0 0 ] [ 0 0 -1 0 ] 0 1 1
}
// brush 1
{
( 1504 2848 128 ) ( 1504 2592 128 ) ( 1504 2592 64 ) trim_band_teal [ 6.123233995736767e-17 1.0000000000000002 0 -288 ] [ 0 0 1.0000000000000002 -384 ] 0 1 1
( 1568 2656 64 ) ( 1568 2784 64 ) ( 1504 2848 64 ) trim_band_teal [ 6.123233995736767e-17 1.0000000000000002 0 -288 ] [ -1.0000000000000002 6.123233995736767e-17 0 160 ] 90 1 1
( 1504 2848 96 ) ( 1568 2784 96 ) ( 1568 2656 96 ) trim_band_teal [ 6.123233995736767e-17 1.0000000000000002 0 -288 ] [ 1.0000000000000002 -6.123233995736767e-17 0 128 ] 270 1 1
( 1472 2624 128 ) ( 1536 2688 128 ) ( 1536 2688 64 ) 64_cyan_3 [ 1 -2.4492935982947064e-16 0 0 ] [ 0 0 -1 0 ] 0 1 1
( 1568 2784 64 ) ( 1568 2784 128 ) ( 1504 2848 128 ) 64_cyan_3 [ -1 2.4492935982947064e-16 0 -32 ] [ 0 0 -1 0 ] 0 1 1
( 1536 2656 128 ) ( 1536 2784 128 ) ( 1536 2784 64 ) trim_band_teal [ 6.123233995736766e-17 1 0 -288 ] [ 0 0 -1 224 ] 0 1 1
}
}
