// entity 0
{
"classname" "func_group"
// brush 0
{
( 1472 2880 64 ) ( 1536 2816 64 ) ( 1536 2816 0 ) 64_cyan_3 [ -1.8369701987210297e-16 -1 0 0 ] [ 0 0 -1 0 ] 0 1 1
( 1536 2816 64 ) ( 1664 2816 64 ) ( 1664 2816 0 ) trim_band_teal [ 0.9999999999998009 -6.123233995735547e-17 -6.319023915443285e-07 191.9961 ] [ -6.319023915443285e-07 3.869286205891597e-23 -0.9999999999998009 352.00095 ] 90 1 1
( 1536 2816 0 ) ( 1664 2816 0 ) ( 1728 2880 0 ) trim_band_teal [ 0.999999999999801 6.319023914830963e-07 0 191.99438 ] [ -6.319023914830963e-07 0.999999999999801 0 -415.99902 ] 180.00002 1 1
( 1728 2880 64 ) ( 1664 2816 64 ) ( 1536 2816 64 ) trim_band_teal [ 0.999999999999801 -6.319023916055609e-07 0 191.9978 ] [ -6.319023916055609e-07 -0.999999999999801 0 32.000977 ] 0 1 1
( 1728 2880 64 ) ( 1472 2880 64 ) ( 1472 2880 0 ) trim_band_teal [ 0.9999999999999417 0 -3.434747357644531e-07 191.99805 ] [ 3.434747357644531e-07 0 0.9999999999999417 415.99756 ] 359.99997 1 1
( 1664 2816 0 ) ( 1664 2816 64 ) ( 1728 2880 64 ) 64_cyan_3 [ 1.8369701987210297e-16 1 0 0 ] [ 0 0 -1 0 ] 0 1 1
}
// brush 1
{
( 1472 2880 64 ) ( 1472 2624 64 ) ( 1472 2624 0 ) trim_band_teal [ 6.123233995736409e-17 0.9999999999999416 -3.4347473576445307e-07 -192.00195 ] [ 2.103176178709602e-23 3.4347473576445307e-07 0.9999999999999416 415.9971 ] 359.99997 1 1
( 1536 2688 0 ) ( 1536 2816 0 ) ( 1472 2880 0 ) trim_band_teal [ 3.4347473582568546e-07 0.9999999999999417 0 -192.00244 ] [ -0.9999999999999417 3.4347473582568546e-07 0 -160.00305 ] 89.99997 1 1
( 1472 2880 64 ) ( 1536 2816 64 ) ( 1536 2688 64 ) trim_band_teal [ -3.434747357032208e-07 0.9999999999999417 0 -192.00146 ] [ 0.9999999999999417 3.434747357032208e-07 0 -224.00305 ] 270 1 1
( 1472 2624 64 ) ( 1536 2688 64 ) ( 1536 2688 0 ) 64_cyan_3 [ 1 -2.4492935982947064e-16 0 0 ] [ 0 0 -1 0 ] 0 1 1
( 1536 2816 0 ) ( 1536 2816 64 ) ( 1472 2880 64 ) 64_cyan_3 [ -1 2.4492935982947064e-16 0 0 ] [ 0 0 -1 0 ] 0 1 1
( 1536 2688 64 ) ( 1536 2816 64 ) ( 1536 2816 0 ) trim_band_teal [ 6.123233995736409e-17 0.9999999999999416 3.4347473576445307e-07 -192.00195 ] [ 2.103176178709602e-23 3.4347473576445307e-07 -0.9999999999999416 351.9971 ] 359.99997 1 1
}
}
