// entity 0
{
"classname" "func_group"
// brush 0
{
( 1520 2832 160 ) ( 1584 2768 160 ) ( 1584 2768 96 ) 64_cyan_3 [ -4.2862637970157366e-16 -1 0 16 ] [ 0 0 -1 32 ] 0 1 1
( 1584 2816 160 ) ( 1712 2816 160 ) ( 1712 2816 96 ) trim_band_teal [ 1 -2.4492935982947064e-16 0 272 ] [ 0 0 -1 160 ] 0 1 1
( 1584 2768 96 ) ( 1712 2768 96 ) ( 1776 2832 96 ) trim_band_teal [ 1.0000000000000002 -2.449293598294707e-16 0 272 ] [ 2.449293598294707e-16 1.0000000000000002 0 -192 ] 0 1 1
( 1776 2832 112 ) ( 1712 2768 112 ) ( 1584 2768 112 ) trim_band_teal [ 1.0000000000000002 -2.449293598294707e-16 0 272 ] [ -2.449293598294707e-16 -1.0000000000000002 0 304 ] 0 1 1
( 1776 2832 160 ) ( 1520 2832 160 ) ( 1520 2832 96 ) trim_band_teal [ 1.0000000000000002 -2.449293598294707e-16 0 272 ] [ 0 0 1.0000000000000002 -16 ] 0 1 1
( 1664 2816 96 ) ( 1664 2816 160 ) ( 1728 2880 160 ) 64_cyan_3 [ 4.2862637970157366e-16 1 0 0 ] [ 0 0 -1 32 ] 0 1 1
}
// brush 1
{
( 1520 2832 160 ) ( 1520 2576 160 ) ( 1520 2576 96 ) trim_band_teal [ 6.123233995736767e-17 1.0000000000000002 0 -272 ] [ 0 0 1.0000000000000002 -16 ] 0 1 1
( 1584 2640 96 ) ( 1584 2768 96 ) ( 1520 2832 96 ) trim_band_teal [ 6.123233995736767e-17 1.0000000000000002 0 -272 ] [ -1.0000000000000002 6.123233995736767e-17 0 64 ] 90 1 1
( 1520 2832 112 ) ( 1584 2768 112 ) ( 1584 2640 112 ) trim_band_teal [ 6.123233995736767e-17 1.0000000000000002 0 -272 ] [ 1.0000000000000002 -6.123233995736767e-17 0 48 ] 270 1 1
( 1472 2624 160 ) ( 1536 2688 160 ) ( 1536 2688 96 ) 64_cyan_3 [ 1 -2.4492935982947064e-16 0 0 ] [ 0 0 -1 32 ] 0 1 1
( 1584 2768 96 ) ( 1584 2768 160 ) ( 1520 2832 160 ) 64_cyan_3 [ -1 2.4492935982947064e-16 0 -16 ] [ 0 0 -1 32 ] 0 1 1
( 1536 2640 160 ) ( 1536 2768 160 ) ( 1536 2768 96 ) trim_band_teal [ 6.123233995736766e-17 1 0 -272 ] [ 0 0 -1 160 ] 0 1 1
}
}
