// entity 0
{
"classname" "func_group"
// brush 0
{
( 1532 2820 184 ) ( 1532 2564 184 ) ( 1532 2564 120 ) trim_band_teal [ 0 0.9999999999999768 -2.202553357142863e-07 -256 ] [ 0 2.202553357142863e-07 0.9999999999999768 371.9992 ] 0 1 1
( 1596 2628 120 ) ( 1596 2756 120 ) ( 1532 2820 120 ) trim_band_teal [ -2.546534998704164e-07 0.9999999999999679 0 -255.99951 ] [ 0.9999999999999679 2.546534998704164e-07 0 -28.000122 ] 270 1 1
( 1532 2820 124 ) ( 1596 2756 124 ) ( 1596 2628 124 ) trim_band_teal [ -2.546534998704164e-07 0.9999999999999679 0 -255.99951 ] [ 0.9999999999999679 2.546534998704164e-07 0 -28.000122 ] 270 1 1
( 1472 2624 184 ) ( 1536 2688 184 ) ( 1536 2688 120 ) 64_cyan_3 [ 1 -2.4492935982947064e-16 0 0 ] [ 0 0 -1 56 ] 0 1 1
( 1596 2756 120 ) ( 1596 2756 184 ) ( 1532 2820 184 ) 64_cyan_3 [ -1 2.4492935982947064e-16 0 -4 ] [ 0 0 -1 56 ] 0 1 1
( 1536 2628 184 ) ( 1536 2756 184 ) ( 1536 2756 120 ) trim_band_teal [ 6.123233995736767e-17 1.0000000000000002 0 -20 ] [ 0 0 -1.0000000000000002 96 ] 0 1 1
}
// brush 1
{
( 1532 2820 184 ) ( 1596 2756 184 ) ( 1596 2756 120 ) 64_cyan_3 [ -4.2862637970157366e-16 -1 0 4 ] [ 0 0 -1 56 ] 0 1 1
( 1596 2816 184 ) ( 1724 2816 184 ) ( 1724 2816 120 ) trim_band_teal [ 1.0000000000000002 -6.123233995736767e-17 0 236 ] [ 0 0 -1.0000000000000002 96 ] 0 1 1
( 1596 2756 120 ) ( 1724 2756 120 ) ( 1788 2820 120 ) trim_band_teal [ 0.9999999999999765 2.2025533571428622e-07 0 7.9995117 ] [ 2.2025533571428622e-07 -0.9999999999999765 0 227.99976 ] 0 1 1
( 1788 2820 124 ) ( 1724 2756 124 ) ( 1596 2756 124 ) trim_band_teal [ 0.9999999999999765 2.2025533571428622e-07 0 7.9995117 ] [ 2.2025533571428622e-07 -0.9999999999999765 0 227.99976 ] 0 1 1
( 1788 2820 184 ) ( 1532 2820 184 ) ( 1532 2820 120 ) trim_band_teal [ 0.9999999999999769 0 -2.2025533571428635e-07 8 ] [ 2.2025533571428635e-07 0 0.9999999999999769 371.9995 ] 0 1 1
( 1664 2816 120 ) ( 1664 2816 184 ) ( 1728 2880 184 ) 64_cyan_3 [ 4.2862637970157366e-16 1 0 0 ] [ 0 0 -1 56 ] 0 1 1
}
}
