// entity 0
{
"classname" "func_group"
// brush 0
{
( 1528 2824 176 ) ( 1528 2568 176 ) ( 1528 2568 112 ) trim_band_teal [ 1.7225464241988333e-16 1.0000000000000004 0 -8 ] [ 0 0 1.0000000000000002 -88 ] 0 1 1
( 1592 2632 112 ) ( 1592 2760 112 ) ( 1528 2824 112 ) trim_band_teal [ 6.123233995736767e-17 1.0000000000000002 0 -264 ] [ 1.0000000000000002 -6.123233995736767e-17 0 8 ] 90 1 1
( 1528 2824 120 ) ( 1592 2760 120 ) ( 1592 2632 120 ) trim_band_teal [ 6.123233995736767e-17 1.0000000000000002 0 -264 ] [ 1.0000000000000002 -6.123233995736767e-17 0 8 ] 270 1 1
( 1472 2624 176 ) ( 1536 2688 176 ) ( 1536 2688 112 ) 64_cyan_3 [ 1 -2.4492935982947064e-16 0 0 ] [ 0 0 -1 48 ] 0 1 1
( 1592 2760 112 ) ( 1592 2760 176 ) ( 1528 2824 176 ) 64_cyan_3 [ -1 2.4492935982947064e-16 0 -8 ] [ 0 0 -1 48 ] 0 1 1
( 1536 2632 176 ) ( 1536 2760 176 ) ( 1536 2760 112 ) trim_band_teal [ 6.123233995736767e-17 1.0000000000000002 0 -24 ] [ 0 0 -1.0000000000000002 128 ] 0 1 1
}
// brush 1
{
( 1528 2824 176 ) ( 1592 2760 176 ) ( 1592 2760 112 ) 64_cyan_3 [ -4.2862637970157366e-16 -1 0 8 ] [ 0 0 -1 48 ] 0 1 1
( 1592 2816 176 ) ( 1720 2816 176 ) ( 1720 2816 112 ) trim_band_teal [ 1.0000000000000002 -6.123233995736767e-17 0 232 ] [ 0 0 -1.0000000000000002 128 ] 0 1 1
( 1592 2760 112 ) ( 1720 2760 112 ) ( 1784 2824 112 ) trim_band_teal [ 1.0000000000000002 -2.449293598294707e-16 0 264 ] [ -2.449293598294707e-16 -1.0000000000000002 0 264 ] 180 1 1
( 1784 2824 120 ) ( 1720 2760 120 ) ( 1592 2760 120 ) trim_band_teal [ 1.0000000000000002 -2.449293598294707e-16 0 264 ] [ -2.449293598294707e-16 -1.0000000000000002 0 264 ] 0 1 1
( 1784 2824 176 ) ( 1528 2824 176 ) ( 1528 2824 112 ) trim_band_teal [ 1.0000000000000002 -2.449293598294707e-16 0 264 ] [ 0 0 1.0000000000000002 -88 ] 0 1 1
( 1664 2816 112 ) ( 1664 2816 176 ) ( 1728 2880 176 ) 64_cyan_3 [ 4.2862637970157366e-16 1 0 0 ] [ 0 0 -1 48 ] 0 1 1
}
}
