// entity 0
{
"classname" "func_detail"
"_phong" "1"
// brush 0
{
( 4992 2016 192 ) ( 4928 2128 448 ) ( 4992 2016 448 ) 64_cyan_1 [ 0.49613893835683387 -0.8682431421244593 0 -5.482544 ] [ 0 0 -1 0 ] 0 1 1
( 4992 2144 192 ) ( 4928 2128 448 ) ( 4928 2128 192 ) trim_band_teal [ -0.9701425001453298 -0.24253562503633394 0 214.70264 ] [ 0 0 -1 32 ] 0 0.780553 1
( 4992 2144 192 ) ( 4928 2128 192 ) ( 4992 2016 192 ) trim_band_teal [ -0.9701425001453303 -0.2425356250363326 -1.4432899320127035e-15 214.70312 ] [ -0.242535625036333 0.970142500145332 -5.551115123125783e-17 -96.00012 ] 0 0.780553 0.97014236
( 4928 2128 256 ) ( 4992 2144 256 ) ( 4992 2016 256 ) trim_band_teal [ -0.9701425001453303 -0.2425356250363326 -1.4432899320127035e-15 214.70312 ] [ -0.242535625036333 0.970142500145332 -5.551115123125783e-17 -96.00012 ] 0 0.780553 0.97014236
( 4992 2144 448 ) ( 4992 2016 192 ) ( 4992 2016 448 ) 64_cyan_1 [ 0 1 0 32 ] [ 0 0 -1 0 ] 0 1 1
}
// brush 1
{
( 4880 2080 192 ) ( 4928 2128 192 ) ( 4928 2128 448 ) trim_band_teal [ -0.707106781186545 -0.7071067811865472 0 -179.41846 ] [ 0 0 -1 32 ] 0 0.780553 1
( 4992 2016 448 ) ( 4992 2016 192 ) ( 4880 2080 192 ) 64_cyan_2 [ 0.8682431421244593 -0.49613893835683387 0 -9.945801 ] [ 0 0 -1 0 ] 0 1 1
( 4992 2016 192 ) ( 4928 2128 192 ) ( 4880 2080 192 ) trim_band_teal [ -0.7071067811865462 -0.7071067811865462 -1.5543122344752192e-15 -179.41846 ] [ -0.7071067811865477 0.7071067811865477 1.1102230246251565e-16 276.36133 ] 0 0.780553 0.9722729
( 4992 2016 256 ) ( 4880 2080 256 ) ( 4928 2128 256 ) trim_band_teal [ -0.7071067811865462 -0.7071067811865462 -1.5543122344752192e-15 -179.41846 ] [ -0.7071067811865477 0.7071067811865477 1.1102230246251565e-16 276.36133 ] 0 0.780553 0.9722729
( 4992 2016 448 ) ( 4928 2128 448 ) ( 4928 2128 192 ) 64_cyan_2 [ -0.49613893835683387 0.8682431421244593 0 5.482544 ] [ 0 0 -1 0 ] 0 1 1
}
// brush 2
{
( 4880 2080 192 ) ( 4864 2016 448 ) ( 4864 2016 192 ) trim_band_teal [ -0.24253562503633094 -0.9701425001453302 0 -334.97583 ] [ 0 0 -1 32 ] 0 0.780553 1
( 4992 2016 192 ) ( 4864 2016 448 ) ( 4992 2016 448 ) 64_cyan_3 [ 1 0 0 0 ] [ 0 0 -1 0 ] 0 1 1
( 4880 2080 192 ) ( 4864 2016 192 ) ( 4992 2016 192 ) trim_band_teal [ -0.2425356250363325 -0.9701425001453299 -1.5681900222830336e-15 -334.97583 ] [ -0.970142500145332 0.242535625036333 -5.898059818321144e-17 40.00049 ] 0 0.780553 0.97014236
( 4864 2016 256 ) ( 4880 2080 256 ) ( 4992 2016 256 ) trim_band_teal [ -0.2425356250363325 -0.9701425001453299 -1.5681900222830336e-15 -334.97583 ] [ -0.970142500145332 0.242535625036333 -5.898059818321144e-17 40.00049 ] 0 0.780553 0.97014236
( 4880 2080 448 ) ( 4992 2016 192 ) ( 4992 2016 448 ) 64_cyan_3 [ -0.8682431421244593 0.49613893835683387 0 9.945801 ] [ 0 0 -1 0 ] 0 1 1
}
}
