// entity 0
{
"classname" "func_detail"
// brush 0
{
( 4352 2784 224 ) ( 4352 2752 352 ) ( 4352 2752 224 ) trim_band_teal [ 0 -1 0 64 ] [ 0 0 -1 32 ] 0 1 1
( 4352 2720 192 ) ( 4384 2784 192 ) ( 4320 2848 192 ) trim_band_teal [ -0.4472135954999582 -0.8944271909999165 -5.551115123125783e-16 158.33374 ] [ -0.8944271909999161 0.44721359549995804 5.551115123125783e-17 -124.44385 ] 0 1.078689 1.0062304
( 4320 2848 256 ) ( 4384 2784 256 ) ( 4352 2720 256 ) trim_band_teal [ -0.4472135954999582 -0.8944271909999165 -5.551115123125783e-16 158.33374 ] [ -0.8944271909999161 0.44721359549995804 5.551115123125783e-17 -124.44385 ] 0 1.078689 1.0062304
( 4384 2784 192 ) ( 4384 2784 256 ) ( 4320 2848 256 ) 64_cyan_1 [ -0.7071067811865476 0.7071067811865476 0 -30.048584 ] [ 0 0 -1 0 ] 0 1 1
( 4352 2720 256 ) ( 4384 2784 256 ) ( 4384 2784 192 ) trim_band_teal [ -0.4472135954999576 -0.8944271909999164 0 221.36426 ] [ 0 0 -1 32 ] 0 0.809016 1
}
// brush 1
{
( 4384 2784 192 ) ( 4320 2848 192 ) ( 4320 2848 256 ) 64_cyan_3 [ 0.7071067811865476 -0.7071067811865476 0 30.048584 ] [ 0 0 -1 0 ] 0 1 1
( 4384 2784 192 ) ( 4448 2816 192 ) ( 4440 2848 192 ) trim_band_teal [ -0.8944271909999164 -0.44721359549995815 -3.885780586188048e-16 309.67773 ] [ -0.44721359549995804 0.8944271909999161 5.551115123125783e-17 -238.22241 ] 0 1.078689 1.0062304
( 4440 2848 256 ) ( 4448 2816 256 ) ( 4384 2784 256 ) trim_band_teal [ -0.8944271909999164 -0.44721359549995815 -3.885780586188048e-16 309.67773 ] [ -0.44721359549995804 0.8944271909999161 5.551115123125783e-17 -238.22241 ] 0 1.078689 1.0062304
( 4384 2816 224 ) ( 4416 2816 224 ) ( 4416 2816 352 ) trim_band_teal [ -1.0000000000000002 0 0 64 ] [ 0 0 -1.0000000000000002 32 ] 0 1 1
( 4384 2784 256 ) ( 4448 2816 256 ) ( 4448 2816 192 ) trim_band_teal [ -0.894427190999916 -0.4472135954999584 0 81.82324 ] [ 0 0 -1 32 ] 0 0.809016 1
}
}
