// entity 0
{
"classname" "func_detail"
"_phong" "1"
// brush 0
{
( 4272 2688 32 ) ( 4304 2816 32 ) ( 4304 2816 160 ) trim_band_teal [ -0.24253562503633297 -0.9701425001453319 0 435.09424 ] [ 0 0 -1 -128 ] 0 1 1
( 4224 2688 0 ) ( 4224 2688 1 ) ( 4224.5 2688 0 ) trim_band_teal [ 1 0 0 -232.04346 ] [ 0 0 -1 -160 ] 0 0.809016 1
( 4224 2688 0 ) ( 4224.5 2688 0 ) ( 4224 2688.5 0 ) trim_band_teal [ 1.0000000000000002 0 0 -232.04346 ] [ 0 -1.0000000000000002 0 416 ] 0 0.809016 1
( 4352 2816 64 ) ( 4352 2816.5 64 ) ( 4352.5 2816 64 ) trim_band_teal [ 1.0000000000000002 0 0 -232.04346 ] [ 0 -1.0000000000000002 0 416 ] 0 0.809016 1
( 4272 2816 32 ) ( 4304 2688 32 ) ( 4304 2688 160 ) trim_band_teal [ -0.24253562503633297 0.9701425001453319 0 -264.11414 ] [ 0 0 -1 -128 ] 0 1 1
}
// brush 1
{
( 4272 2816 32 ) ( 4304 2688 160 ) ( 4304 2688 32 ) trim_band_teal [ 0.24253562503633297 -0.9701425001453319 0 264.11414 ] [ 0 0 -1 -128 ] 0 1 1
( 4224 2688 0 ) ( 4224.5 2688 0 ) ( 4224 2688.5 0 ) trim_band_teal [ 0.8944271909999162 0.4472135954999581 0 -132.2832 ] [ 0.44721359549995804 -0.8944271909999161 5.551115123125783e-17 252.44418 ] 0 0.809016 1.0062311
( 4352 2816 64 ) ( 4352 2816.5 64 ) ( 4352.5 2816 64 ) trim_band_teal [ 0.8944271909999162 0.4472135954999581 0 -132.2832 ] [ 0.44721359549995804 -0.8944271909999161 5.551115123125783e-17 252.44418 ] 0 0.809016 1.0062311
( 4336 2704 32 ) ( 4304 2688 32 ) ( 4304 2688 160 ) trim_band_teal [ 0.894427190999916 0.447213595499958 0 -132.2832 ] [ 0 0 -1 -160 ] 0 0.809016 1
( 4240 2800 32 ) ( 4336 2704 32 ) ( 4336 2704 160 ) trim_band_teal [ -0.7071067811865476 0.7071067811865476 0 -330.9807 ] [ 0 0 -1 -128 ] 0 1 1
}
// brush 2
{
( 4352 2736 32 ) ( 4224 2768 32 ) ( 4224 2768 160 ) 64_cyan_3 [ 0.9701425001453319 -0.24253562503633297 0 1.4404297 ] [ 0 0 -1 0 ] 0 1 1
( 4224 2736 32 ) ( 4352 2768 32 ) ( 4352 2768 160 ) 64_cyan_3 [ -0.9701425001453319 -0.24253562503633297 0 45.361816 ] [ 0 0 -1 0 ] 0 1 1
( 4224 2688 0 ) ( 4224.5 2688 0 ) ( 4224 2688.5 0 ) trim_band_teal [ 0 1.0000000000000002 -1.665334536937735e-16 -253.44019 ] [ 1.0000000000000002 0 0 32 ] 0 0.809016 1
( 4352 2816 64 ) ( 4352 2816.5 64 ) ( 4352.5 2816 64 ) trim_band_teal [ 0 1.0000000000000002 -1.665334536937735e-16 -253.44019 ] [ 1.0000000000000002 0 0 32 ] 0 0.809016 1
( 4352 2816 64 ) ( 4352 2816 65 ) ( 4352 2816.5 64 ) trim_band_teal [ -1.6653345369377348e-16 1.0000000000000002 0 -253.44019 ] [ 0 0 -1 -160 ] 0 0.809016 1
}
// brush 3
{
( 4272 2688 32 ) ( 4304 2816 32 ) ( 4304 2816 160 ) trim_band_teal [ -0.24253562503633297 -0.9701425001453319 0 435.09448 ] [ 0 0 -1 -128 ] 0 1 1
( 4224 2688 0 ) ( 4224.5 2688 0 ) ( 4224 2688.5 0 ) trim_band_teal [ -0.8944271909999163 0.44721359549995815 -3.3306690738754696e-16 -197.81079 ] [ 0.44721359549995804 0.8944271909999161 5.551115123125783e-17 -32.004883 ] 0 0.809016 1.0062294
( 4352 2816 64 ) ( 4352 2816.5 64 ) ( 4352.5 2816 64 ) trim_band_teal [ -0.8944271909999163 0.44721359549995815 -3.3306690738754696e-16 -197.81079 ] [ 0.44721359549995804 0.8944271909999161 5.551115123125783e-17 -32.004883 ] 0 0.809016 1.0062294
( 4304 2816 32 ) ( 4336 2800 32 ) ( 4336 2800 160 ) trim_band_teal [ -0.8944271909999163 0.44721359549995776 0 -197.81079 ] [ 0 0 -1 -160 ] 0 0.809016 1
( 4240 2704 32 ) ( 4336 2800 160 ) ( 4336 2800 32 ) trim_band_teal [ 0.7071067811865476 0.7071067811865476 0 -274.19336 ] [ 0 0 -1 -128 ] 0 1 1
}
// brush 4
{
( 4240 2704 32 ) ( 4336 2800 32 ) ( 4336 2800 160 ) trim_band_teal [ -0.7071067811865476 -0.7071067811865476 0 274.19336 ] [ 0 0 -1 -128 ] 0 1 1
( 4272 2688 32 ) ( 4240 2704 32 ) ( 4240 2704 160 ) trim_band_teal [ 0.894427190999916 -0.447213595499958 0 275.3247 ] [ 0 0 -1 -160 ] 0 0.809016 1
( 4224 2688 0 ) ( 4224.5 2688 0 ) ( 4224 2688.5 0 ) trim_band_teal [ 0.8944271909999162 -0.4472135954999581 0 275.3247 ] [ -0.44721359549995804 -0.8944271909999161 5.551115123125783e-17 -31.995117 ] 0 0.809016 1.0062294
( 4352 2816 64 ) ( 4352 2816.5 64 ) ( 4352.5 2816 64 ) trim_band_teal [ 0.8944271909999162 -0.4472135954999581 0 275.3247 ] [ -0.44721359549995804 -0.8944271909999161 5.551115123125783e-17 -31.995117 ] 0 0.809016 1.0062294
( 4272 2688 32 ) ( 4304 2816 160 ) ( 4304 2816 32 ) trim_band_teal [ 0.24253562503633297 0.9701425001453319 0 -435.09424 ] [ 0 0 -1 -128 ] 0 1 1
}
// brush 5
{
( 4224 2688 0 ) ( 4224 2688.5 0 ) ( 4224 2688 1 ) trim_band_teal [ 5.551115123125783e-16 -1.0000000000000004 0 149.88696 ] [ 0 0 -1 -160 ] 0 0.809016 1
( 4224 2688 0 ) ( 4224.5 2688 0 ) ( 4224 2688.5 0 ) trim_band_teal [ 0 -1.0000000000000007 -5.551115123125784e-16 149.88696 ] [ -1.0000000000000002 0 0 -96 ] 0 0.809016 1
( 4352 2816 64 ) ( 4352 2816.5 64 ) ( 4352.5 2816 64 ) trim_band_teal [ 0 -1.0000000000000007 -5.551115123125784e-16 149.88696 ] [ -1.0000000000000002 0 0 -96 ] 0 0.809016 1
( 4224 2736 32 ) ( 4352 2768 160 ) ( 4352 2768 32 ) trim_band_teal [ 0.9701425001453319 0.24253562503633297 0 -109.36182 ] [ 0 0 -1 -128 ] 0 1 1
( 4352 2736 32 ) ( 4224 2768 160 ) ( 4224 2768 32 ) trim_band_teal [ -0.9701425001453319 0.24253562503633297 0 62.55957 ] [ 0 0 -1 -128 ] 0 1 1
}
// brush 6
{
( 4272 2816 32 ) ( 4304 2688 160 ) ( 4304 2688 32 ) trim_band_teal [ 0.24253562503633297 -0.9701425001453319 0 264.114 ] [ 0 0 -1 -128 ] 0 1 1
( 4224 2688 0 ) ( 4224.5 2688 0 ) ( 4224 2688.5 0 ) trim_band_teal [ -1.0000000000000002 0 -3.33066907387547e-16 -127.510254 ] [ 0 1.0000000000000002 0 32 ] 0 0.809016 1
( 4352 2816 64 ) ( 4352 2816.5 64 ) ( 4352.5 2816 64 ) trim_band_teal [ -1.0000000000000002 0 -3.33066907387547e-16 -127.510254 ] [ 0 1.0000000000000002 0 32 ] 0 0.809016 1
( 4352 2816 64 ) ( 4352.5 2816 64 ) ( 4352 2816 65 ) trim_band_teal [ -1.0000000000000002 -3.3306690738754696e-16 0 -127.510254 ] [ 0 0 -1 -160 ] 0 0.809016 1
( 4272 2688 32 ) ( 4304 2816 160 ) ( 4304 2816 32 ) trim_band_teal [ 0.24253562503633297 0.9701425001453319 0 -435.09448 ] [ 0 0 -1 -128 ] 0 1 1
}
// brush 7
{
( 4240 2800 32 ) ( 4336 2704 160 ) ( 4336 2704 32 ) trim_band_teal [ 0.7071067811865476 -0.7071067811865476 0 330.9807 ] [ 0 0 -1 -128 ] 0 1 1
( 4224 2688 0 ) ( 4224.5 2688 0 ) ( 4224 2688.5 0 ) trim_band_teal [ 0.4472135954999581 0.8944271909999163 -1.942890293094024e-16 -254.13379 ] [ 0.8944271909999161 -0.44721359549995804 5.551115123125783e-17 195.55225 ] 0 0.809016 1.0062294
( 4352 2816 64 ) ( 4352 2816.5 64 ) ( 4352.5 2816 64 ) trim_band_teal [ 0.4472135954999581 0.8944271909999163 -1.942890293094024e-16 -254.13379 ] [ 0.8944271909999161 -0.44721359549995804 5.551115123125783e-17 195.55225 ] 0 0.809016 1.0062294
( 4352 2736 32 ) ( 4224 2768 160 ) ( 4224 2768 32 ) trim_band_teal [ -0.9701425001453319 0.24253562503633297 0 62.55957 ] [ 0 0 -1 -128 ] 0 1 1
( 4352 2736 32 ) ( 4336 2704 32 ) ( 4336 2704 160 ) trim_band_teal [ 0.44721359549995787 0.8944271909999161 0 -254.13379 ] [ 0 0 -1 -160 ] 0 0.809016 1
}
// brush 8
{
( 4224 2768 32 ) ( 4240 2800 32 ) ( 4240 2800 160 ) trim_band_teal [ -0.4472135954999576 -0.8944271909999164 0 75.64844 ] [ 0 0 -1 -160 ] 0 0.809016 1
( 4352 2736 32 ) ( 4224 2768 32 ) ( 4224 2768 160 ) trim_band_teal [ 0.9701425001453319 -0.24253562503633297 0 -62.55957 ] [ 0 0 -1 -128 ] 0 1 1
( 4224 2688 0 ) ( 4224.5 2688 0 ) ( 4224 2688.5 0 ) trim_band_teal [ -0.4472135954999582 -0.8944271909999165 -5.551115123125783e-16 75.64795 ] [ -0.8944271909999161 0.44721359549995804 5.551115123125783e-17 -259.562 ] 0 0.809016 1.0062332
( 4352 2816 64 ) ( 4352 2816.5 64 ) ( 4352.5 2816 64 ) trim_band_teal [ -0.4472135954999582 -0.8944271909999165 -5.551115123125783e-16 75.64795 ] [ -0.8944271909999161 0.44721359549995804 5.551115123125783e-17 -259.562 ] 0 0.809016 1.0062332
( 4240 2800 32 ) ( 4336 2704 32 ) ( 4336 2704 160 ) trim_band_teal [ -0.7071067811865476 0.7071067811865476 0 -330.9806 ] [ 0 0 -1 -128 ] 0 1 1
}
// brush 9
{
( 4240 2704 32 ) ( 4336 2800 32 ) ( 4336 2800 160 ) trim_band_teal [ -0.7071067811865476 -0.7071067811865476 0 274.19336 ] [ 0 0 -1 -128 ] 0 1 1
( 4224 2688 0 ) ( 4224.5 2688 0 ) ( 4224 2688.5 0 ) trim_band_teal [ -0.4472135954999582 0.8944271909999164 -1.6653345369377348e-16 -46.499634 ] [ 0.8944271909999161 0.44721359549995804 5.551115123125783e-17 -202.65381 ] 0 0.809016 1.0062332
( 4352 2816 64 ) ( 4352 2816.5 64 ) ( 4352.5 2816 64 ) trim_band_teal [ -0.4472135954999582 0.8944271909999164 -1.6653345369377348e-16 -46.499634 ] [ 0.8944271909999161 0.44721359549995804 5.551115123125783e-17 -202.65381 ] 0 0.809016 1.0062332
( 4224 2736 32 ) ( 4352 2768 160 ) ( 4352 2768 32 ) trim_band_teal [ 0.9701425001453319 0.24253562503633297 0 -109.36182 ] [ 0 0 -1 -128 ] 0 1 1
( 4336 2800 32 ) ( 4352 2768 32 ) ( 4352 2768 160 ) trim_band_teal [ -0.44721359549995826 0.8944271909999161 0 -46.499573 ] [ 0 0 -1 -160 ] 0 0.809016 1
}
// brush 10
{
( 4240 2800 32 ) ( 4336 2704 160 ) ( 4336 2704 32 ) trim_band_teal [ 0.7071067811865476 -0.7071067811865476 0 330.9806 ] [ 0 0 -1 -128 ] 0 1 1
( 4240 2800 32 ) ( 4272 2816 32 ) ( 4272 2816 160 ) trim_band_teal [ -0.894427190999916 -0.4472135954999584 0 359.6621 ] [ 0 0 -1 -160 ] 0 0.809016 1
( 4224 2688 0 ) ( 4224.5 2688 0 ) ( 4224 2688.5 0 ) trim_band_teal [ -0.8944271909999164 -0.44721359549995815 -3.885780586188048e-16 359.6621 ] [ -0.44721359549995804 0.8944271909999161 5.551115123125783e-17 -316.44464 ] 0 0.809016 1.0062304
( 4352 2816 64 ) ( 4352 2816.5 64 ) ( 4352.5 2816 64 ) trim_band_teal [ -0.8944271909999164 -0.44721359549995815 -3.885780586188048e-16 359.6621 ] [ -0.44721359549995804 0.8944271909999161 5.551115123125783e-17 -316.44464 ] 0 0.809016 1.0062304
( 4272 2816 32 ) ( 4304 2688 32 ) ( 4304 2688 160 ) trim_band_teal [ -0.24253562503633297 0.9701425001453319 0 -264.114 ] [ 0 0 -1 -128 ] 0 1 1
}
// brush 11
{
( 4240 2704 32 ) ( 4224 2736 32 ) ( 4224 2736 160 ) trim_band_teal [ 0.4472135954999587 -0.8944271909999161 0 17.879028 ] [ 0 0 -1 -160 ] 0 0.809016 1
( 4224 2736 32 ) ( 4352 2768 32 ) ( 4352 2768 160 ) trim_band_teal [ -0.9701425001453319 -0.24253562503633297 0 109.36182 ] [ 0 0 -1 -128 ] 0 1 1
( 4224 2688 0 ) ( 4224.5 2688 0 ) ( 4224 2688.5 0 ) trim_band_teal [ 0.44721359549995826 -0.8944271909999165 -5.828670879282072e-16 17.879028 ] [ -0.8944271909999161 -0.44721359549995804 5.551115123125783e-17 138.65332 ] 0 0.809016 1.0062332
( 4352 2816 64 ) ( 4352 2816.5 64 ) ( 4352.5 2816 64 ) trim_band_teal [ 0.44721359549995826 -0.8944271909999165 -5.828670879282072e-16 17.879028 ] [ -0.8944271909999161 -0.44721359549995804 5.551115123125783e-17 138.65332 ] 0 0.809016 1.0062332
( 4240 2704 32 ) ( 4336 2800 160 ) ( 4336 2800 32 ) trim_band_teal [ 0.7071067811865476 0.7071067811865476 0 -274.19336 ] [ 0 0 -1 -128 ] 0 1 1
}
}
