// entity 0
{
"classname" "func_detail"
"_phong" "1"
// brush 0
{
( 4224 2800 224 ) ( 4224 2768 352 ) ( 4224 2768 224 ) 64_cyan_3 [ 0 -1 0 0 ] [ 0 0 -1 0 ] 0 1 1
( 4208 2736 192 ) ( 4240 2800 192 ) ( 4176 2864 192 ) trim_band_teal [ -0.4472135954999582 -0.8944271909999165 -5.551115123125783e-16 75.64844 ] [ -0.8944271909999161 0.44721359549995804 5.551115123125783e-17 -179.8269 ] 0 0.809016 1
( 4176 2864 256 ) ( 4240 2800 256 ) ( 4208 2736 256 ) trim_band_teal [ -0.4472135954999582 -0.8944271909999165 5.551115123125783e-16 75.64844 ] [ 0.8944271909999161 -0.44721359549995804 5.551115123125783e-17 307.8269 ] 0 0.809016 1
( 4240 2800 192 ) ( 4240 2800 256 ) ( 4176 2864 256 ) 64_cyan_1 [ -0.7071067811865476 0.7071067811865476 0 14.196777 ] [ 0 0 -1 0 ] 0 1 1
( 4208 2736 256 ) ( 4240 2800 256 ) ( 4240 2800 192 ) trim_band_teal [ -0.4472135954999576 -0.8944271909999164 0 75.64844 ] [ 0 0 -1 32 ] 0 0.809016 1
}
// brush 1
{
( 4240 2800 192 ) ( 4176 2864 192 ) ( 4176 2864 256 ) 64_cyan_3 [ 0.7071067811865476 -0.7071067811865476 0 -14.196777 ] [ 0 0 -1 0 ] 0 1 1
( 4240 2800 192 ) ( 4304 2832 192 ) ( 4296 2864 192 ) trim_band_teal [ -0.8944271909999164 -0.44721359549995815 -3.885780586188048e-16 359.6621 ] [ -0.44721359549995804 0.8944271909999161 5.551115123125783e-17 -256.21045 ] 0 0.809016 1
( 4296 2864 256 ) ( 4304 2832 256 ) ( 4240 2800 256 ) trim_band_teal [ -0.8944271909999164 -0.44721359549995815 3.885780586188048e-16 359.6621 ] [ 0.44721359549995804 -0.8944271909999161 5.551115123125783e-17 384.21048 ] 0 0.809016 1
( 4240 2816 224 ) ( 4272 2816 224 ) ( 4272 2816 352 ) 64_cyan_3 [ -1 0 0 0 ] [ 0 0 -1 0 ] 0 1 1
( 4240 2800 256 ) ( 4304 2832 256 ) ( 4304 2832 192 ) trim_band_teal [ -0.894427190999916 -0.4472135954999584 0 359.6621 ] [ 0 0 -1 32 ] 0 0.809016 1
}
}
