// entity 0
{
"classname" "func_detail"
"_phong" "1"
// brush 0
{
( 4736 2784 192 ) ( 4736 2848 128 ) ( 4736 2848 192 ) trim_band_teal [ 2.0122792321330962e-15 -1 0 353.51978 ] [ 0 0 -1 -32 ] 0 1.059713 1
( 5056 2816 192 ) ( 5120 2816 320 ) ( 5120 2816 192 ) 64_cyan_3 [ 1 0 -0 0 ] [ 0 -0 -1 0 ] 0 1 1
( 4992 2816 128 ) ( 4736 2848 128 ) ( 4736 2784 128 ) trim_band_teal [ 0 -1.0000000000000002 -2.0122792321330966e-15 353.51978 ] [ -1.0000000000000002 0 0 -95.99951 ] 0 1.059713 1
( 4992 2816 192 ) ( 4736 2784 192 ) ( 4736 2848 192 ) trim_band_teal [ 0 -1.0000000000000002 -2.0122792321330966e-15 353.51978 ] [ -1.0000000000000002 0 0 -95.99951 ] 0 1.059713 1
( 4992 2816 192 ) ( 4736 2848 128 ) ( 4992 2816 128 ) 64_cyan_3 [ -0.9922778767136677 0.12403473458920869 0 -59.800293 ] [ 0 0 -1 0 ] 0 1 1
}
// brush 1
{
( 4752 2912 160 ) ( 4736 2848 288 ) ( 4736 2848 160 ) trim_band_teal [ -0.24253562503633108 -0.9701425001453323 0 333.20166 ] [ 0 0 -1 -32 ] 0 1.059713 1
( 4736 2848 160 ) ( 4992 2816 288 ) ( 4992 2816 160 ) 64_cyan_2 [ 0.9922778767136677 -0.12403473458920869 0 59.800293 ] [ 0 0 -1 0 ] 0 1 1
( 4736 2816 128 ) ( 4737 2816 128 ) ( 4736 2817 128 ) trim_band_teal [ -0.242535625036333 -0.970142500145332 -1.9567680809018384e-15 333.20166 ] [ -0.970142500145332 0.242535625036333 -5.898059818321144e-17 94.05957 ] 0 1.059713 1.0004597
( 4992 3072 192 ) ( 4992 3073 192 ) ( 4993 3072 192 ) trim_band_teal [ -0.242535625036333 -0.970142500145332 -1.9567680809018384e-15 333.20166 ] [ -0.970142500145332 0.242535625036333 -5.898059818321144e-17 94.05957 ] 0 1.059713 1.0004597
( 4992 2816 160 ) ( 4752 2912 288 ) ( 4752 2912 160 ) 64_cyan_2 [ -0.9284766908852594 0.371390676354104 0 -39.14673 ] [ 0 0 -1 0 ] 0 1 1
}
// brush 2
{
( 4736 2880 160 ) ( 4768 2944 160 ) ( 4768 2944 288 ) trim_band_teal [ -0.4472135954999564 -0.8944271909999166 0 18.966309 ] [ 0 0 -1 -32 ] 0 1.059713 1
( 4992 2816 160 ) ( 4752 2912 160 ) ( 4752 2912 288 ) 64_cyan_1 [ 0.9284766908852594 -0.371390676354104 0 39.14673 ] [ 0 0 -1 0 ] 0 1 1
( 4736 2816 128 ) ( 4737 2816 128 ) ( 4736 2817 128 ) trim_band_teal [ -0.447213595499958 -0.8944271909999161 -1.7486012637846216e-15 18.96582 ] [ -0.8944271909999161 0.44721359549995804 5.551115123125783e-17 145.77686 ] 0 1.059713 1.0062308
( 4992 3072 192 ) ( 4992 3073 192 ) ( 4993 3072 192 ) trim_band_teal [ -0.447213595499958 -0.8944271909999161 -1.7486012637846216e-15 18.96582 ] [ -0.8944271909999161 0.44721359549995804 5.551115123125783e-17 145.77686 ] 0 1.059713 1.0062308
( 4784 2976 160 ) ( 4992 2816 160 ) ( 4992 2816 288 ) 64_cyan_1 [ -0.7926239891046001 0.6097107608496924 0 -0.47583008 ] [ 0 0 -1 0 ] 0 1 1
}
// brush 3
{
( 4784 2976 160 ) ( 4832 3024 160 ) ( 4832 3024 288 ) trim_band_teal [ -0.7071067811865462 -0.7071067811865487 0 154.18213 ] [ 0 0 -1 -32 ] 0 1.059713 1
( 4784 2976 160 ) ( 4992 2816 288 ) ( 4992 2816 160 ) 64_cyan_3 [ 0.7926239891046001 -0.6097107608496924 0 0.47583008 ] [ 0 0 -1 0 ] 0 1 1
( 4736 2816 128 ) ( 4737 2816 128 ) ( 4736 2817 128 ) trim_band_teal [ -0.7071067811865477 -0.7071067811865476 -1.7486012637846216e-15 154.18213 ] [ -0.7071067811865477 0.7071067811865477 1.1102230246251565e-16 9.73938 ] 0 1.059713 1.0164659
( 4992 3072 192 ) ( 4992 3073 192 ) ( 4993 3072 192 ) trim_band_teal [ -0.7071067811865477 -0.7071067811865476 -1.7486012637846216e-15 154.18213 ] [ -0.7071067811865477 0.7071067811865477 1.1102230246251565e-16 9.73938 ] 0 1.059713 1.0164659
( 4832 3024 160 ) ( 4992 2816 160 ) ( 4992 2816 288 ) 64_cyan_3 [ -0.6097107608496924 0.7926239891046001 0 -31.597961 ] [ 0 0 -1 0 ] 0 1 1
}
// brush 4
{
( 4832 3024 160 ) ( 4992 2816 288 ) ( 4992 2816 160 ) 64_cyan_2 [ 0.6097107608496924 -0.7926239891046001 0 31.597961 ] [ 0 0 -1 0 ] 0 1 1
( 4928 3072 160 ) ( 4864 3040 288 ) ( 4864 3040 160 ) trim_band_teal [ -0.8944271909999151 -0.4472135954999593 0 266.68066 ] [ 0 0 -1 -32 ] 0 1.059713 1
( 4736 2816 128 ) ( 4737 2816 128 ) ( 4736 2817 128 ) trim_band_teal [ -0.8944271909999161 -0.44721359549995804 -1.582067810090848e-15 266.68018 ] [ -0.44721359549995804 0.8944271909999161 5.551115123125783e-17 259.55576 ] 0 1.059713 1.0062308
( 4992 3072 192 ) ( 4992 3073 192 ) ( 4993 3072 192 ) trim_band_teal [ -0.8944271909999161 -0.44721359549995804 -1.582067810090848e-15 266.68018 ] [ -0.44721359549995804 0.8944271909999161 5.551115123125783e-17 259.55576 ] 0 1.059713 1.0062308
( 4896 3056 160 ) ( 4992 2816 160 ) ( 4992 2816 288 ) 64_cyan_2 [ -0.37139067635410355 0.9284766908852594 0 -0.33935547 ] [ 0 0 -1 0 ] 0 1 1
}
// brush 5
{
( 4896 3056 160 ) ( 4992 2816 288 ) ( 4992 2816 160 ) 64_cyan_1 [ 0.37139067635410355 -0.9284766908852594 0 0.33935547 ] [ 0 0 -1 0 ] 0 1 1
( 4960 3072 160 ) ( 4896 3056 288 ) ( 4896 3056 160 ) trim_band_teal [ -0.9701425001453314 -0.2425356250363343 0 26.243652 ] [ 0 0 -1 -32 ] 0 1.059713 1
( 4736 2816 128 ) ( 4737 2816 128 ) ( 4736 2817 128 ) trim_band_teal [ -0.9701425001453319 -0.24253562503633294 -1.4155343563970746e-15 26.243652 ] [ -0.242535625036333 0.970142500145332 -5.551115123125783e-17 -465.30103 ] 0 1.059713 1
( 4992 3072 192 ) ( 4992 3073 192 ) ( 4993 3072 192 ) trim_band_teal [ -0.9701425001453319 -0.24253562503633294 -1.4155343563970746e-15 26.243652 ] [ -0.242535625036333 0.970142500145332 -5.551115123125783e-17 -465.30103 ] 0 1.059713 1
( 4960 3072 160 ) ( 4992 2816 160 ) ( 4992 2816 288 ) 64_cyan_1 [ -0.12403473458920825 0.9922778767136677 0 -11.367676 ] [ 0 0 -1 0 ] 0 1 1
}
// brush 6
{
( 4960 3072 128 ) ( 4992 2816 192 ) ( 4992 2816 128 ) 64_cyan_3 [ 0.12403473458920825 -0.9922778767136677 0 11.367676 ] [ 0 0 -1 0 ] 0 1 1
( 5024 3072 128 ) ( 4960 3072 128 ) ( 4992 2816 128 ) trim_band_teal [ -1 0 -1.3183898417423736e-15 -25.09375 ] [ 0 1.0000000000000002 0 -224 ] 0 1.059713 1
( 5024 3072 192 ) ( 4992 2816 192 ) ( 4960 3072 192 ) trim_band_teal [ -1 0 -1.3183898417423736e-15 -25.09375 ] [ 0 1.0000000000000002 0 -224 ] 0 1.059713 1
( 5024 3072 192 ) ( 4960 3072 128 ) ( 5024 3072 128 ) trim_band_teal [ -0.9999999999999998 -1.3183898417423734e-15 0 -25.09375 ] [ 0 0 -1 -32 ] 0 1.059713 1
( 4992 2880 192 ) ( 4992 2944 320 ) ( 4992 2944 192 ) 64_cyan_3 [ 0 1 0 0 ] [ 0 0 -1 0 ] 0 1 1
}
}
