// entity 0
{
"classname" "func_detail"
"_phong" "1"
// brush 0
{
( 4176 2720 32 ) ( 4208 2848 32 ) ( 4208 2848 160 ) trim_band_teal [ -0.24253562503633297 -0.9701425001453319 0 -69.14453 ] [ 0 0 -1 -128 ] 0 1 1
( 4128 2752 0 ) ( 4128 2752 1 ) ( 4128.5 2752 0 ) trim_band_teal [ 1 0 0 -225.96436 ] [ 0 0 -1 -160 ] 0 0.995713 1
( 4128 2720 0 ) ( 4128.5 2720 0 ) ( 4128 2720.5 0 ) trim_band_teal [ 1.0000000000000002 0 0 -225.96436 ] [ 0 -1.0000000000000002 0 -192 ] 0 0.995713 1
( 4256 2848 64 ) ( 4256 2848.5 64 ) ( 4256.5 2848 64 ) trim_band_teal [ 1.0000000000000002 0 0 -225.96436 ] [ 0 -1.0000000000000002 0 -192 ] 0 0.995713 1
( 4176 2848 32 ) ( 4208 2720 32 ) ( 4208 2720 160 ) trim_band_teal [ -0.24253562503633297 0.9701425001453319 0 193.55798 ] [ 0 0 -1 -128 ] 0 1 1
}
// brush 1
{
( 4176 2848 32 ) ( 4208 2720 160 ) ( 4208 2720 32 ) trim_band_teal [ 0.24253562503633297 -0.9701425001453319 0 -193.55798 ] [ 0 0 -1 -128 ] 0 1 1
( 4128 2720 0 ) ( 4128.5 2720 0 ) ( 4128 2720.5 0 ) trim_band_teal [ 0.8944271909999162 0.4472135954999581 0 7.319336 ] [ 0.44721359549995804 -0.8944271909999161 5.551115123125783e-17 195.55511 ] 0 0.995713 1.0062313
( 4256 2848 64 ) ( 4256 2848.5 64 ) ( 4256.5 2848 64 ) trim_band_teal [ 0.8944271909999162 0.4472135954999581 0 7.319336 ] [ 0.44721359549995804 -0.8944271909999161 5.551115123125783e-17 195.55511 ] 0 0.995713 1.0062313
( 4225.6 2764.8 32 ) ( 4193.6 2748.8 32 ) ( 4193.6 2748.8 160 ) trim_band_teal [ 0.894427190999916 0.447213595499958 0 7.3188477 ] [ 0 0 -1 -160 ] 0 0.995713 1
( 4144 2832 32 ) ( 4240 2736 32 ) ( 4240 2736 160 ) trim_band_teal [ -0.7071067811865476 0.7071067811865476 0 90.50964 ] [ 0 0 -1 -128 ] 0 1 1
}
// brush 2
{
( 4256 2768 32 ) ( 4128 2800 32 ) ( 4128 2800 160 ) trim_band_teal [ 0.9701425001453319 -0.24253562503633297 0 -153.6648 ] [ 0 0 -1 0 ] 0 1 1
( 4128 2768 32 ) ( 4256 2800 32 ) ( 4256 2800 160 ) trim_band_teal [ -0.9701425001453319 -0.24253562503633297 0 215.98926 ] [ 0 0 -1 0 ] 0 1 1
( 4128 2720 0 ) ( 4128.5 2720 0 ) ( 4128 2720.5 0 ) trim_band_teal [ 0 1.0000000000000002 -1.665334536937735e-16 216.09741 ] [ 1.0000000000000002 0 0 0 ] 0 0.995713 1
( 4256 2848 64 ) ( 4256 2848.5 64 ) ( 4256.5 2848 64 ) trim_band_teal [ 0 1.0000000000000002 -1.665334536937735e-16 216.09741 ] [ 1.0000000000000002 0 0 0 ] 0 0.995713 1
( 4224 2848 64 ) ( 4224 2848 65 ) ( 4224 2848.5 64 ) trim_band_teal [ -1.6653345369377348e-16 1.0000000000000002 0 216.09741 ] [ 0 0 -1 -160 ] 0 0.995713 1
}
// brush 3
{
( 4176 2720 32 ) ( 4208 2848 32 ) ( 4208 2848 160 ) trim_band_teal [ -0.24253562503633297 -0.9701425001453319 0 -69.144775 ] [ 0 0 -1 -128 ] 0 1 1
( 4128 2720 0 ) ( 4128.5 2720 0 ) ( 4128 2720.5 0 ) trim_band_teal [ -0.8944271909999163 0.44721359549995815 -3.3306690738754696e-16 444.04175 ] [ 0.44721359549995804 0.8944271909999161 5.551115123125783e-17 -145.7334 ] 0 0.995713 1.0062408
( 4256 2848 64 ) ( 4256 2848.5 64 ) ( 4256.5 2848 64 ) trim_band_teal [ -0.8944271909999163 0.44721359549995815 -3.3306690738754696e-16 444.04175 ] [ 0.44721359549995804 0.8944271909999161 5.551115123125783e-17 -145.7334 ] 0 0.995713 1.0062408
( 4193.600000000001 2819.2000000000025 32 ) ( 4225.600000000001 2803.2000000000025 32 ) ( 4225.600000000001 2803.2000000000025 160 ) trim_band_teal [ -0.8944271909999163 0.44721359549995776 0 444.04175 ] [ 0 0 -1 -160 ] 0 0.995713 1
( 4144 2736 32 ) ( 4240 2832 160 ) ( 4240 2832 32 ) trim_band_teal [ 0.7071067811865476 0.7071067811865476 0 -228.93896 ] [ 0 0 -1 -128 ] 0 1 1
}
// brush 4
{
( 4144 2736 32 ) ( 4240 2832 32 ) ( 4240 2832 160 ) trim_band_teal [ -0.7071067811865476 -0.7071067811865476 0 228.93799 ] [ 0 0 -1 -128 ] 0 1 1
( 4190.4 2748.8 32 ) ( 4158.4 2764.8 32 ) ( 4158.4 2764.8 160 ) trim_band_teal [ 0.8944271909999166 -0.44721359549995754 0 -386.31567 ] [ 0 0 -1 -160 ] 0 0.995713 1
( 4128 2720 0 ) ( 4128.5 2720 0 ) ( 4128 2720.5 0 ) trim_band_teal [ 0.8944271909999165 -0.44721359549995826 -6.661338147750939e-16 -386.31567 ] [ -0.44721359549995804 -0.8944271909999161 5.551115123125783e-17 -174.20117 ] 0 0.995713 1.0062256
( 4256 2848 64 ) ( 4256 2848.5 64 ) ( 4256.5 2848 64 ) trim_band_teal [ 0.8944271909999165 -0.44721359549995826 -6.661338147750939e-16 -386.31567 ] [ -0.44721359549995804 -0.8944271909999161 5.551115123125783e-17 -174.20117 ] 0 0.995713 1.0062256
( 4176 2720 32 ) ( 4208 2848 160 ) ( 4208 2848 32 ) trim_band_teal [ 0.24253562503633297 0.9701425001453319 0 69.14453 ] [ 0 0 -1 -128 ] 0 1 1
}
// brush 5
{
( 4160 2720 0 ) ( 4160 2720.5 0 ) ( 4160 2720 1 ) trim_band_teal [ 5.551115123125783e-16 -1.0000000000000004 0 -231.92993 ] [ 0 0 -1 -160 ] 0 0.995713 1
( 4128 2720 0 ) ( 4128.5 2720 0 ) ( 4128 2720.5 0 ) trim_band_teal [ 0 -1.0000000000000007 -5.551115123125784e-16 -231.92993 ] [ -1.0000000000000002 0 0 191.99976 ] 0 0.995713 1
( 4256 2848 64 ) ( 4256 2848.5 64 ) ( 4256.5 2848 64 ) trim_band_teal [ 0 -1.0000000000000007 -5.551115123125784e-16 -231.92993 ] [ -1.0000000000000002 0 0 191.99976 ] 0 0.995713 1
( 4128 2768 32 ) ( 4256 2800 160 ) ( 4256 2800 32 ) trim_band_teal [ 0.9701425001453319 0.24253562503633297 0 -23.989258 ] [ 0 0 -1 -128 ] 0 1 1
( 4256 2768 32 ) ( 4128 2800 160 ) ( 4128 2800 32 ) trim_band_teal [ -0.9701425001453319 0.24253562503633297 0 -38.335205 ] [ 0 0 -1 -128 ] 0 1 1
}
// brush 6
{
( 4176 2848 32 ) ( 4208 2720 160 ) ( 4208 2720 32 ) trim_band_teal [ 0.24253562503633297 -0.9701425001453319 0 -193.55798 ] [ 0 0 -1 -128 ] 0 1 1
( 4128 2720 0 ) ( 4128.5 2720 0 ) ( 4128 2720.5 0 ) trim_band_teal [ -1.0000000000000002 0 -3.33066907387547e-16 106.132324 ] [ 0 1.0000000000000002 0 -128 ] 0 0.995713 1
( 4256 2848 64 ) ( 4256 2848.5 64 ) ( 4256.5 2848 64 ) trim_band_teal [ -1.0000000000000002 0 -3.33066907387547e-16 106.132324 ] [ 0 1.0000000000000002 0 -128 ] 0 0.995713 1
( 4256 2816 64 ) ( 4256.5 2816 64 ) ( 4256 2816 65 ) trim_band_teal [ -1.0000000000000002 -3.3306690738754696e-16 0 106.132324 ] [ 0 0 -1 -160 ] 0 0.995713 1
( 4176 2720 32 ) ( 4208 2848 160 ) ( 4208 2848 32 ) trim_band_teal [ 0.24253562503633297 0.9701425001453319 0 69.144775 ] [ 0 0 -1 -128 ] 0 1 1
}
// brush 7
{
( 4144 2832 32 ) ( 4240 2736 160 ) ( 4240 2736 32 ) trim_band_teal [ 0.7071067811865476 -0.7071067811865476 0 -90.50964 ] [ 0 0 -1 -128 ] 0 1 1
( 4128 2720 0 ) ( 4128.5 2720 0 ) ( 4128 2720.5 0 ) trim_band_teal [ 0.4472135954999581 0.8944271909999163 -1.942890293094024e-16 149.26611 ] [ 0.8944271909999161 -0.44721359549995804 5.551115123125783e-17 -344.90112 ] 0 0.995713 1.0062256
( 4256 2848 64 ) ( 4256 2848.5 64 ) ( 4256.5 2848 64 ) trim_band_teal [ 0.4472135954999581 0.8944271909999163 -1.942890293094024e-16 149.26611 ] [ 0.8944271909999161 -0.44721359549995804 5.551115123125783e-17 -344.90112 ] 0 0.995713 1.0062256
( 4256 2768 32 ) ( 4128 2800 160 ) ( 4128 2800 32 ) trim_band_teal [ -0.9701425001453319 0.24253562503633297 0 -38.335205 ] [ 0 0 -1 -128 ] 0 1 1
( 4227.2 2782.3999999999996 32 ) ( 4211.2 2750.3999999999996 32 ) ( 4211.2 2750.3999999999996 160 ) trim_band_teal [ 0.44721359549995787 0.8944271909999161 0 149.26611 ] [ 0 0 -1 -160 ] 0 0.995713 1
}
// brush 8
{
( 4156.8 2785.6 32 ) ( 4172.8 2817.6 32 ) ( 4172.8 2817.6 160 ) trim_band_teal [ -0.4472135954999576 -0.8944271909999164 0 -195.53955 ] [ 0 0 -1 -160 ] 0 0.995713 1
( 4256 2768 32 ) ( 4128 2800 32 ) ( 4128 2800 160 ) trim_band_teal [ 0.9701425001453319 -0.24253562503633297 0 38.335205 ] [ 0 0 -1 -128 ] 0 1 1
( 4128 2720 0 ) ( 4128.5 2720 0 ) ( 4128 2720.5 0 ) trim_band_teal [ -0.4472135954999582 -0.8944271909999165 -5.551115123125783e-16 -195.53955 ] [ -0.8944271909999161 0.44721359549995804 5.551115123125783e-17 24.882568 ] 0 0.995713 1.0062332
( 4256 2848 64 ) ( 4256 2848.5 64 ) ( 4256.5 2848 64 ) trim_band_teal [ -0.4472135954999582 -0.8944271909999165 -5.551115123125783e-16 -195.53955 ] [ -0.8944271909999161 0.44721359549995804 5.551115123125783e-17 24.882568 ] 0 0.995713 1.0062332
( 4144 2832 32 ) ( 4240 2736 32 ) ( 4240 2736 160 ) trim_band_teal [ -0.7071067811865476 0.7071067811865476 0 90.509705 ] [ 0 0 -1 -128 ] 0 1 1
}
// brush 9
{
( 4144 2736 32 ) ( 4240 2832 32 ) ( 4240 2832 160 ) trim_band_teal [ -0.7071067811865476 -0.7071067811865476 0 228.93896 ] [ 0 0 -1 -128 ] 0 1 1
( 4128 2720 0 ) ( 4128.5 2720 0 ) ( 4128 2720.5 0 ) trim_band_teal [ -0.4472135954999582 0.8944271909999164 -1.6653345369377348e-16 361.28894 ] [ 0.8944271909999161 0.44721359549995804 5.551115123125783e-17 -259.58008 ] 0 0.995713 1.0062256
( 4256 2848 64 ) ( 4256 2848.5 64 ) ( 4256.5 2848 64 ) trim_band_teal [ -0.4472135954999582 0.8944271909999164 -1.6653345369377348e-16 361.28894 ] [ 0.8944271909999161 0.44721359549995804 5.551115123125783e-17 -259.58008 ] 0 0.995713 1.0062256
( 4128 2768 32 ) ( 4256 2800 160 ) ( 4256 2800 32 ) trim_band_teal [ 0.9701425001453319 0.24253562503633297 0 -23.989258 ] [ 0 0 -1 -128 ] 0 1 1
( 4211.2 2817.6 32 ) ( 4227.2 2785.6 32 ) ( 4227.2 2785.6 160 ) trim_band_teal [ -0.44721359549995826 0.8944271909999161 0 361.28894 ] [ 0 0 -1 -160 ] 0 0.995713 1
}
// brush 10
{
( 4144 2832 32 ) ( 4240 2736 160 ) ( 4240 2736 32 ) trim_band_teal [ 0.7071067811865476 -0.7071067811865476 0 -90.509705 ] [ 0 0 -1 -128 ] 0 1 1
( 4158.4 2803.2 32 ) ( 4190.4 2819.2 32 ) ( 4190.4 2819.2 160 ) trim_band_teal [ -0.894427190999916 -0.4472135954999584 0 415.28906 ] [ 0 0 -1 -160 ] 0 0.995713 1
( 4128 2720 0 ) ( 4128.5 2720 0 ) ( 4128 2720.5 0 ) trim_band_teal [ -0.8944271909999164 -0.44721359549995815 -3.885780586188048e-16 415.28906 ] [ -0.44721359549995804 0.8944271909999161 5.551115123125783e-17 -3.5562744 ] 0 0.995713 1.0062294
( 4256 2848 64 ) ( 4256 2848.5 64 ) ( 4256.5 2848 64 ) trim_band_teal [ -0.8944271909999164 -0.44721359549995815 -3.885780586188048e-16 415.28906 ] [ -0.44721359549995804 0.8944271909999161 5.551115123125783e-17 -3.5562744 ] 0 0.995713 1.0062294
( 4176 2848 32 ) ( 4208 2720 32 ) ( 4208 2720 160 ) trim_band_teal [ -0.24253562503633297 0.9701425001453319 0 193.55798 ] [ 0 0 -1 -128 ] 0 1 1
}
// brush 11
{
( 4172.8 2750.4 32 ) ( 4156.8 2782.4 32 ) ( 4156.8 2782.4 160 ) trim_band_teal [ 0.4472135954999587 -0.8944271909999161 0 -346.6803 ] [ 0 0 -1 -160 ] 0 0.995713 1
( 4128 2768 32 ) ( 4256 2800 32 ) ( 4256 2800 160 ) trim_band_teal [ -0.9701425001453319 -0.24253562503633297 0 23.989258 ] [ 0 0 -1 -128 ] 0 1 1
( 4128 2720 0 ) ( 4128.5 2720 0 ) ( 4128 2720.5 0 ) trim_band_teal [ 0.44721359549995826 -0.8944271909999165 -5.828670879282072e-16 -346.6803 ] [ -0.8944271909999161 -0.44721359549995804 5.551115123125783e-17 451.58008 ] 0 0.995713 1.0062256
( 4256 2848 64 ) ( 4256 2848.5 64 ) ( 4256.5 2848 64 ) trim_band_teal [ 0.44721359549995826 -0.8944271909999165 -5.828670879282072e-16 -346.6803 ] [ -0.8944271909999161 -0.44721359549995804 5.551115123125783e-17 451.58008 ] 0 0.995713 1.0062256
( 4144 2736 32 ) ( 4240 2832 160 ) ( 4240 2832 32 ) trim_band_teal [ 0.7071067811865476 0.7071067811865476 0 -228.93799 ] [ 0 0 -1 -128 ] 0 1 1
}
}
