// entity 0
{
"classname" "func_detail"
"_phong" "1"
// brush 0
{
( 4864 2144 384 ) ( 4928 2128 384 ) ( 4928 2128 128 ) 64_cyan_2 [ 0.9411764705882354 -0.23529411764705885 0.242535625036333 -8.456055 ] [ -0.23529411764705885 0.058823529411764774 0.970142500145332 62.17456 ] 0 1 1
( 4864 2144 128 ) ( 4928 2128 128 ) ( 4992 2144 128 ) 64_cyan_2 [ 1 0 0 0 ] [ 0 1 0 32 ] 0 1 1
( 4992 2144 192 ) ( 4928 2128 192 ) ( 4864 2144 192 ) 64_cyan_2 [ 1 0 0 0 ] [ 0 1 0 32 ] 0 1 1
( 4992 2144 384 ) ( 4864 2144 384 ) ( 4864 2144 128 ) 64_cyan_2 [ 1.0000000000000002 0 0 0 ] [ 0 0 -1.0000000000000002 0 ] 0 1 1
( 4928 2128 128 ) ( 4928 2128 384 ) ( 4992 2144 384 ) trim_band_teal [ -0.970142500145331 -0.2425356250363334 0 214.70264 ] [ 0 0 -1 -32 ] 0 0.780553 1
}
// brush 1
{
( 4880 2080 384 ) ( 4864 2144 128 ) ( 4864 2144 384 ) 64_cyan_2 [ 0.058823529411764774 -0.23529411764705885 0.970142500145332 30.17455 ] [ -0.23529411764705885 0.9411764705882354 0.242535625036333 -8.45636 ] 0 1 1
( 4880 2080 128 ) ( 4928 2128 128 ) ( 4864 2144 128 ) 64_cyan_2 [ 1 0 0 0 ] [ 0 1 0 32 ] 0 1 1
( 4880 2080 192 ) ( 4864 2144 192 ) ( 4928 2128 192 ) 64_cyan_2 [ 1 0 0 0 ] [ 0 1 0 32 ] 0 1 1
( 4864 2144 384 ) ( 4928 2128 128 ) ( 4928 2128 384 ) 64_cyan_2 [ 0.9411764705882354 -0.23529411764705885 -0.242535625036333 -10.366699 ] [ -0.23529411764705885 0.058823529411764774 -0.970142500145332 -9.468994 ] 0 1 1
( 4880 2080 384 ) ( 4928 2128 128 ) ( 4880 2080 128 ) trim_band_teal [ -0.7071067811865465 -0.7071067811865475 0 -179.41846 ] [ 0 0 -1 -32 ] 0 0.780553 1
}
// brush 2
{
( 4864 2144 384 ) ( 4864 2016 384 ) ( 4864 2016 128 ) 64_cyan_2 [ 0 0 1.0000000000000002 0 ] [ 0 1.0000000000000002 0 32 ] 0 1 1
( 4864 2016 128 ) ( 4880 2080 128 ) ( 4864 2144 128 ) 64_cyan_2 [ 1 0 0 0 ] [ 0 1 0 32 ] 0 1 1
( 4864 2144 192 ) ( 4880 2080 192 ) ( 4864 2016 192 ) 64_cyan_2 [ 1 0 0 0 ] [ 0 1 0 32 ] 0 1 1
( 4864 2016 384 ) ( 4880 2080 384 ) ( 4880 2080 128 ) trim_band_teal [ -0.24253562503633197 -0.9701425001453312 0 -334.97583 ] [ 0 0 -1 -32 ] 0 0.780553 1
( 4880 2080 128 ) ( 4880 2080 384 ) ( 4864 2144 384 ) 64_cyan_2 [ 0.058823529411764774 -0.23529411764705885 -0.970142500145332 -41.468994 ] [ -0.23529411764705885 0.9411764705882354 -0.242535625036333 -10.367126 ] 0 1 1
}
}
