// entity 0
{
"classname" "func_detail"
"_phong" "1"
// brush 0
{
( 5024 2560 32 ) ( 4992 2816 32 ) ( 4992 2816 160 ) 64_cyan_1 [ 0.12403473458920836 -0.9922778767136677 0 50.77893 ] [ 0 0 -1 0 ] 0 1 1
( 5248 2816 0 ) ( 5247 2816 0 ) ( 5248 2815 0 ) trim_band_teal [ 0.970142500145332 0.242535625036333 -8.326672684688674e-17 -418.8662 ] [ 0.242535625036333 -0.970142500145332 -5.551115123125783e-17 16.484497 ] 0 1.059713 1.0004597
( 4992 2560 64 ) ( 4992 2559 64 ) ( 4991 2560 64 ) trim_band_teal [ 0.970142500145332 0.242535625036333 -8.326672684688674e-17 -418.8662 ] [ 0.242535625036333 -0.970142500145332 -5.551115123125783e-17 16.484497 ] 0 1.059713 1.0004597
( 5024 2560 32 ) ( 5088 2576 160 ) ( 5088 2576 32 ) trim_band_teal [ 0.9701425001453319 0.24253562503633305 0 -418.8662 ] [ 0 0 -1 -160 ] 0 1.059713 1
( 5088 2576 32 ) ( 4992 2816 160 ) ( 4992 2816 32 ) 64_cyan_1 [ -0.37139067635410367 0.9284766908852594 0 -48.87683 ] [ 0 0 -1 0 ] 0 1 1
}
// brush 1
{
( 4960 2560 0 ) ( 4992 2816 64 ) ( 4960 2560 64 ) 64_cyan_3 [ -0.12403473458920852 -0.9922778767136677 0 29.466553 ] [ 0 0 -1 0 ] 0 1 1
( 5024 2560 64 ) ( 4960 2560 0 ) ( 4960 2560 64 ) trim_band_teal [ 1 0 0 25.487305 ] [ 0 0 -1 -160 ] 0 1.059713 1
( 5024 2560 0 ) ( 4992 2816 0 ) ( 4960 2560 0 ) trim_band_teal [ 1.0000000000000002 0 0 25.487305 ] [ 0 -1.0000000000000002 0 287.99976 ] 0 1.059713 1
( 5024 2560 64 ) ( 4960 2560 64 ) ( 4992 2816 64 ) trim_band_teal [ 1.0000000000000002 0 0 25.487305 ] [ 0 -1.0000000000000002 0 287.99976 ] 0 1.059713 1
( 4992 2816 0 ) ( 5024 2560 64 ) ( 4992 2816 64 ) 64_cyan_3 [ -0.12403473458920836 0.9922778767136677 0 -50.77893 ] [ 0 0 -1 0 ] 0 1 1
}
// brush 2
{
( 4992 2816 32 ) ( 4896 2576 160 ) ( 4896 2576 32 ) 64_cyan_2 [ -0.37139067635410383 -0.9284766908852594 0 8.306152 ] [ 0 0 -1 0 ] 0 1 1
( 4896 2576 32 ) ( 4960 2560 160 ) ( 4960 2560 32 ) trim_band_teal [ 0.9701425001453319 -0.24253562503633305 0 -272.85913 ] [ 0 0 -1 -160 ] 0 1.059713 1
( 4992 2560 0 ) ( 4992 2561 0 ) ( 4991 2560 0 ) trim_band_teal [ 0.970142500145332 -0.242535625036333 8.326672684688674e-17 -272.85913 ] [ -0.242535625036333 -0.970142500145332 -5.551115123125783e-17 388.85132 ] 0 1.059713 1.0004587
( 4736 2816 64 ) ( 4735 2816 64 ) ( 4736 2817 64 ) trim_band_teal [ 0.970142500145332 -0.242535625036333 8.326672684688674e-17 -272.85913 ] [ -0.242535625036333 -0.970142500145332 -5.551115123125783e-17 388.85132 ] 0 1.059713 1.0004587
( 4960 2560 32 ) ( 4992 2816 160 ) ( 4992 2816 32 ) 64_cyan_2 [ 0.12403473458920852 0.9922778767136677 0 -29.466553 ] [ 0 0 -1 0 ] 0 1 1
}
// brush 3
{
( 4832 2608 32 ) ( 4992 2816 32 ) ( 4992 2816 160 ) 64_cyan_1 [ -0.6097107608496924 -0.7926239891046001 0 27.395996 ] [ 0 0 -1 0 ] 0 1 1
( 4928 2560 32 ) ( 4864 2592 32 ) ( 4864 2592 160 ) trim_band_teal [ 0.8944271909999169 -0.44721359549995576 0 62.49536 ] [ 0 0 -1 -160 ] 0 1.059713 1
( 4992 2560 0 ) ( 4992 2561 0 ) ( 4991 2560 0 ) trim_band_teal [ 0.8944271909999161 -0.4472135954999581 -2.3869795029440866e-15 62.49536 ] [ -0.44721359549995804 -0.8944271909999161 5.551115123125783e-17 145.7793 ] 0 1.059713 1.0062304
( 4736 2816 64 ) ( 4735 2816 64 ) ( 4736 2817 64 ) trim_band_teal [ 0.8944271909999161 -0.4472135954999581 -2.3869795029440866e-15 62.49536 ] [ -0.44721359549995804 -0.8944271909999161 5.551115123125783e-17 145.7793 ] 0 1.059713 1.0062304
( 4992 2816 32 ) ( 4896 2576 32 ) ( 4896 2576 160 ) 64_cyan_1 [ 0.37139067635410383 0.9284766908852594 0 -8.306152 ] [ 0 0 -1 0 ] 0 1 1
}
// brush 4
{
( 4832 2608 32 ) ( 4784 2656 32 ) ( 4784 2656 160 ) trim_band_teal [ 0.7071067811865491 -0.7071067811865458 0 20.233398 ] [ 0 0 -1 -160 ] 0 1.059713 1
( 4784 2656 32 ) ( 4992 2816 32 ) ( 4992 2816 160 ) 64_cyan_3 [ -0.7926239891046001 -0.6097107608496924 0 30.479492 ] [ 0 0 -1 0 ] 0 1 1
( 4992 2560 0 ) ( 4992 2561 0 ) ( 4991 2560 0 ) trim_band_teal [ 0.7071067811865477 -0.7071067811865477 -2.3592239273284576e-15 20.233398 ] [ -0.7071067811865477 -0.7071067811865477 1.1102230246251565e-16 343.65625 ] 0 1.059713 1.0164652
( 4736 2816 64 ) ( 4735 2816 64 ) ( 4736 2817 64 ) trim_band_teal [ 0.7071067811865477 -0.7071067811865477 -2.3592239273284576e-15 20.233398 ] [ -0.7071067811865477 -0.7071067811865477 1.1102230246251565e-16 343.65625 ] 0 1.059713 1.0164652
( 4832 2608 32 ) ( 4992 2816 160 ) ( 4992 2816 32 ) 64_cyan_3 [ 0.6097107608496924 0.7926239891046001 0 -27.395996 ] [ 0 0 -1 0 ] 0 1 1
}
// brush 5
{
( 4736 2752 32 ) ( 4768 2688 160 ) ( 4768 2688 32 ) trim_band_teal [ 0.44721359549996 -0.8944271909999149 0 126.991455 ] [ 0 0 -1 -160 ] 0 1.059713 1
( 4752 2720 32 ) ( 4992 2816 32 ) ( 4992 2816 160 ) 64_cyan_2 [ -0.9284766908852594 -0.3713906763541037 0 41.060547 ] [ 0 0 -1 0 ] 0 1 1
( 4992 2560 0 ) ( 4992 2561 0 ) ( 4991 2560 0 ) trim_band_teal [ 0.4472135954999581 -0.8944271909999162 -2.248201624865942e-15 126.991425 ] [ -0.8944271909999161 -0.44721359549995804 5.551115123125783e-17 88.885254 ] 0 1.059713 1.0062313
( 4736 2816 64 ) ( 4735 2816 64 ) ( 4736 2817 64 ) trim_band_teal [ 0.4472135954999581 -0.8944271909999162 -2.248201624865942e-15 126.991425 ] [ -0.8944271909999161 -0.44721359549995804 5.551115123125783e-17 88.885254 ] 0 1.059713 1.0062313
( 4784 2656 32 ) ( 4992 2816 160 ) ( 4992 2816 32 ) 64_cyan_2 [ 0.7926239891046001 0.6097107608496924 0 -30.479492 ] [ 0 0 -1 0 ] 0 1 1
}
// brush 6
{
( 4736 2784 32 ) ( 4752 2720 160 ) ( 4752 2720 32 ) trim_band_teal [ 0.24253562503633502 -0.9701425001453314 0 215.15625 ] [ 0 0 -1 -160 ] 0 1.059713 1
( 4736 2784 32 ) ( 4992 2816 32 ) ( 4992 2816 160 ) 64_cyan_1 [ -0.9922778767136677 -0.12403473458920841 0 -21.561035 ] [ 0 0 -1 0 ] 0 1 1
( 4992 2560 0 ) ( 4992 2561 0 ) ( 4991 2560 0 ) trim_band_teal [ 0.242535625036333 -0.970142500145332 -2.095545958979983e-15 215.15613 ] [ -0.970142500145332 -0.242535625036333 -5.898059818321144e-17 -76.60693 ] 0 1.059713 1.0004597
( 4736 2816 64 ) ( 4735 2816 64 ) ( 4736 2817 64 ) trim_band_teal [ 0.242535625036333 -0.970142500145332 -2.095545958979983e-15 215.15613 ] [ -0.970142500145332 -0.242535625036333 -5.898059818321144e-17 -76.60693 ] 0 1.059713 1.0004597
( 4752 2720 32 ) ( 4992 2816 160 ) ( 4992 2816 32 ) 64_cyan_1 [ 0.9284766908852594 0.3713906763541037 0 -41.060547 ] [ 0 0 -1 0 ] 0 1 1
}
// brush 7
{
( 4736 2784 64 ) ( 4736 2848 0 ) ( 4736 2848 64 ) trim_band_teal [ 2.0122792321330962e-15 -1 0 353.51978 ] [ 0 0 -1 -160 ] 0 1.059713 1
( 4992 2816 0 ) ( 4736 2848 0 ) ( 4736 2784 0 ) trim_band_teal [ 0 -1.0000000000000002 -2.0122792321330966e-15 353.51978 ] [ -1.0000000000000002 0 0 -95.99951 ] 0 1.059713 1
( 4992 2816 64 ) ( 4736 2784 64 ) ( 4736 2848 64 ) trim_band_teal [ 0 -1.0000000000000002 -2.0122792321330966e-15 353.51978 ] [ -1.0000000000000002 0 0 -95.99951 ] 0 1.059713 1
( 4992 2816 64 ) ( 4736 2784 0 ) ( 4736 2784 64 ) 64_cyan_3 [ 0.9922778767136677 0.12403473458920841 0 21.561035 ] [ 0 0 -1 0 ] 0 1 1
( 4992 2816 64 ) ( 4736 2848 0 ) ( 4992 2816 0 ) 64_cyan_3 [ -0.9922778767136677 0.12403473458920869 0 -59.800293 ] [ 0 0 -1 0 ] 0 1 1
}
// brush 8
{
( 4752 2912 32 ) ( 4736 2848 160 ) ( 4736 2848 32 ) trim_band_teal [ -0.24253562503633108 -0.9701425001453323 0 333.20166 ] [ 0 0 -1 -160 ] 0 1.059713 1
( 4736 2848 32 ) ( 4992 2816 160 ) ( 4992 2816 32 ) 64_cyan_2 [ 0.9922778767136677 -0.12403473458920869 0 59.800293 ] [ 0 0 -1 0 ] 0 1 1
( 4736 2816 0 ) ( 4737 2816 0 ) ( 4736 2817 0 ) trim_band_teal [ -0.242535625036333 -0.970142500145332 -1.9567680809018384e-15 333.20166 ] [ -0.970142500145332 0.242535625036333 -5.898059818321144e-17 94.05957 ] 0 1.059713 1.0004597
( 4992 3072 64 ) ( 4992 3073 64 ) ( 4993 3072 64 ) trim_band_teal [ -0.242535625036333 -0.970142500145332 -1.9567680809018384e-15 333.20166 ] [ -0.970142500145332 0.242535625036333 -5.898059818321144e-17 94.05957 ] 0 1.059713 1.0004597
( 4992 2816 32 ) ( 4752 2912 160 ) ( 4752 2912 32 ) 64_cyan_2 [ -0.9284766908852594 0.371390676354104 0 -39.14673 ] [ 0 0 -1 0 ] 0 1 1
}
// brush 9
{
( 4736 2880 32 ) ( 4768 2944 32 ) ( 4768 2944 160 ) trim_band_teal [ -0.4472135954999564 -0.8944271909999166 0 18.966064 ] [ 0 0 -1 -160 ] 0 1.059713 1
( 4992 2816 32 ) ( 4752 2912 32 ) ( 4752 2912 160 ) 64_cyan_1 [ 0.9284766908852594 -0.371390676354104 0 39.14673 ] [ 0 0 -1 0 ] 0 1 1
( 4736 2816 0 ) ( 4737 2816 0 ) ( 4736 2817 0 ) trim_band_teal [ -0.447213595499958 -0.8944271909999161 -1.7486012637846216e-15 18.966064 ] [ -0.8944271909999161 0.44721359549995804 5.551115123125783e-17 145.77686 ] 0 1.059713 1.0062308
( 4992 3072 64 ) ( 4992 3073 64 ) ( 4993 3072 64 ) trim_band_teal [ -0.447213595499958 -0.8944271909999161 -1.7486012637846216e-15 18.966064 ] [ -0.8944271909999161 0.44721359549995804 5.551115123125783e-17 145.77686 ] 0 1.059713 1.0062308
( 4784 2976 32 ) ( 4992 2816 32 ) ( 4992 2816 160 ) 64_cyan_1 [ -0.7926239891046001 0.6097107608496924 0 -0.47583008 ] [ 0 0 -1 0 ] 0 1 1
}
// brush 10
{
( 4784 2976 32 ) ( 4832 3024 32 ) ( 4832 3024 160 ) trim_band_teal [ -0.7071067811865462 -0.7071067811865487 0 154.18213 ] [ 0 0 -1 -160 ] 0 1.059713 1
( 4784 2976 32 ) ( 4992 2816 160 ) ( 4992 2816 32 ) 64_cyan_3 [ 0.7926239891046001 -0.6097107608496924 0 0.47583008 ] [ 0 0 -1 0 ] 0 1 1
( 4736 2816 0 ) ( 4737 2816 0 ) ( 4736 2817 0 ) trim_band_teal [ -0.7071067811865477 -0.7071067811865476 -1.7486012637846216e-15 154.18213 ] [ -0.7071067811865477 0.7071067811865477 1.1102230246251565e-16 9.73938 ] 0 1.059713 1.0164659
( 4992 3072 64 ) ( 4992 3073 64 ) ( 4993 3072 64 ) trim_band_teal [ -0.7071067811865477 -0.7071067811865476 -1.7486012637846216e-15 154.18213 ] [ -0.7071067811865477 0.7071067811865477 1.1102230246251565e-16 9.73938 ] 0 1.059713 1.0164659
( 4832 3024 32 ) ( 4992 2816 32 ) ( 4992 2816 160 ) 64_cyan_3 [ -0.6097107608496924 0.7926239891046001 0 -31.597961 ] [ 0 0 -1 0 ] 0 1 1
}
// brush 11
{
( 4832 3024 32 ) ( 4992 2816 160 ) ( 4992 2816 32 ) 64_cyan_2 [ 0.6097107608496924 -0.7926239891046001 0 31.597961 ] [ 0 0 -1 0 ] 0 1 1
( 4928 3072 32 ) ( 4864 3040 160 ) ( 4864 3040 32 ) trim_band_teal [ -0.8944271909999151 -0.4472135954999593 0 266.68066 ] [ 0 0 -1 -160 ] 0 1.059713 1
( 4736 2816 0 ) ( 4737 2816 0 ) ( 4736 2817 0 ) trim_band_teal [ -0.8944271909999161 -0.44721359549995804 -1.582067810090848e-15 266.68018 ] [ -0.44721359549995804 0.8944271909999161 5.551115123125783e-17 259.55576 ] 0 1.059713 1.0062308
( 4992 3072 64 ) ( 4992 3073 64 ) ( 4993 3072 64 ) trim_band_teal [ -0.8944271909999161 -0.44721359549995804 -1.582067810090848e-15 266.68018 ] [ -0.44721359549995804 0.8944271909999161 5.551115123125783e-17 259.55576 ] 0 1.059713 1.0062308
( 4896 3056 32 ) ( 4992 2816 32 ) ( 4992 2816 160 ) 64_cyan_2 [ -0.37139067635410355 0.9284766908852594 0 -0.33935547 ] [ 0 0 -1 0 ] 0 1 1
}
// brush 12
{
( 4896 3056 32 ) ( 4992 2816 160 ) ( 4992 2816 32 ) 64_cyan_1 [ 0.37139067635410355 -0.9284766908852594 0 0.33935547 ] [ 0 0 -1 0 ] 0 1 1
( 4960 3072 32 ) ( 4896 3056 160 ) ( 4896 3056 32 ) trim_band_teal [ -0.9701425001453314 -0.2425356250363343 0 26.243652 ] [ 0 0 -1 -160 ] 0 1.059713 1
( 4736 2816 0 ) ( 4737 2816 0 ) ( 4736 2817 0 ) trim_band_teal [ -0.9701425001453319 -0.24253562503633294 -1.4155343563970746e-15 26.243652 ] [ -0.242535625036333 0.970142500145332 -5.551115123125783e-17 -465.30103 ] 0 1.059713 1
( 4992 3072 64 ) ( 4992 3073 64 ) ( 4993 3072 64 ) trim_band_teal [ -0.9701425001453319 -0.24253562503633294 -1.4155343563970746e-15 26.243652 ] [ -0.242535625036333 0.970142500145332 -5.551115123125783e-17 -465.30103 ] 0 1.059713 1
( 4960 3072 32 ) ( 4992 2816 32 ) ( 4992 2816 160 ) 64_cyan_1 [ -0.12403473458920825 0.9922778767136677 0 -11.367676 ] [ 0 0 -1 0 ] 0 1 1
}
// brush 13
{
( 4960 3072 0 ) ( 4992 2816 64 ) ( 4992 2816 0 ) 64_cyan_3 [ 0.12403473458920825 -0.9922778767136677 0 11.367676 ] [ 0 0 -1 0 ] 0 1 1
( 5024 3072 0 ) ( 4960 3072 0 ) ( 4992 2816 0 ) trim_band_teal [ -1 0 -1.3183898417423736e-15 -25.09375 ] [ 0 1.0000000000000002 0 -224 ] 0 1.059713 1
( 5024 3072 64 ) ( 4992 2816 64 ) ( 4960 3072 64 ) trim_band_teal [ -1 0 -1.3183898417423736e-15 -25.09375 ] [ 0 1.0000000000000002 0 -224 ] 0 1.059713 1
( 5024 3072 64 ) ( 4960 3072 0 ) ( 5024 3072 0 ) trim_band_teal [ -0.9999999999999998 -1.3183898417423734e-15 0 -25.09375 ] [ 0 0 -1 -160 ] 0 1.059713 1
( 5024 3072 64 ) ( 4992 2816 0 ) ( 4992 2816 64 ) 64_cyan_3 [ 0.12403473458920863 0.9922778767136677 0 -13.405518 ] [ 0 0 -1 0 ] 0 1 1
}
// brush 14
{
( 5024 3072 32 ) ( 4992 2816 160 ) ( 4992 2816 32 ) 64_cyan_2 [ -0.12403473458920863 -0.9922778767136677 0 13.405518 ] [ 0 0 -1 0 ] 0 1 1
( 4992 3072 0 ) ( 4992 3071 0 ) ( 4993 3072 0 ) trim_band_teal [ -0.970142500145332 0.242535625036333 -1.2906342661267445e-15 154.26855 ] [ 0.242535625036333 0.970142500145332 -5.551115123125783e-17 -324.82593 ] 0 1.059713 1.0004652
( 5248 2816 64 ) ( 5249 2816 64 ) ( 5248 2815 64 ) trim_band_teal [ -0.970142500145332 0.242535625036333 -1.2906342661267445e-15 154.26855 ] [ 0.242535625036333 0.970142500145332 -5.551115123125783e-17 -324.82593 ] 0 1.059713 1.0004652
( 5088 3056 32 ) ( 5024 3072 160 ) ( 5024 3072 32 ) trim_band_teal [ -0.970142500145332 0.2425356250363317 0 154.26855 ] [ 0 0 -1 -160 ] 0 1.059713 1
( 4992 2816 32 ) ( 5088 3056 160 ) ( 5088 3056 32 ) 64_cyan_2 [ 0.37139067635410394 0.9284766908852594 0 -32.838867 ] [ 0 0 -1 0 ] 0 1 1
}
// brush 15
{
( 4992 2816 32 ) ( 5088 3056 32 ) ( 5088 3056 160 ) 64_cyan_1 [ -0.37139067635410394 -0.9284766908852594 0 32.838867 ] [ 0 0 -1 0 ] 0 1 1
( 4992 3072 0 ) ( 4992 3071 0 ) ( 4993 3072 0 ) trim_band_teal [ -0.894427190999916 0.44721359549995804 -1.0824674490095276e-15 224.48633 ] [ 0.44721359549995804 0.8944271909999161 5.551115123125783e-17 -81.77881 ] 0 1.059713 1.0062304
( 5248 2816 64 ) ( 5249 2816 64 ) ( 5248 2815 64 ) trim_band_teal [ -0.894427190999916 0.44721359549995804 -1.0824674490095276e-15 224.48633 ] [ 0.44721359549995804 0.8944271909999161 5.551115123125783e-17 -81.77881 ] 0 1.059713 1.0062304
( 5056 3072 32 ) ( 5120 3040 32 ) ( 5120 3040 160 ) trim_band_teal [ -0.8944271909999162 0.4472135954999569 0 224.48633 ] [ 0 0 -1 -160 ] 0 1.059713 1
( 5152 3024 32 ) ( 4992 2816 32 ) ( 4992 2816 160 ) 64_cyan_1 [ 0.6097107608496924 0.7926239891046001 0 -28.014648 ] [ 0 0 -1 0 ] 0 1 1
}
// brush 16
{
( 5152 3024 32 ) ( 4992 2816 160 ) ( 4992 2816 32 ) 64_cyan_3 [ -0.6097107608496924 -0.7926239891046001 0 28.014648 ] [ 0 0 -1 0 ] 0 1 1
( 4992 3072 0 ) ( 4992 3071 0 ) ( 4993 3072 0 ) trim_band_teal [ -0.7071067811865475 0.7071067811865476 -1.0824674490095276e-15 108.160034 ] [ 0.7071067811865477 0.7071067811865477 1.1102230246251565e-16 -279.65088 ] 0 1.059713 1.0164661
( 5248 2816 64 ) ( 5249 2816 64 ) ( 5248 2815 64 ) trim_band_teal [ -0.7071067811865475 0.7071067811865476 -1.0824674490095276e-15 108.160034 ] [ 0.7071067811865477 0.7071067811865477 1.1102230246251565e-16 -279.65088 ] 0 1.059713 1.0164661
( 5200 2976 32 ) ( 4992 2816 32 ) ( 4992 2816 160 ) 64_cyan_3 [ 0.7926239891046001 0.6097107608496924 0 -52.96924 ] [ 0 0 -1 0 ] 0 1 1
( 5152 3024 32 ) ( 5200 2976 32 ) ( 5200 2976 160 ) trim_band_teal [ -0.7071067811865481 0.7071067811865466 0 108.160034 ] [ 0 0 -1 -160 ] 0 1.059713 1
}
// brush 17
{
( 5200 2976 32 ) ( 4992 2816 160 ) ( 4992 2816 32 ) 64_cyan_2 [ -0.7926239891046001 -0.6097107608496924 0 52.96924 ] [ 0 0 -1 0 ] 0 1 1
( 4992 3072 0 ) ( 4992 3071 0 ) ( 4993 3072 0 ) trim_band_teal [ -0.447213595499958 0.894427190999916 -9.43689570931383e-16 -157.18622 ] [ 0.8944271909999161 0.44721359549995804 5.551115123125783e-17 -24.890625 ] 0 1.059713 1.0062304
( 5248 2816 64 ) ( 5249 2816 64 ) ( 5248 2815 64 ) trim_band_teal [ -0.447213595499958 0.894427190999916 -9.43689570931383e-16 -157.18622 ] [ 0.8944271909999161 0.44721359549995804 5.551115123125783e-17 -24.890625 ] 0 1.059713 1.0062304
( 5232 2912 32 ) ( 4992 2816 32 ) ( 4992 2816 160 ) 64_cyan_2 [ 0.9284766908852594 0.3713906763541036 0 7.477051 ] [ 0 0 -1 0 ] 0 1 1
( 5248 2880 32 ) ( 5216 2944 160 ) ( 5216 2944 32 ) trim_band_teal [ -0.4472135954999587 0.8944271909999153 0 -157.1862 ] [ 0 0 -1 -160 ] 0 1.059713 1
}
// brush 18
{
( 5232 2912 32 ) ( 4992 2816 160 ) ( 4992 2816 32 ) 64_cyan_1 [ -0.9284766908852594 -0.3713906763541036 0 -7.477051 ] [ 0 0 -1 0 ] 0 1 1
( 4992 3072 0 ) ( 4992 3071 0 ) ( 4993 3072 0 ) trim_band_teal [ -0.24253562503633297 0.9701425001453319 -7.771561172376096e-16 -351.77856 ] [ 0.970142500145332 0.242535625036333 -5.898059818321144e-17 -371.39795 ] 0 1.059713 1.0004587
( 5248 2816 64 ) ( 5249 2816 64 ) ( 5248 2815 64 ) trim_band_teal [ -0.24253562503633297 0.9701425001453319 -7.771561172376096e-16 -351.77856 ] [ 0.970142500145332 0.242535625036333 -5.898059818321144e-17 -371.39795 ] 0 1.059713 1.0004587
( 5248 2848 32 ) ( 4992 2816 32 ) ( 4992 2816 160 ) 64_cyan_1 [ 0.9922778767136677 0.1240347345892083 0 -3.0268555 ] [ 0 0 -1 0 ] 0 1 1
( 5248 2848 32 ) ( 5232 2912 160 ) ( 5232 2912 32 ) trim_band_teal [ -0.2425356250363337 0.9701425001453315 0 -351.77856 ] [ 0 0 -1 -160 ] 0 1.059713 1
}
// brush 19
{
( 4992 2816 0 ) ( 5248 2784 64 ) ( 5248 2784 0 ) 64_cyan_3 [ 0.9922778767136677 -0.12403473458920858 0 11.861328 ] [ 0 0 -1 0 ] 0 1 1
( 4992 2816 0 ) ( 5248 2848 64 ) ( 4992 2816 64 ) 64_cyan_3 [ -0.9922778767136677 -0.1240347345892083 0 3.0268555 ] [ 0 0 -1 0 ] 0 1 1
( 5248 2848 0 ) ( 4992 2816 0 ) ( 5248 2784 0 ) trim_band_teal [ 0 1 -6.938893903907229e-16 -97.126465 ] [ 1.0000000000000002 0 0 -351.9995 ] 0 1.059713 1
( 5248 2848 64 ) ( 5248 2784 64 ) ( 4992 2816 64 ) trim_band_teal [ 0 1 -6.938893903907229e-16 -97.126465 ] [ 1.0000000000000002 0 0 -351.9995 ] 0 1.059713 1
( 5248 2848 64 ) ( 5248 2784 0 ) ( 5248 2784 64 ) trim_band_teal [ -6.938893903907228e-16 0.9999999999999999 0 -97.126465 ] [ 0 0 -1 -160 ] 0 1.059713 1
}
// brush 20
{
( 4992 2816 32 ) ( 5232 2720 160 ) ( 5232 2720 32 ) 64_cyan_2 [ 0.9284766908852594 -0.3713906763541039 0 14.61377 ] [ 0 0 -1 0 ] 0 1 1
( 5248 2816 0 ) ( 5247 2816 0 ) ( 5248 2815 0 ) trim_band_teal [ 0.242535625036333 0.970142500145332 -6.38378239159465e-16 -195.79224 ] [ 0.970142500145332 -0.242535625036333 -5.898059818321144e-17 -30.05957 ] 0 1.059713 1.0004597
( 4992 2560 64 ) ( 4992 2559 64 ) ( 4991 2560 64 ) trim_band_teal [ 0.242535625036333 0.970142500145332 -6.38378239159465e-16 -195.79224 ] [ 0.970142500145332 -0.242535625036333 -5.898059818321144e-17 -30.05957 ] 0 1.059713 1.0004597
( 5248 2784 32 ) ( 4992 2816 160 ) ( 4992 2816 32 ) 64_cyan_2 [ -0.9922778767136677 0.12403473458920858 0 -11.861328 ] [ 0 0 -1 0 ] 0 1 1
( 5232 2720 32 ) ( 5248 2784 160 ) ( 5248 2784 32 ) trim_band_teal [ 0.24253562503633236 0.970142500145332 0 -195.79224 ] [ 0 0 -1 -160 ] 0 1.059713 1
}
// brush 21
{
( 5200 2656 32 ) ( 4992 2816 32 ) ( 4992 2816 160 ) 64_cyan_1 [ 0.7926239891046001 -0.6097107608496924 0 63.857178 ] [ 0 0 -1 0 ] 0 1 1
( 5248 2816 0 ) ( 5247 2816 0 ) ( 5248 2815 0 ) trim_band_teal [ 0.44721359549995804 0.8944271909999162 -4.440892098500626e-16 -499.98486 ] [ 0.8944271909999161 -0.44721359549995804 5.551115123125783e-17 -81.77881 ] 0 1.059713 1.0062304
( 4992 2560 64 ) ( 4992 2559 64 ) ( 4991 2560 64 ) trim_band_teal [ 0.44721359549995804 0.8944271909999162 -4.440892098500626e-16 -499.98486 ] [ 0.8944271909999161 -0.44721359549995804 5.551115123125783e-17 -81.77881 ] 0 1.059713 1.0062304
( 4992 2816 32 ) ( 5232 2720 32 ) ( 5232 2720 160 ) 64_cyan_1 [ -0.9284766908852594 0.3713906763541039 0 -14.61377 ] [ 0 0 -1 0 ] 0 1 1
( 5248 2752 32 ) ( 5216 2688 32 ) ( 5216 2688 160 ) trim_band_teal [ 0.44721359549995754 0.8944271909999161 0 -499.98486 ] [ 0 0 -1 -160 ] 0 1.059713 1
}
// brush 22
{
( 5152 2608 32 ) ( 4992 2816 32 ) ( 4992 2816 160 ) 64_cyan_3 [ 0.6097107608496924 -0.7926239891046001 0 9.108093 ] [ 0 0 -1 0 ] 0 1 1
( 5248 2816 0 ) ( 5247 2816 0 ) ( 5248 2815 0 ) trim_band_teal [ 0.7071067811865477 0.7071067811865478 -3.885780586188048e-16 -281.78906 ] [ 0.7071067811865477 -0.7071067811865477 1.1102230246251565e-16 54.260742 ] 0 1.059713 1.0164659
( 4992 2560 64 ) ( 4992 2559 64 ) ( 4991 2560 64 ) trim_band_teal [ 0.7071067811865477 0.7071067811865478 -3.885780586188048e-16 -281.78906 ] [ 0.7071067811865477 -0.7071067811865477 1.1102230246251565e-16 54.260742 ] 0 1.059713 1.0164659
( 5200 2656 32 ) ( 4992 2816 160 ) ( 4992 2816 32 ) 64_cyan_3 [ -0.7926239891046001 0.6097107608496924 0 -63.857178 ] [ 0 0 -1 0 ] 0 1 1
( 5200 2656 32 ) ( 5152 2608 32 ) ( 5152 2608 160 ) trim_band_teal [ 0.7071067811865472 0.7071067811865478 0 -281.78906 ] [ 0 0 -1 -160 ] 0 1.059713 1
}
// brush 23
{
( 5088 2576 32 ) ( 4992 2816 32 ) ( 4992 2816 160 ) 64_cyan_2 [ 0.37139067635410367 -0.9284766908852594 0 48.87683 ] [ 0 0 -1 0 ] 0 1 1
( 5248 2816 0 ) ( 5247 2816 0 ) ( 5248 2815 0 ) trim_band_teal [ 0.894427190999916 0.447213595499958 -2.498001805406602e-16 -40.87549 ] [ 0.44721359549995804 -0.8944271909999161 5.551115123125783e-17 -195.5556 ] 0 1.059713 1.0062307
( 4992 2560 64 ) ( 4992 2559 64 ) ( 4991 2560 64 ) trim_band_teal [ 0.894427190999916 0.447213595499958 -2.498001805406602e-16 -40.87549 ] [ 0.44721359549995804 -0.8944271909999161 5.551115123125783e-17 -195.5556 ] 0 1.059713 1.0062307
( 5056 2560 32 ) ( 5120 2592 160 ) ( 5120 2592 32 ) trim_band_teal [ 0.8944271909999157 0.44721359549995815 0 -40.875 ] [ 0 0 -1 -160 ] 0 1.059713 1
( 5152 2608 32 ) ( 4992 2816 160 ) ( 4992 2816 32 ) 64_cyan_2 [ -0.6097107608496924 0.7926239891046001 0 -9.108093 ] [ 0 0 -1 0 ] 0 1 1
}
}
