// entity 0
{
"classname" "func_detail"
"_phong" "1"
// brush 0
{
( 4752 2912 64 ) ( 4736 3072 64 ) ( 4736 3072 128 ) 64_cyan_2 [ 0.04975185951049943 -0.49751859510499463 0 46.4834 ] [ 0 0 -1 0 ] 15.521589 1 1
( 4752 2912 64 ) ( 4784 2976 64 ) ( 4736 3072 64 ) trim_band_teal [ -0.447213595499958 -0.8944271909999161 1.7486012637846216e-15 18.96582 ] [ 0.8944271909999161 -0.44721359549995804 5.551115123125783e-17 -100.03198 ] 0 1.059713 1
( 4736 3072 128 ) ( 4784 2976 128 ) ( 4752 2912 128 ) trim_band_teal [ -0.447213595499958 -0.8944271909999161 1.7486012637846216e-15 18.96582 ] [ 0.8944271909999161 -0.44721359549995804 5.551115123125783e-17 -100.03198 ] 0 1.059713 1
( 4752 2912 128 ) ( 4784 2976 128 ) ( 4784 2976 64 ) trim_band_teal [ -0.4472135954999564 -0.8944271909999166 0 18.966309 ] [ 0 0 -1 -96 ] 0 1.059713 1
( 4736 3072 128 ) ( 4736 3072 64 ) ( 4784 2976 64 ) 64_cyan_2 [ -0.22360679774997888 0.44721359549995804 0 44.948547 ] [ 0 0 -1 0 ] 68.70571 1 1
}
// brush 1
{
( 4736 3072 128 ) ( 4896 3056 64 ) ( 4736 3072 64 ) 64_cyan_2 [ 0.49751859510499435 -0.049751859510499465 0 -47.166016 ] [ 0 0 -1 0 ] 10.668662 1 1
( 4960 3072 64 ) ( 4736 3072 64 ) ( 4896 3056 64 ) trim_band_teal [ -0.9701425001453319 -0.24253562503633294 1.4155343563970746e-15 26.243652 ] [ 0.242535625036333 -0.970142500145332 -5.551115123125783e-17 17.301147 ] 0 1.059713 1
( 4736 3072 128 ) ( 4960 3072 128 ) ( 4896 3056 128 ) trim_band_teal [ -0.9701425001453319 -0.24253562503633294 1.4155343563970746e-15 26.243652 ] [ 0.242535625036333 -0.970142500145332 -5.551115123125783e-17 17.301147 ] 0 1.059713 1
( 4736 3072 128 ) ( 4960 3072 64 ) ( 4960 3072 128 ) trim_band_teal [ 0.9999999999999998 1.2351231148954867e-15 0 -170.11914 ] [ 0 0 -1 -96 ] 0 1.059713 1
( 4960 3072 128 ) ( 4896 3056 64 ) ( 4896 3056 128 ) trim_band_teal [ -0.9701425001453314 -0.2425356250363343 0 26.243652 ] [ 0 0 -1 -96 ] 0 1.059713 1
}
// brush 2
{
( 4736 3072 128 ) ( 4736 2848 128 ) ( 4736 2848 64 ) trim_band_teal [ -2.123301534595612e-15 1 0 -413.5205 ] [ 0 0 -1 -96 ] 0 1.059713 1
( 4736 2848 64 ) ( 4752 2912 64 ) ( 4736 3072 64 ) trim_band_teal [ -0.242535625036333 -0.970142500145332 1.9567680809018384e-15 333.20142 ] [ 0.970142500145332 -0.242535625036333 -5.898059818321144e-17 -31.853516 ] 0 1.059713 1
( 4736 3072 128 ) ( 4752 2912 128 ) ( 4736 2848 128 ) trim_band_teal [ -0.242535625036333 -0.970142500145332 1.9567680809018384e-15 333.20142 ] [ 0.970142500145332 -0.242535625036333 -5.898059818321144e-17 -31.853516 ] 0 1.059713 1
( 4736 2848 128 ) ( 4752 2912 128 ) ( 4752 2912 64 ) trim_band_teal [ -0.24253562503633108 -0.9701425001453323 0 333.20166 ] [ 0 0 -1 -96 ] 0 1.059713 1
( 4736 3072 128 ) ( 4736 3072 64 ) ( 4752 2912 64 ) 64_cyan_3 [ -0.04975185951049943 0.49751859510499463 0 -46.4834 ] [ 0 0 -1 0 ] 15.521589 1 1
}
// brush 3
{
( 4784 2976 64 ) ( 4736 3072 64 ) ( 4736 3072 128 ) 64_cyan_1 [ 0.22360679774997888 -0.44721359549995804 0 -44.948547 ] [ 0 0 -1 0 ] 68.70571 1 1
( 4784 2976 64 ) ( 4832 3024 64 ) ( 4736 3072 64 ) trim_band_teal [ -0.7071067811865477 -0.7071067811865476 1.7486012637846216e-15 154.18213 ] [ 0.7071067811865477 -0.7071067811865477 1.1102230246251565e-16 -478.44897 ] 0 1.059713 1
( 4736 3072 128 ) ( 4832 3024 128 ) ( 4784 2976 128 ) trim_band_teal [ -0.7071067811865477 -0.7071067811865476 1.7486012637846216e-15 154.18213 ] [ 0.7071067811865477 -0.7071067811865477 1.1102230246251565e-16 -478.4491 ] 0 1.059713 1
( 4736 3072 128 ) ( 4736 3072 64 ) ( 4832 3024 64 ) 64_cyan_1 [ -0.44721359549995776 0.22360679774997902 0 25.897217 ] [ 0 0 -1 0 ] 73.46177 1 1
( 4784 2976 128 ) ( 4832 3024 128 ) ( 4832 3024 64 ) trim_band_teal [ -0.7071067811865462 -0.7071067811865487 0 154.18213 ] [ 0 0 -1 -96 ] 0 1.059713 1
}
// brush 4
{
( 4736 3072 128 ) ( 4832 3024 64 ) ( 4736 3072 64 ) 64_cyan_3 [ 0.44721359549995776 -0.22360679774997902 0 -25.897217 ] [ 0 0 -1 0 ] 73.46177 1 1
( 4896 3056 64 ) ( 4736 3072 64 ) ( 4832 3024 64 ) trim_band_teal [ -0.8944271909999161 -0.44721359549995804 1.582067810090848e-15 266.6797 ] [ 0.44721359549995804 -0.8944271909999161 5.551115123125783e-17 -192.1883 ] 0 1.059713 1
( 4736 3072 128 ) ( 4896 3056 128 ) ( 4832 3024 128 ) trim_band_teal [ -0.8944271909999161 -0.44721359549995804 1.582067810090848e-15 266.68066 ] [ 0.44721359549995804 -0.8944271909999161 5.551115123125783e-17 319.8117 ] 0 1.059713 1
( 4896 3056 64 ) ( 4736 3072 128 ) ( 4736 3072 64 ) 64_cyan_3 [ -0.49751859510499435 0.049751859510499465 0 47.166016 ] [ 0 0 -1 0 ] 10.668662 1 1
( 4896 3056 128 ) ( 4832 3024 64 ) ( 4832 3024 128 ) trim_band_teal [ -0.8944271909999151 -0.4472135954999593 0 266.68066 ] [ 0 0 -1 -96 ] 0 1.059713 1
}
}
