// entity 0
{
"classname" "func_detail"
"_phong" "1"
// brush 0
{
( 4224 2688 128 ) ( 4224 2688.5 128 ) ( 4224 2688 129 ) trim_band_teal [ 5.551115123125783e-16 -1.0000000000000004 0 149.88672 ] [ 0 0 -1 -32 ] 0 0.809016 1
( 4240 2752 192 ) ( 4256 2752 320 ) ( 4256 2752 192 ) 64_cyan_3 [ 1 0 0 0 ] [ 0 0 -1 0 ] 0 1 1
( 4224 2688 128 ) ( 4224.5 2688 128 ) ( 4224 2688.5 128 ) trim_band_teal [ 0 -1.0000000000000007 -5.551115123125784e-16 149.88696 ] [ -1.0000000000000002 0 0 -96 ] 0 0.809016 1
( 4352 2816 192 ) ( 4352 2816.5 192 ) ( 4352.5 2816 192 ) trim_band_teal [ 0 -1.0000000000000007 -5.551115123125784e-16 149.88696 ] [ -1.0000000000000002 0 0 -96 ] 0 0.809016 1
( 4352 2736 160 ) ( 4224 2768 288 ) ( 4224 2768 160 ) trim_band_teal [ -0.9701425001453319 0.24253562503633297 0 62.55957 ] [ 0 0 -1 0 ] 0 1 1
}
// brush 1
{
( 4272 2816 160 ) ( 4304 2688 288 ) ( 4304 2688 160 ) trim_band_teal [ 0.24253562503633297 -0.9701425001453319 0 264.114 ] [ 0 0 -1 0 ] 0 1 1
( 4224 2688 128 ) ( 4224.5 2688 128 ) ( 4224 2688.5 128 ) trim_band_teal [ -1.0000000000000002 0 -3.33066907387547e-16 -127.510254 ] [ 0 1.0000000000000002 0 32 ] 0 0.809016 1
( 4352 2816 192 ) ( 4352 2816.5 192 ) ( 4352.5 2816 192 ) trim_band_teal [ -1.0000000000000002 0 -3.33066907387547e-16 -127.510254 ] [ 0 1.0000000000000002 0 32 ] 0 0.809016 1
( 4352 2816 192 ) ( 4352.5 2816 192 ) ( 4352 2816 193 ) trim_band_teal [ -1.0000000000000002 -3.3306690738754696e-16 0 -127.510254 ] [ 0 0 -1 -32 ] 0 0.809016 1
( 4288 2800 192 ) ( 4288 2768 192 ) ( 4288 2768 320 ) 64_cyan_3 [ 0 1.0000000000000002 0 0 ] [ 0 0 -1.0000000000000002 0 ] 0 1 1
}
// brush 2
{
( 4224 2768 160 ) ( 4240 2800 160 ) ( 4240 2800 288 ) trim_band_teal [ -0.4472135954999576 -0.8944271909999164 0 75.64844 ] [ 0 0 -1 -32 ] 0 0.809016 1
( 4352 2736 160 ) ( 4224 2768 160 ) ( 4224 2768 288 ) trim_band_teal [ 0.9701425001453319 -0.24253562503633297 0 -62.55957 ] [ 0 0 -1 0 ] 0 1 1
( 4224 2688 128 ) ( 4224.5 2688 128 ) ( 4224 2688.5 128 ) trim_band_teal [ -0.4472135954999582 -0.8944271909999165 -5.551115123125783e-16 75.64795 ] [ -0.8944271909999161 0.44721359549995804 5.551115123125783e-17 -259.562 ] 0 0.809016 1.0062332
( 4352 2816 192 ) ( 4352 2816.5 192 ) ( 4352.5 2816 192 ) trim_band_teal [ -0.4472135954999582 -0.8944271909999165 -5.551115123125783e-16 75.64795 ] [ -0.8944271909999161 0.44721359549995804 5.551115123125783e-17 -259.562 ] 0 0.809016 1.0062332
( 4240 2800 160 ) ( 4336 2704 160 ) ( 4336 2704 288 ) trim_band_teal [ -0.7071067811865476 0.7071067811865476 0 -330.9806 ] [ 0 0 -1 0 ] 0 1 1
}
// brush 3
{
( 4240 2800 160 ) ( 4336 2704 288 ) ( 4336 2704 160 ) trim_band_teal [ 0.7071067811865476 -0.7071067811865476 0 330.9806 ] [ 0 0 -1 0 ] 0 1 1
( 4240 2800 160 ) ( 4272 2816 160 ) ( 4272 2816 288 ) trim_band_teal [ -0.894427190999916 -0.4472135954999584 0 359.6621 ] [ 0 0 -1 -32 ] 0 0.809016 1
( 4224 2688 128 ) ( 4224.5 2688 128 ) ( 4224 2688.5 128 ) trim_band_teal [ -0.8944271909999164 -0.44721359549995815 -3.885780586188048e-16 359.6621 ] [ -0.44721359549995804 0.8944271909999161 5.551115123125783e-17 -316.44464 ] 0 0.809016 1.0062304
( 4352 2816 192 ) ( 4352 2816.5 192 ) ( 4352.5 2816 192 ) trim_band_teal [ -0.8944271909999164 -0.44721359549995815 -3.885780586188048e-16 359.6621 ] [ -0.44721359549995804 0.8944271909999161 5.551115123125783e-17 -316.44464 ] 0 0.809016 1.0062304
( 4272 2816 160 ) ( 4304 2688 160 ) ( 4304 2688 288 ) trim_band_teal [ -0.24253562503633297 0.9701425001453319 0 -264.114 ] [ 0 0 -1 0 ] 0 1 1
}
}
