// entity 0
{
"classname" "func_detail"
// brush 0
{
( 4352 2560 128 ) ( 4352 2561 128 ) ( 4352 2560 129 ) trim_band_teal [ 5.551115123125783e-16 -1.0000000000000004 0 218.58179 ] [ 0 0 -1 -32 ] 0 0.809016 1
( 4384 2688 192 ) ( 4416 2688 320 ) ( 4416 2688 192 ) 64_cyan_1 [ 1 0 0 0 ] [ 0 0 -1 0 ] 0 1 1
( 4352 2560 128 ) ( 4353 2560 128 ) ( 4352 2561 128 ) trim_band_teal [ 0 -1.0000000000000007 -5.551115123125784e-16 156.24829 ] [ -1.0000000000000002 0 0 31.999512 ] 0 1.078689 1
( 4608 2816 192 ) ( 4608 2817 192 ) ( 4609 2816 192 ) trim_band_teal [ 0 -1.0000000000000007 -5.551115123125784e-16 156.24829 ] [ -1.0000000000000002 0 0 31.999512 ] 0 1.078689 1
( 4608 2656 160 ) ( 4352 2720 288 ) ( 4352 2720 160 ) 64_cyan_3 [ -0.9701425001453319 0.24253562503633297 0 -27.280762 ] [ 0 0 -1 0 ] 0 1 1
}
// brush 1
{
( 4448 2816 160 ) ( 4512 2560 288 ) ( 4512 2560 160 ) 64_cyan_3 [ 0.24253562503633297 -0.9701425001453319 0 47.066162 ] [ 0 0 -1 0 ] 0 1 1
( 4352 2560 128 ) ( 4353 2560 128 ) ( 4352 2561 128 ) trim_band_teal [ -1.0000000000000002 0 -3.33066907387547e-16 89.523926 ] [ 0 1.0000000000000002 0 -480 ] 0 1.078689 1
( 4608 2816 192 ) ( 4608 2817 192 ) ( 4609 2816 192 ) trim_band_teal [ -1.0000000000000002 0 -3.33066907387547e-16 89.523926 ] [ 0 1.0000000000000002 0 -480 ] 0 1.078689 1
( 4608 2816 192 ) ( 4609 2816 192 ) ( 4608 2816 193 ) trim_band_teal [ -1.0000000000000002 -3.3306690738754696e-16 0 129.61719 ] [ 0 0 -1 -32 ] 0 0.809016 1
( 4480 2752 192 ) ( 4480 2688 192 ) ( 4480 2688 320 ) 64_cyan_2 [ 0 1 0 -32 ] [ 0 0 -1 0 ] 0 1 1
}
// brush 2
{
( 4352 2720 160 ) ( 4384 2784 160 ) ( 4384 2784 288 ) trim_band_teal [ -0.4472135954999576 -0.8944271909999164 0 221.36426 ] [ 0 0 -1 -32 ] 0 0.809016 1
( 4608 2656 160 ) ( 4352 2720 160 ) ( 4352 2720 288 ) 64_cyan_2 [ 0.9701425001453319 -0.24253562503633297 0 27.280762 ] [ 0 0 -1 0 ] 0 1 1
( 4352 2560 128 ) ( 4353 2560 128 ) ( 4352 2561 128 ) trim_band_teal [ -0.4472135954999582 -0.8944271909999165 -5.551115123125783e-16 158.3335 ] [ -0.8944271909999161 0.44721359549995804 5.551115123125783e-17 -124.4436 ] 0 1.078689 1.0062304
( 4608 2816 192 ) ( 4608 2817 192 ) ( 4609 2816 192 ) trim_band_teal [ -0.4472135954999582 -0.8944271909999165 -5.551115123125783e-16 158.3335 ] [ -0.8944271909999161 0.44721359549995804 5.551115123125783e-17 -124.4436 ] 0 1.078689 1.0062304
( 4384 2784 160 ) ( 4576 2592 160 ) ( 4576 2592 288 ) 64_cyan_2 [ -0.7071067811865476 0.7071067811865476 0 -30.049194 ] [ 0 0 -1 0 ] 0 1 1
}
// brush 3
{
( 4384 2784 160 ) ( 4576 2592 288 ) ( 4576 2592 160 ) 64_cyan_1 [ 0.7071067811865476 -0.7071067811865476 0 30.049194 ] [ 0 0 -1 0 ] 0 1 1
( 4384 2784 160 ) ( 4448 2816 160 ) ( 4448 2816 288 ) trim_band_teal [ -0.894427190999916 -0.4472135954999584 0 81.82324 ] [ 0 0 -1 -32 ] 0 0.809016 1
( 4352 2560 128 ) ( 4353 2560 128 ) ( 4352 2561 128 ) trim_band_teal [ -0.8944271909999164 -0.44721359549995815 -3.885780586188048e-16 309.67725 ] [ -0.44721359549995804 0.8944271909999161 5.551115123125783e-17 -238.22241 ] 0 1.078689 1.0062304
( 4608 2816 192 ) ( 4608 2817 192 ) ( 4609 2816 192 ) trim_band_teal [ -0.8944271909999164 -0.44721359549995815 -3.885780586188048e-16 309.67725 ] [ -0.44721359549995804 0.8944271909999161 5.551115123125783e-17 -238.22241 ] 0 1.078689 1.0062304
( 4448 2816 160 ) ( 4512 2560 160 ) ( 4512 2560 288 ) 64_cyan_1 [ -0.24253562503633297 0.9701425001453319 0 -47.066162 ] [ 0 0 -1 0 ] 0 1 1
}
}
