// entity 0
{
"classname" "func_detail"
"_phong" "1"
// brush 0
{
( 4352 2656 96 ) ( 4608 2720 96 ) ( 4608 2720 224 ) 64_cyan_3 [ -0.9701425001453319 -0.24253562503633297 0 -10.08252 ] [ 0 0 -1 0 ] 0 1 1
( 4544 2688 128 ) ( 4576 2688 256 ) ( 4576 2688 128 ) 64_cyan_3 [ 1 0 -0 0 ] [ 0 -0 -1 0 ] 0 1 1
( 4352 2560 64 ) ( 4353 2560 64 ) ( 4352 2561 64 ) trim_band_teal [ 0 1.0000000000000002 -1.665334536937735e-16 -282.52954 ] [ 1.0000000000000002 0 0 -224 ] 0 0.809016 1
( 4608 2816 128 ) ( 4608 2817 128 ) ( 4609 2816 128 ) trim_band_teal [ 0 1.0000000000000002 -1.665334536937735e-16 -282.52954 ] [ 1.0000000000000002 0 0 -224 ] 0 0.809016 1
( 4608 2816 128 ) ( 4608 2816 129 ) ( 4608 2817 128 ) trim_band_teal [ -1.6653345369377348e-16 1.0000000000000002 0 -282.52954 ] [ 0 0 -1 -96 ] 0 0.809016 1
}
// brush 1
{
( 4448 2560 96 ) ( 4512 2816 96 ) ( 4512 2816 224 ) 64_cyan_2 [ -0.24253562503633297 -0.9701425001453319 0 21.725342 ] [ 0 0 -1 0 ] 0 1 1
( 4352 2560 64 ) ( 4353 2560 64 ) ( 4352 2561 64 ) trim_band_teal [ -0.8944271909999163 0.44721359549995815 -3.3306690738754696e-16 -479.82642 ] [ 0.44721359549995804 0.8944271909999161 5.551115123125783e-17 -124.44141 ] 0 0.809016 1.0062313
( 4608 2816 128 ) ( 4608 2817 128 ) ( 4609 2816 128 ) trim_band_teal [ -0.8944271909999163 0.44721359549995815 -3.3306690738754696e-16 -479.82642 ] [ 0.44721359549995804 0.8944271909999161 5.551115123125783e-17 -124.44141 ] 0 0.809016 1.0062313
( 4512 2816 96 ) ( 4576 2784 96 ) ( 4576 2784 224 ) trim_band_teal [ -0.8944271909999163 0.44721359549995776 0 -479.82642 ] [ 0 0 -1 -96 ] 0 0.809016 1
( 4384 2592 96 ) ( 4576 2784 224 ) ( 4576 2784 96 ) 64_cyan_2 [ 0.7071067811865476 0.7071067811865476 0 -4.7773438 ] [ 0 0 -1 0 ] 0 1 1
}
// brush 2
{
( 4352 2560 64 ) ( 4352 2561 64 ) ( 4352 2560 65 ) trim_band_teal [ 5.551115123125783e-16 -1.0000000000000004 0 218.58179 ] [ 0 0 -1 -96 ] 0 0.809016 1
( 4544 2688 128 ) ( 4576 2688 256 ) ( 4576 2688 128 ) 64_cyan_3 [ 1 0 -0 0 ] [ 0 -0 -1 0 ] 0 1 1
( 4352 2560 64 ) ( 4353 2560 64 ) ( 4352 2561 64 ) trim_band_teal [ 0 -1.0000000000000007 -5.551115123125784e-16 218.58179 ] [ -1.0000000000000002 0 0 32 ] 0 0.809016 1
( 4608 2816 128 ) ( 4608 2817 128 ) ( 4609 2816 128 ) trim_band_teal [ 0 -1.0000000000000007 -5.551115123125784e-16 218.58179 ] [ -1.0000000000000002 0 0 32 ] 0 0.809016 1
( 4608 2656 96 ) ( 4352 2720 224 ) ( 4352 2720 96 ) 64_cyan_3 [ -0.9701425001453319 0.24253562503633297 0 -27.280762 ] [ 0 0 -1 0 ] 0 1 1
}
// brush 3
{
( 4448 2816 96 ) ( 4512 2560 224 ) ( 4512 2560 96 ) 64_cyan_3 [ 0.24253562503633297 -0.9701425001453319 0 47.066162 ] [ 0 0 -1 0 ] 0 1 1
( 4352 2560 64 ) ( 4353 2560 64 ) ( 4352 2561 64 ) trim_band_teal [ -1.0000000000000002 0 -3.33066907387547e-16 129.6167 ] [ 0 1.0000000000000002 0 -480 ] 0 0.809016 1
( 4608 2816 128 ) ( 4608 2817 128 ) ( 4609 2816 128 ) trim_band_teal [ -1.0000000000000002 0 -3.33066907387547e-16 129.6167 ] [ 0 1.0000000000000002 0 -480 ] 0 0.809016 1
( 4608 2816 128 ) ( 4609 2816 128 ) ( 4608 2816 129 ) trim_band_teal [ -1.0000000000000002 -3.3306690738754696e-16 0 129.6167 ] [ 0 0 -1 -96 ] 0 0.809016 1
( 4448 2560 96 ) ( 4512 2816 224 ) ( 4512 2816 96 ) 64_cyan_3 [ 0.24253562503633297 0.9701425001453319 0 -21.725342 ] [ 0 0 -1 0 ] 0 1 1
}
// brush 4
{
( 4352 2720 96 ) ( 4384 2784 96 ) ( 4384 2784 224 ) trim_band_teal [ -0.4472135954999576 -0.8944271909999164 0 221.36426 ] [ 0 0 -1 -96 ] 0 0.809016 1
( 4608 2656 96 ) ( 4352 2720 96 ) ( 4352 2720 224 ) 64_cyan_2 [ 0.9701425001453319 -0.24253562503633297 0 27.280762 ] [ 0 0 -1 0 ] 0 1 1
( 4352 2560 64 ) ( 4353 2560 64 ) ( 4352 2561 64 ) trim_band_teal [ -0.4472135954999582 -0.8944271909999165 -5.551115123125783e-16 221.36426 ] [ -0.8944271909999161 0.44721359549995804 5.551115123125783e-17 -124.44141 ] 0 0.809016 1.0062294
( 4608 2816 128 ) ( 4608 2817 128 ) ( 4609 2816 128 ) trim_band_teal [ -0.4472135954999582 -0.8944271909999165 -5.551115123125783e-16 221.36426 ] [ -0.8944271909999161 0.44721359549995804 5.551115123125783e-17 -124.44141 ] 0 0.809016 1.0062294
( 4384 2784 96 ) ( 4576 2592 96 ) ( 4576 2592 224 ) 64_cyan_2 [ -0.7071067811865476 0.7071067811865476 0 -30.049194 ] [ 0 0 -1 0 ] 0 1 1
}
// brush 5
{
( 4384 2592 96 ) ( 4576 2784 96 ) ( 4576 2784 224 ) 64_cyan_1 [ -0.7071067811865476 -0.7071067811865476 0 4.7773438 ] [ 0 0 -1 0 ] 0 1 1
( 4352 2560 64 ) ( 4353 2560 64 ) ( 4352 2561 64 ) trim_band_teal [ -0.4472135954999582 0.8944271909999164 -1.6653345369377348e-16 -452.33936 ] [ 0.8944271909999161 0.44721359549995804 5.551115123125783e-17 -408.89502 ] 0 0.809016 1.0062294
( 4608 2816 128 ) ( 4608 2817 128 ) ( 4609 2816 128 ) trim_band_teal [ -0.4472135954999582 0.8944271909999164 -1.6653345369377348e-16 -452.33936 ] [ 0.8944271909999161 0.44721359549995804 5.551115123125783e-17 -408.89502 ] 0 0.809016 1.0062294
( 4352 2656 96 ) ( 4608 2720 224 ) ( 4608 2720 96 ) 64_cyan_1 [ 0.9701425001453319 0.24253562503633297 0 10.08252 ] [ 0 0 -1 0 ] 0 1 1
( 4576 2784 96 ) ( 4608 2720 96 ) ( 4608 2720 224 ) trim_band_teal [ -0.44721359549995826 0.8944271909999161 0 -452.33936 ] [ 0 0 -1 -96 ] 0 0.809016 1
}
// brush 6
{
( 4384 2784 96 ) ( 4576 2592 224 ) ( 4576 2592 96 ) 64_cyan_1 [ 0.7071067811865476 -0.7071067811865476 0 30.049194 ] [ 0 0 -1 0 ] 0 1 1
( 4384 2784 96 ) ( 4448 2816 96 ) ( 4448 2816 224 ) trim_band_teal [ -0.894427190999916 -0.4472135954999584 0 81.82324 ] [ 0 0 -1 -96 ] 0 0.809016 1
( 4352 2560 64 ) ( 4353 2560 64 ) ( 4352 2561 64 ) trim_band_teal [ -0.8944271909999164 -0.44721359549995815 -3.885780586188048e-16 81.82324 ] [ -0.44721359549995804 0.8944271909999161 5.551115123125783e-17 -238.22223 ] 0 0.809016 1.0062306
( 4608 2816 128 ) ( 4608 2817 128 ) ( 4609 2816 128 ) trim_band_teal [ -0.8944271909999164 -0.44721359549995815 -3.885780586188048e-16 81.82324 ] [ -0.44721359549995804 0.8944271909999161 5.551115123125783e-17 -238.22223 ] 0 0.809016 1.0062306
( 4448 2816 96 ) ( 4512 2560 96 ) ( 4512 2560 224 ) 64_cyan_1 [ -0.24253562503633297 0.9701425001453319 0 -47.066162 ] [ 0 0 -1 0 ] 0 1 1
}
}
