// entity 0
{
"classname" "func_detail"
"_phong" "1"
// brush 0
{
( 4160 2720 128 ) ( 4160 2720.5 128 ) ( 4160 2720 129 ) trim_band_teal [ 5.551115123125783e-16 -1.0000000000000004 0 -231.92993 ] [ 0 0 -1 -32 ] 0 0.995713 1
( 4168 2784 192 ) ( 4176 2784 320 ) ( 4176 2784 192 ) 64_cyan_3 [ 1 0 0 0 ] [ 0 0 -1 0 ] 0 1 1
( 4128 2720 128 ) ( 4128.5 2720 128 ) ( 4128 2720.5 128 ) trim_band_teal [ 0 -1.0000000000000007 -5.551115123125784e-16 -231.92993 ] [ -1.0000000000000002 0 0 191.99976 ] 0 0.995713 1
( 4256 2848 192 ) ( 4256 2848.5 192 ) ( 4256.5 2848 192 ) trim_band_teal [ 0 -1.0000000000000007 -5.551115123125784e-16 -231.92993 ] [ -1.0000000000000002 0 0 191.99976 ] 0 0.995713 1
( 4256 2768 160 ) ( 4128 2800 288 ) ( 4128 2800 160 ) trim_band_teal [ -0.9701425001453319 0.24253562503633297 0 -38.335205 ] [ 0 0 -1 0 ] 0 1 1
}
// brush 1
{
( 4176 2848 160 ) ( 4208 2720 288 ) ( 4208 2720 160 ) trim_band_teal [ 0.24253562503633297 -0.9701425001453319 0 -193.55798 ] [ 0 0 -1 0 ] 0 1 1
( 4128 2720 128 ) ( 4128.5 2720 128 ) ( 4128 2720.5 128 ) trim_band_teal [ -1.0000000000000002 0 -3.33066907387547e-16 106.131836 ] [ 0 1.0000000000000002 0 -128 ] 0 0.995713 1
( 4256 2848 192 ) ( 4256 2848.5 192 ) ( 4256.5 2848 192 ) trim_band_teal [ -1.0000000000000002 0 -3.33066907387547e-16 106.131836 ] [ 0 1.0000000000000002 0 -128 ] 0 0.995713 1
( 4256 2816 192 ) ( 4256.5 2816 192 ) ( 4256 2816 193 ) trim_band_teal [ -1.0000000000000002 -3.3306690738754696e-16 0 106.131836 ] [ 0 0 -1 -32 ] 0 0.995713 1
( 4192 2808 192 ) ( 4192 2800 192 ) ( 4192 2800 320 ) 64_cyan_3 [ 0 1.0000000000000002 0 0 ] [ 0 0 -1.0000000000000002 0 ] 0 1 1
}
// brush 2
{
( 4156.8 2785.6 160 ) ( 4172.8 2817.6 160 ) ( 4172.8 2817.6 288 ) trim_band_teal [ -0.4472135954999576 -0.8944271909999164 0 -195.53955 ] [ 0 0 -1 -32 ] 0 0.995713 1
( 4256 2768 160 ) ( 4128 2800 160 ) ( 4128 2800 288 ) trim_band_teal [ 0.9701425001453319 -0.24253562503633297 0 38.335205 ] [ 0 0 -1 0 ] 0 1 1
( 4128 2720 128 ) ( 4128.5 2720 128 ) ( 4128 2720.5 128 ) trim_band_teal [ -0.4472135954999582 -0.8944271909999165 -5.551115123125783e-16 -195.53955 ] [ -0.8944271909999161 0.44721359549995804 5.551115123125783e-17 24.882568 ] 0 0.995713 1.0062332
( 4256 2848 192 ) ( 4256 2848.5 192 ) ( 4256.5 2848 192 ) trim_band_teal [ -0.4472135954999582 -0.8944271909999165 -5.551115123125783e-16 -195.53955 ] [ -0.8944271909999161 0.44721359549995804 5.551115123125783e-17 24.882568 ] 0 0.995713 1.0062332
( 4144 2832 160 ) ( 4240 2736 160 ) ( 4240 2736 288 ) trim_band_teal [ -0.7071067811865476 0.7071067811865476 0 90.509705 ] [ 0 0 -1 0 ] 0 1 1
}
// brush 3
{
( 4144 2832 160 ) ( 4240 2736 288 ) ( 4240 2736 160 ) trim_band_teal [ 0.7071067811865476 -0.7071067811865476 0 -90.509705 ] [ 0 0 -1 0 ] 0 1 1
( 4158.4 2803.2 160 ) ( 4190.4 2819.2 160 ) ( 4190.4 2819.2 288 ) trim_band_teal [ -0.894427190999916 -0.4472135954999584 0 415.28906 ] [ 0 0 -1 -32 ] 0 0.995713 1
( 4128 2720 128 ) ( 4128.5 2720 128 ) ( 4128 2720.5 128 ) trim_band_teal [ -0.8944271909999164 -0.44721359549995815 -3.885780586188048e-16 415.28906 ] [ -0.44721359549995804 0.8944271909999161 5.551115123125783e-17 -3.5562744 ] 0 0.995713 1.0062294
( 4256 2848 192 ) ( 4256 2848.5 192 ) ( 4256.5 2848 192 ) trim_band_teal [ -0.8944271909999164 -0.44721359549995815 -3.885780586188048e-16 415.28906 ] [ -0.44721359549995804 0.8944271909999161 5.551115123125783e-17 -3.5562744 ] 0 0.995713 1.0062294
( 4176 2848 160 ) ( 4208 2720 160 ) ( 4208 2720 288 ) trim_band_teal [ -0.24253562503633297 0.9701425001453319 0 193.55798 ] [ 0 0 -1 0 ] 0 1 1
}
}
