// entity 0
{
"classname" "func_detail"
"_phong" "1"
// brush 0
{
( 4160 2808 224 ) ( 4160 2776 352 ) ( 4160 2776 224 ) 64_cyan_3 [ 0 -1.0000000000000002 0 32 ] [ 0 0 -1.0000000000000002 0 ] 0 1 1
( 4136 2744 192 ) ( 4168 2808 192 ) ( 4104 2872 192 ) trim_band_teal [ -0.4472135954999582 -0.8944271909999165 -5.551115123125783e-16 -195.53906 ] [ -0.8944271909999161 0.44721359549995804 5.551115123125783e-17 24.882568 ] 0 0.995713 1.0062332
( 4104 2872 256 ) ( 4168 2808 256 ) ( 4136 2744 256 ) trim_band_teal [ -0.4472135954999582 -0.8944271909999165 -5.551115123125783e-16 -195.53906 ] [ -0.8944271909999161 0.44721359549995804 5.551115123125783e-17 24.882568 ] 0 0.995713 1.0062332
( 4168 2808 192 ) ( 4168 2808 256 ) ( 4104 2872 256 ) 64_cyan_1 [ -0.7071067811865476 0.7071067811865476 0 -42.371765 ] [ 0 0 -1 0 ] 0 1 1
( 4136 2744 256 ) ( 4168 2808 256 ) ( 4168 2808 192 ) trim_band_teal [ -0.4472135954999576 -0.8944271909999164 0 -195.53955 ] [ 0 0 -1 32 ] 0 0.995713 1
}
// brush 1
{
( 4168 2808 192 ) ( 4104 2872 192 ) ( 4104 2872 256 ) 64_cyan_3 [ 0.7071067811865476 -0.7071067811865476 0 42.371765 ] [ 0 0 -1 0 ] 0 1 1
( 4168 2808 192 ) ( 4232 2840 192 ) ( 4224 2872 192 ) trim_band_teal [ -0.8944271909999164 -0.44721359549995815 -3.885780586188048e-16 415.28906 ] [ -0.44721359549995804 0.8944271909999161 5.551115123125783e-17 -3.5562744 ] 0 0.995713 1.0062294
( 4224 2872 256 ) ( 4232 2840 256 ) ( 4168 2808 256 ) trim_band_teal [ -0.8944271909999164 -0.44721359549995815 -3.885780586188048e-16 415.28906 ] [ -0.44721359549995804 0.8944271909999161 5.551115123125783e-17 -3.5562744 ] 0 0.995713 1.0062294
( 4168 2816 224 ) ( 4200 2816 224 ) ( 4200 2816 352 ) 64_cyan_3 [ -1.0000000000000002 0 0 -32 ] [ 0 0 -1.0000000000000002 0 ] 0 1 1
( 4168 2808 256 ) ( 4232 2840 256 ) ( 4232 2840 192 ) trim_band_teal [ -0.894427190999916 -0.4472135954999584 0 415.28906 ] [ 0 0 -1 32 ] 0 0.995713 1
}
}
