// entity 0
{
"classname" "func_detail"
"_phong" "1"
// brush 0
{
( 4736 2784 128 ) ( 4736 2848 64 ) ( 4736 2848 128 ) trim_band_teal [ 2.0122792321330962e-15 -1 0 353.51978 ] [ 0 0 -1 -96 ] 0 1.059713 1
( 5056 2816 192 ) ( 5120 2816 320 ) ( 5120 2816 192 ) 64_cyan_3 [ 1 0 -0 0 ] [ 0 -0 -1 0 ] 0 1 1
( 4992 2816 64 ) ( 4736 2848 64 ) ( 4736 2784 64 ) trim_band_teal [ 0 -1.0000000000000002 -2.0122792321330966e-15 353.51978 ] [ -1.0000000000000002 0 0 -95.99951 ] 0 1.059713 1
( 4992 2816 128 ) ( 4736 2784 128 ) ( 4736 2848 128 ) trim_band_teal [ 0 -1.0000000000000002 -2.0122792321330966e-15 353.51978 ] [ -1.0000000000000002 0 0 -95.99951 ] 0 1.059713 1
( 4992 2816 128 ) ( 4736 2848 64 ) ( 4992 2816 64 ) 64_cyan_3 [ -0.9922778767136677 0.12403473458920869 0 -59.800293 ] [ 0 0 -1 0 ] 0 1 1
}
// brush 1
{
( 4752 2912 96 ) ( 4736 2848 224 ) ( 4736 2848 96 ) trim_band_teal [ -0.24253562503633108 -0.9701425001453323 0 333.20166 ] [ 0 0 -1 -96 ] 0 1.059713 1
( 4736 2848 96 ) ( 4992 2816 224 ) ( 4992 2816 96 ) 64_cyan_2 [ 0.9922778767136677 -0.12403473458920869 0 59.800293 ] [ 0 0 -1 0 ] 0 1 1
( 4736 2816 64 ) ( 4737 2816 64 ) ( 4736 2817 64 ) trim_band_teal [ -0.242535625036333 -0.970142500145332 -1.9567680809018384e-15 333.20166 ] [ -0.970142500145332 0.242535625036333 -5.898059818321144e-17 94.05957 ] 0 1.059713 1.0004597
( 4992 3072 128 ) ( 4992 3073 128 ) ( 4993 3072 128 ) trim_band_teal [ -0.242535625036333 -0.970142500145332 -1.9567680809018384e-15 333.20166 ] [ -0.970142500145332 0.242535625036333 -5.898059818321144e-17 94.05957 ] 0 1.059713 1.0004597
( 4992 2816 96 ) ( 4752 2912 224 ) ( 4752 2912 96 ) 64_cyan_2 [ -0.9284766908852594 0.371390676354104 0 -39.14673 ] [ 0 0 -1 0 ] 0 1 1
}
// brush 2
{
( 4736 2880 96 ) ( 4768 2944 96 ) ( 4768 2944 224 ) trim_band_teal [ -0.4472135954999564 -0.8944271909999166 0 18.966309 ] [ 0 0 -1 -96 ] 0 1.059713 1
( 4992 2816 96 ) ( 4752 2912 96 ) ( 4752 2912 224 ) 64_cyan_1 [ 0.9284766908852594 -0.371390676354104 0 39.14673 ] [ 0 0 -1 0 ] 0 1 1
( 4736 2816 64 ) ( 4737 2816 64 ) ( 4736 2817 64 ) trim_band_teal [ -0.447213595499958 -0.8944271909999161 -1.7486012637846216e-15 18.96582 ] [ -0.8944271909999161 0.44721359549995804 5.551115123125783e-17 145.77686 ] 0 1.059713 1.0062308
( 4992 3072 128 ) ( 4992 3073 128 ) ( 4993 3072 128 ) trim_band_teal [ -0.447213595499958 -0.8944271909999161 -1.7486012637846216e-15 18.96582 ] [ -0.8944271909999161 0.44721359549995804 5.551115123125783e-17 145.77686 ] 0 1.059713 1.0062308
( 4784 2976 96 ) ( 4992 2816 96 ) ( 4992 2816 224 ) 64_cyan_1 [ -0.7926239891046001 0.6097107608496924 0 -0.47583008 ] [ 0 0 -1 0 ] 0 1 1
}
// brush 3
{
( 4784 2976 96 ) ( 4832 3024 96 ) ( 4832 3024 224 ) trim_band_teal [ -0.7071067811865462 -0.7071067811865487 0 154.18213 ] [ 0 0 -1 -96 ] 0 1.059713 1
( 4784 2976 96 ) ( 4992 2816 224 ) ( 4992 2816 96 ) 64_cyan_3 [ 0.7926239891046001 -0.6097107608496924 0 0.47583008 ] [ 0 0 -1 0 ] 0 1 1
( 4736 2816 64 ) ( 4737 2816 64 ) ( 4736 2817 64 ) trim_band_teal [ -0.7071067811865477 -0.7071067811865476 -1.7486012637846216e-15 154.18213 ] [ -0.7071067811865477 0.7071067811865477 1.1102230246251565e-16 9.73938 ] 0 1.059713 1.0164659
( 4992 3072 128 ) ( 4992 3073 128 ) ( 4993 3072 128 ) trim_band_teal [ -0.7071067811865477 -0.7071067811865476 -1.7486012637846216e-15 154.18213 ] [ -0.7071067811865477 0.7071067811865477 1.1102230246251565e-16 9.73938 ] 0 1.059713 1.0164659
( 4832 3024 96 ) ( 4992 2816 96 ) ( 4992 2816 224 ) 64_cyan_3 [ -0.6097107608496924 0.7926239891046001 0 -31.597961 ] [ 0 0 -1 0 ] 0 1 1
}
// brush 4
{
( 4832 3024 96 ) ( 4992 2816 224 ) ( 4992 2816 96 ) 64_cyan_2 [ 0.6097107608496924 -0.7926239891046001 0 31.597961 ] [ 0 0 -1 0 ] 0 1 1
( 4928 3072 96 ) ( 4864 3040 224 ) ( 4864 3040 96 ) trim_band_teal [ -0.8944271909999151 -0.4472135954999593 0 266.68066 ] [ 0 0 -1 -96 ] 0 1.059713 1
( 4736 2816 64 ) ( 4737 2816 64 ) ( 4736 2817 64 ) trim_band_teal [ -0.8944271909999161 -0.44721359549995804 -1.582067810090848e-15 266.68018 ] [ -0.44721359549995804 0.8944271909999161 5.551115123125783e-17 259.55576 ] 0 1.059713 1.0062308
( 4992 3072 128 ) ( 4992 3073 128 ) ( 4993 3072 128 ) trim_band_teal [ -0.8944271909999161 -0.44721359549995804 -1.582067810090848e-15 266.68018 ] [ -0.44721359549995804 0.8944271909999161 5.551115123125783e-17 259.55576 ] 0 1.059713 1.0062308
( 4896 3056 96 ) ( 4992 2816 96 ) ( 4992 2816 224 ) 64_cyan_2 [ -0.37139067635410355 0.9284766908852594 0 -0.33935547 ] [ 0 0 -1 0 ] 0 1 1
}
// brush 5
{
( 4896 3056 96 ) ( 4992 2816 224 ) ( 4992 2816 96 ) 64_cyan_1 [ 0.37139067635410355 -0.9284766908852594 0 0.33935547 ] [ 0 0 -1 0 ] 0 1 1
( 4960 3072 96 ) ( 4896 3056 224 ) ( 4896 3056 96 ) trim_band_teal [ -0.9701425001453314 -0.2425356250363343 0 26.243652 ] [ 0 0 -1 -96 ] 0 1.059713 1
( 4736 2816 64 ) ( 4737 2816 64 ) ( 4736 2817 64 ) trim_band_teal [ -0.9701425001453319 -0.24253562503633294 -1.4155343563970746e-15 26.243652 ] [ -0.242535625036333 0.970142500145332 -5.551115123125783e-17 -465.30103 ] 0 1.059713 1
( 4992 3072 128 ) ( 4992 3073 128 ) ( 4993 3072 128 ) trim_band_teal [ -0.9701425001453319 -0.24253562503633294 -1.4155343563970746e-15 26.243652 ] [ -0.242535625036333 0.970142500145332 -5.551115123125783e-17 -465.30103 ] 0 1.059713 1
( 4960 3072 96 ) ( 4992 2816 96 ) ( 4992 2816 224 ) 64_cyan_1 [ -0.12403473458920825 0.9922778767136677 0 -11.367676 ] [ 0 0 -1 0 ] 0 1 1
}
// brush 6
{
( 4960 3072 64 ) ( 4992 2816 128 ) ( 4992 2816 64 ) 64_cyan_3 [ 0.12403473458920825 -0.9922778767136677 0 11.367676 ] [ 0 0 -1 0 ] 0 1 1
( 5024 3072 64 ) ( 4960 3072 64 ) ( 4992 2816 64 ) trim_band_teal [ -1 0 -1.3183898417423736e-15 -25.09375 ] [ 0 1.0000000000000002 0 -224 ] 0 1.059713 1
( 5024 3072 128 ) ( 4992 2816 128 ) ( 4960 3072 128 ) trim_band_teal [ -1 0 -1.3183898417423736e-15 -25.09375 ] [ 0 1.0000000000000002 0 -224 ] 0 1.059713 1
( 5024 3072 128 ) ( 4960 3072 64 ) ( 5024 3072 64 ) trim_band_teal [ -0.9999999999999998 -1.3183898417423734e-15 0 -25.09375 ] [ 0 0 -1 -96 ] 0 1.059713 1
( 5024 3072 128 ) ( 4992 2816 64 ) ( 4992 2816 128 ) 64_cyan_3 [ 0.12403473458920863 0.9922778767136677 0 -13.405518 ] [ 0 0 -1 0 ] 0 1 1
}
// brush 7
{
( 5024 3072 96 ) ( 4992 2816 224 ) ( 4992 2816 96 ) 64_cyan_2 [ -0.12403473458920863 -0.9922778767136677 0 13.405518 ] [ 0 0 -1 0 ] 0 1 1
( 4992 3072 64 ) ( 4992 3071 64 ) ( 4993 3072 64 ) trim_band_teal [ -0.970142500145332 0.242535625036333 -1.2906342661267445e-15 154.26855 ] [ 0.242535625036333 0.970142500145332 -5.551115123125783e-17 -324.82593 ] 0 1.059713 1.0004652
( 5248 2816 128 ) ( 5249 2816 128 ) ( 5248 2815 128 ) trim_band_teal [ -0.970142500145332 0.242535625036333 -1.2906342661267445e-15 154.26855 ] [ 0.242535625036333 0.970142500145332 -5.551115123125783e-17 -324.82593 ] 0 1.059713 1.0004652
( 5088 3056 96 ) ( 5024 3072 224 ) ( 5024 3072 96 ) trim_band_teal [ -0.970142500145332 0.2425356250363317 0 154.26855 ] [ 0 0 -1 -96 ] 0 1.059713 1
( 4992 2816 96 ) ( 5088 3056 224 ) ( 5088 3056 96 ) 64_cyan_2 [ 0.37139067635410394 0.9284766908852594 0 -32.838867 ] [ 0 0 -1 0 ] 0 1 1
}
// brush 8
{
( 4992 2816 96 ) ( 5088 3056 96 ) ( 5088 3056 224 ) 64_cyan_1 [ -0.37139067635410394 -0.9284766908852594 0 32.838867 ] [ 0 0 -1 0 ] 0 1 1
( 4992 3072 64 ) ( 4992 3071 64 ) ( 4993 3072 64 ) trim_band_teal [ -0.894427190999916 0.44721359549995804 -1.0824674490095276e-15 224.48633 ] [ 0.44721359549995804 0.8944271909999161 5.551115123125783e-17 -81.77881 ] 0 1.059713 1.0062304
( 5248 2816 128 ) ( 5249 2816 128 ) ( 5248 2815 128 ) trim_band_teal [ -0.894427190999916 0.44721359549995804 -1.0824674490095276e-15 224.48633 ] [ 0.44721359549995804 0.8944271909999161 5.551115123125783e-17 -81.77881 ] 0 1.059713 1.0062304
( 5056 3072 96 ) ( 5120 3040 96 ) ( 5120 3040 224 ) trim_band_teal [ -0.8944271909999162 0.4472135954999569 0 224.48633 ] [ 0 0 -1 -96 ] 0 1.059713 1
( 5152 3024 96 ) ( 4992 2816 96 ) ( 4992 2816 224 ) 64_cyan_1 [ 0.6097107608496924 0.7926239891046001 0 -28.014648 ] [ 0 0 -1 0 ] 0 1 1
}
// brush 9
{
( 5152 3024 96 ) ( 4992 2816 224 ) ( 4992 2816 96 ) 64_cyan_3 [ -0.6097107608496924 -0.7926239891046001 0 28.014648 ] [ 0 0 -1 0 ] 0 1 1
( 4992 3072 64 ) ( 4992 3071 64 ) ( 4993 3072 64 ) trim_band_teal [ -0.7071067811865475 0.7071067811865476 -1.0824674490095276e-15 108.160034 ] [ 0.7071067811865477 0.7071067811865477 1.1102230246251565e-16 -279.65088 ] 0 1.059713 1.0164661
( 5248 2816 128 ) ( 5249 2816 128 ) ( 5248 2815 128 ) trim_band_teal [ -0.7071067811865475 0.7071067811865476 -1.0824674490095276e-15 108.160034 ] [ 0.7071067811865477 0.7071067811865477 1.1102230246251565e-16 -279.65088 ] 0 1.059713 1.0164661
( 5200 2976 96 ) ( 4992 2816 96 ) ( 4992 2816 224 ) 64_cyan_3 [ 0.7926239891046001 0.6097107608496924 0 -52.96924 ] [ 0 0 -1 0 ] 0 1 1
( 5152 3024 96 ) ( 5200 2976 96 ) ( 5200 2976 224 ) trim_band_teal [ -0.7071067811865481 0.7071067811865466 0 108.160034 ] [ 0 0 -1 -96 ] 0 1.059713 1
}
// brush 10
{
( 5200 2976 96 ) ( 4992 2816 224 ) ( 4992 2816 96 ) 64_cyan_2 [ -0.7926239891046001 -0.6097107608496924 0 52.96924 ] [ 0 0 -1 0 ] 0 1 1
( 4992 3072 64 ) ( 4992 3071 64 ) ( 4993 3072 64 ) trim_band_teal [ -0.447213595499958 0.894427190999916 -9.43689570931383e-16 -157.18622 ] [ 0.8944271909999161 0.44721359549995804 5.551115123125783e-17 -24.890625 ] 0 1.059713 1.0062304
( 5248 2816 128 ) ( 5249 2816 128 ) ( 5248 2815 128 ) trim_band_teal [ -0.447213595499958 0.894427190999916 -9.43689570931383e-16 -157.18622 ] [ 0.8944271909999161 0.44721359549995804 5.551115123125783e-17 -24.890625 ] 0 1.059713 1.0062304
( 5232 2912 96 ) ( 4992 2816 96 ) ( 4992 2816 224 ) 64_cyan_2 [ 0.9284766908852594 0.3713906763541036 0 7.477051 ] [ 0 0 -1 0 ] 0 1 1
( 5248 2880 96 ) ( 5216 2944 224 ) ( 5216 2944 96 ) trim_band_teal [ -0.4472135954999587 0.8944271909999153 0 -157.1862 ] [ 0 0 -1 -96 ] 0 1.059713 1
}
// brush 11
{
( 5232 2912 96 ) ( 4992 2816 224 ) ( 4992 2816 96 ) 64_cyan_1 [ -0.9284766908852594 -0.3713906763541036 0 -7.477051 ] [ 0 0 -1 0 ] 0 1 1
( 4992 3072 64 ) ( 4992 3071 64 ) ( 4993 3072 64 ) trim_band_teal [ -0.24253562503633297 0.9701425001453319 -7.771561172376096e-16 -351.77856 ] [ 0.970142500145332 0.242535625036333 -5.898059818321144e-17 -371.39795 ] 0 1.059713 1.0004587
( 5248 2816 128 ) ( 5249 2816 128 ) ( 5248 2815 128 ) trim_band_teal [ -0.24253562503633297 0.9701425001453319 -7.771561172376096e-16 -351.77856 ] [ 0.970142500145332 0.242535625036333 -5.898059818321144e-17 -371.39795 ] 0 1.059713 1.0004587
( 5248 2848 96 ) ( 4992 2816 96 ) ( 4992 2816 224 ) 64_cyan_1 [ 0.9922778767136677 0.1240347345892083 0 -3.0268555 ] [ 0 0 -1 0 ] 0 1 1
( 5248 2848 96 ) ( 5232 2912 224 ) ( 5232 2912 96 ) trim_band_teal [ -0.2425356250363337 0.9701425001453315 0 -351.77856 ] [ 0 0 -1 -96 ] 0 1.059713 1
}
// brush 12
{
( 4992 2816 64 ) ( 5248 2848 128 ) ( 4992 2816 128 ) 64_cyan_3 [ -0.9922778767136677 -0.1240347345892083 0 3.0268555 ] [ 0 0 -1 0 ] 0 1 1
( 5056 2816 192 ) ( 5120 2816 320 ) ( 5120 2816 192 ) 64_cyan_3 [ 1 0 -0 0 ] [ 0 -0 -1 0 ] 0 1 1
( 5248 2848 64 ) ( 4992 2816 64 ) ( 5248 2784 64 ) trim_band_teal [ 0 1 -6.938893903907229e-16 -97.126465 ] [ 1.0000000000000002 0 0 -351.9995 ] 0 1.059713 1
( 5248 2848 128 ) ( 5248 2784 128 ) ( 4992 2816 128 ) trim_band_teal [ 0 1 -6.938893903907229e-16 -97.126465 ] [ 1.0000000000000002 0 0 -351.9995 ] 0 1.059713 1
( 5248 2848 128 ) ( 5248 2784 64 ) ( 5248 2784 128 ) trim_band_teal [ -6.938893903907228e-16 0.9999999999999999 0 -97.126465 ] [ 0 0 -1 -96 ] 0 1.059713 1
}
}
