// entity 0
{
"classname" "func_detail"
"_phong" "1"
// brush 0
{
( 4992 2016 64 ) ( 4928 2128 320 ) ( 4992 2016 320 ) 64_cyan_1 [ 0.49613893835683387 -0.8682431421244593 0 -5.482544 ] [ 0 0 -1 0 ] 0 1 1
( 4992 2144 64 ) ( 4928 2128 320 ) ( 4928 2128 64 ) trim_band_teal [ -0.9701425001453298 -0.24253562503633394 0 214.70288 ] [ 0 0 -1 -96 ] 0 0.780553 1
( 4992 2144 64 ) ( 4928 2128 64 ) ( 4992 2016 64 ) trim_band_teal [ -0.9701425001453303 -0.2425356250363326 -1.4432899320127035e-15 214.70288 ] [ -0.242535625036333 0.970142500145332 -5.551115123125783e-17 -96.00012 ] 0 0.780553 0.97014236
( 4928 2128 128 ) ( 4992 2144 128 ) ( 4992 2016 128 ) trim_band_teal [ -0.9701425001453303 -0.2425356250363326 -1.4432899320127035e-15 214.70288 ] [ -0.242535625036333 0.970142500145332 -5.551115123125783e-17 -96.00012 ] 0 0.780553 0.97014236
( 4992 2144 320 ) ( 4992 2016 64 ) ( 4992 2016 320 ) 64_cyan_1 [ 0 1 0 32 ] [ 0 0 -1 0 ] 0 1 1
}
// brush 1
{
( 4880 2080 64 ) ( 4928 2128 64 ) ( 4928 2128 320 ) trim_band_teal [ -0.707106781186545 -0.7071067811865472 0 -179.41821 ] [ 0 0 -1 -96 ] 0 0.780553 1
( 4992 2016 320 ) ( 4992 2016 64 ) ( 4880 2080 64 ) 64_cyan_2 [ 0.8682431421244593 -0.49613893835683387 0 -9.945801 ] [ 0 0 -1 0 ] 0 1 1
( 4992 2016 64 ) ( 4928 2128 64 ) ( 4880 2080 64 ) trim_band_teal [ -0.7071067811865462 -0.7071067811865462 -1.5543122344752192e-15 -179.41821 ] [ -0.7071067811865477 0.7071067811865477 1.1102230246251565e-16 276.36133 ] 0 0.780553 0.9722729
( 4992 2016 128 ) ( 4880 2080 128 ) ( 4928 2128 128 ) trim_band_teal [ -0.7071067811865462 -0.7071067811865462 -1.5543122344752192e-15 -179.41821 ] [ -0.7071067811865477 0.7071067811865477 1.1102230246251565e-16 276.36133 ] 0 0.780553 0.9722729
( 4992 2016 320 ) ( 4928 2128 320 ) ( 4928 2128 64 ) 64_cyan_2 [ -0.49613893835683387 0.8682431421244593 0 5.482544 ] [ 0 0 -1 0 ] 0 1 1
}
// brush 2
{
( 4880 2080 64 ) ( 4864 2016 320 ) ( 4864 2016 64 ) trim_band_teal [ -0.24253562503633094 -0.9701425001453302 0 -334.97583 ] [ 0 0 -1 -96 ] 0 0.780553 1
( 4992 2016 64 ) ( 4864 2016 320 ) ( 4992 2016 320 ) 64_cyan_3 [ 1 0 0 0 ] [ 0 0 -1 0 ] 0 1 1
( 4880 2080 64 ) ( 4864 2016 64 ) ( 4992 2016 64 ) trim_band_teal [ -0.2425356250363325 -0.9701425001453299 -1.5681900222830336e-15 -334.97583 ] [ -0.970142500145332 0.242535625036333 -5.898059818321144e-17 552.0005 ] 0 0.780553 0.97014236
( 4864 2016 128 ) ( 4880 2080 128 ) ( 4992 2016 128 ) trim_band_teal [ -0.2425356250363325 -0.9701425001453299 -1.5681900222830336e-15 -334.97583 ] [ -0.970142500145332 0.242535625036333 -5.898059818321144e-17 552.0005 ] 0 0.780553 0.97014236
( 4880 2080 320 ) ( 4992 2016 64 ) ( 4992 2016 320 ) 64_cyan_3 [ -0.8682431421244593 0.49613893835683387 0 9.945801 ] [ 0 0 -1 0 ] 0 1 1
}
// brush 3
{
( 4992 2144 320 ) ( 4992 2016 320 ) ( 4992 2016 64 ) 64_cyan_3 [ 0 1 0 32 ] [ 0 0 -1 0 ] 0 1 1
( 4992 2144 64 ) ( 4992 2016 64 ) ( 5056 2128 64 ) trim_band_teal [ -0.9701425001453302 0.24253562503633255 -1.429412144204889e-15 418.32397 ] [ 0.242535625036333 0.970142500145332 -5.551115123125783e-17 -544.0005 ] 0 0.780553 0.97014236
( 5056 2128 128 ) ( 4992 2016 128 ) ( 4992 2144 128 ) trim_band_teal [ -0.9701425001453302 0.24253562503633255 -1.429412144204889e-15 418.32397 ] [ 0.242535625036333 0.970142500145332 -5.551115123125783e-17 -544.0005 ] 0 0.780553 0.97014236
( 4992 2144 64 ) ( 5056 2128 64 ) ( 5056 2128 320 ) trim_band_teal [ -0.9701425001453304 0.24253562503633114 0 418.32397 ] [ 0 0 -1 -96 ] 0 0.780553 1
( 4992 2016 64 ) ( 4992 2016 320 ) ( 5056 2128 320 ) 64_cyan_3 [ -0.49613893835683387 -0.8682431421244593 0 -44.03125 ] [ 0 0 -1 0 ] 180 1 1
}
// brush 4
{
( 4992 2016 320 ) ( 5056 2128 64 ) ( 5056 2128 320 ) 64_cyan_2 [ 0.49613893835683387 0.8682431421244593 0 44.03125 ] [ 0 0 -1 0 ] 180 1 1
( 4992 2016 64 ) ( 5104 2080 64 ) ( 5056 2128 64 ) trim_band_teal [ -0.7071067811865464 0.7071067811865465 -1.3877787807814457e-15 7.9731445 ] [ 0.7071067811865477 0.7071067811865477 1.1102230246251565e-16 -328.73193 ] 0 0.780553 0.97227097
( 4992 2016 128 ) ( 5056 2128 128 ) ( 5104 2080 128 ) trim_band_teal [ -0.7071067811865464 0.7071067811865465 -1.3877787807814457e-15 7.9731445 ] [ 0.7071067811865477 0.7071067811865477 1.1102230246251565e-16 -328.73193 ] 0 0.780553 0.97227097
( 4992 2016 320 ) ( 5104 2080 64 ) ( 4992 2016 64 ) 64_cyan_2 [ -0.8682431421244593 -0.49613893835683387 0 -45.40625 ] [ 0 0 -1 0 ] 180 1 1
( 5104 2080 64 ) ( 5056 2128 320 ) ( 5056 2128 64 ) trim_band_teal [ -0.7071067811865472 0.7071067811865452 0 7.9731445 ] [ 0 0 -1 -96 ] 0 0.780553 1
}
// brush 5
{
( 5104 2080 320 ) ( 4992 2016 320 ) ( 4992 2016 64 ) 64_cyan_1 [ 0.8682431421244593 0.49613893835683387 0 45.40625 ] [ 0 0 -1 0 ] 180 1 1
( 4992 2016 64 ) ( 4992 2016 320 ) ( 5120 2016 320 ) 64_cyan_1 [ -1 0 0 0 ] [ 0 0 -1 0 ] 180 1 1
( 5104 2080 64 ) ( 4992 2016 64 ) ( 5120 2016 64 ) trim_band_teal [ -0.2425356250363326 0.9701425001453303 -1.3322676295501878e-15 365.23193 ] [ 0.970142500145332 0.242535625036333 -5.898059818321144e-17 -216.00098 ] 0 0.780553 0.97014236
( 5120 2016 128 ) ( 4992 2016 128 ) ( 5104 2080 128 ) trim_band_teal [ -0.2425356250363326 0.9701425001453303 -1.3322676295501878e-15 365.23193 ] [ 0.970142500145332 0.242535625036333 -5.898059818321144e-17 -216.00098 ] 0 0.780553 0.97014236
( 5104 2080 64 ) ( 5120 2016 64 ) ( 5120 2016 320 ) trim_band_teal [ -0.24253562503633386 0.97014250014533 0 365.23193 ] [ 0 0 -1 -96 ] 0 0.780553 1
}
// brush 6
{
( 5104 1952 320 ) ( 4992 2016 64 ) ( 4992 2016 320 ) 64_cyan_3 [ 0.8682431421244593 -0.49613893835683387 0 -2.161621 ] [ 0 0 -1 0 ] 0 1 1
( 5104 1952 64 ) ( 5120 2016 64 ) ( 4992 2016 64 ) trim_band_teal [ 0.24253562503633266 0.9701425001453307 -1.2490009027033011e-15 255.43018 ] [ 0.970142500145332 -0.242535625036333 -5.898059818321144e-17 -232.00049 ] 0 0.780553 0.97014236
( 5120 2016 128 ) ( 5104 1952 128 ) ( 4992 2016 128 ) trim_band_teal [ 0.24253562503633266 0.9701425001453307 -1.2490009027033011e-15 255.43018 ] [ 0.970142500145332 -0.242535625036333 -5.898059818321144e-17 -232.00049 ] 0 0.780553 0.97014236
( 4992 2016 64 ) ( 5120 2016 320 ) ( 4992 2016 320 ) 64_cyan_3 [ -1 0 0 0 ] [ 0 0 -1 0 ] 180 1 1
( 5104 1952 64 ) ( 5120 2016 320 ) ( 5120 2016 64 ) trim_band_teal [ 0.2425356250363314 0.9701425001453308 0 255.43018 ] [ 0 0 -1 -96 ] 0 0.780553 1
}
// brush 7
{
( 4992 1888 320 ) ( 4992 2016 64 ) ( 4992 2016 320 ) 64_cyan_1 [ 0 -1 0 -32 ] [ 0 0 -1 0 ] 180 1 1
( 4992 1888 64 ) ( 5056 1904 64 ) ( 4992 2016 64 ) trim_band_teal [ 0.9701425001453309 0.24253562503633266 -1.0408340855860843e-15 -135.15869 ] [ 0.242535625036333 -0.970142500145332 -5.551115123125783e-17 415.99976 ] 0 0.780553 0.97014284
( 5056 1904 128 ) ( 4992 1888 128 ) ( 4992 2016 128 ) trim_band_teal [ 0.9701425001453309 0.24253562503633266 -1.0408340855860843e-15 -135.15869 ] [ 0.242535625036333 -0.970142500145332 -5.551115123125783e-17 415.99976 ] 0 0.780553 0.97014284
( 4992 1888 64 ) ( 5056 1904 320 ) ( 5056 1904 64 ) trim_band_teal [ 0.9701425001453304 0.2425356250363337 0 -135.15869 ] [ 0 0 -1 -96 ] 0 0.780553 1
( 4992 2016 64 ) ( 5056 1904 320 ) ( 4992 2016 320 ) 64_cyan_1 [ -0.49613893835683387 0.8682431421244593 0 39.211914 ] [ 0 0 -1 0 ] 0 1 1
}
// brush 8
{
( 4992 2016 320 ) ( 5056 1904 320 ) ( 5056 1904 64 ) 64_cyan_2 [ 0.49613893835683387 -0.8682431421244593 0 -39.211914 ] [ 0 0 -1 0 ] 0 1 1
( 4992 2016 64 ) ( 5056 1904 64 ) ( 5104 1952 64 ) trim_band_teal [ 0.7071067811865467 0.7071067811865466 -1.1657341758564144e-15 435.41797 ] [ 0.7071067811865477 -0.7071067811865477 1.1102230246251565e-16 -468.3656 ] 0 0.780553 0.97227097
( 4992 2016 128 ) ( 5104 1952 128 ) ( 5056 1904 128 ) trim_band_teal [ 0.7071067811865467 0.7071067811865466 -1.1657341758564144e-15 435.41797 ] [ 0.7071067811865477 -0.7071067811865477 1.1102230246251565e-16 -468.3656 ] 0 0.780553 0.97227097
( 4992 2016 320 ) ( 4992 2016 64 ) ( 5104 1952 64 ) 64_cyan_2 [ -0.8682431421244593 0.49613893835683387 0 2.161621 ] [ 0 0 -1 0 ] 0 1 1
( 5104 1952 64 ) ( 5056 1904 64 ) ( 5056 1904 320 ) trim_band_teal [ 0.7071067811865457 0.7071067811865474 0 435.41797 ] [ 0 0 -1 -96 ] 0 0.780553 1
}
// brush 9
{
( 4992 2016 64 ) ( 4992 2016 320 ) ( 4928 1904 320 ) 64_cyan_3 [ 0.49613893835683387 0.8682431421244593 0 13.76123 ] [ 0 0 -1 0 ] 180 1 1
( 4992 1888 64 ) ( 4928 1904 64 ) ( 4928 1904 320 ) trim_band_teal [ 0.9701425001453301 -0.24253562503633075 0 -497.86914 ] [ 0 0 -1 -96 ] 0 0.780553 1
( 4992 1888 64 ) ( 4992 2016 64 ) ( 4928 1904 64 ) trim_band_teal [ 0.9701425001453299 -0.24253562503633247 -1.734723475976807e-15 -497.86914 ] [ -0.242535625036333 -0.970142500145332 -5.551115123125783e-17 352.0005 ] 0 0.780553 0.97014236
( 4928 1904 128 ) ( 4992 2016 128 ) ( 4992 1888 128 ) trim_band_teal [ 0.9701425001453299 -0.24253562503633247 -1.734723475976807e-15 -497.86914 ] [ -0.242535625036333 -0.970142500145332 -5.551115123125783e-17 352.0005 ] 0 0.780553 0.97014236
( 4992 1888 320 ) ( 4992 2016 320 ) ( 4992 2016 64 ) 64_cyan_3 [ 0 -1 0 -32 ] [ 0 0 -1 0 ] 180 1 1
}
// brush 10
{
( 4880 1952 64 ) ( 4928 1904 320 ) ( 4928 1904 64 ) trim_band_teal [ 0.7071067811865471 -0.7071067811865448 0 -263.9734 ] [ 0 0 -1 -96 ] 0 0.780553 1
( 4992 2016 320 ) ( 4880 1952 64 ) ( 4992 2016 64 ) 64_cyan_2 [ 0.8682431421244593 0.49613893835683387 0 37.62207 ] [ 0 0 -1 0 ] 180 1 1
( 4992 2016 64 ) ( 4880 1952 64 ) ( 4928 1904 64 ) trim_band_teal [ 0.7071067811865462 -0.7071067811865461 -1.6653345369377348e-15 -263.9734 ] [ -0.7071067811865477 -0.7071067811865477 1.1102230246251565e-16 648.73193 ] 0 0.780553 0.97227097
( 4992 2016 128 ) ( 4928 1904 128 ) ( 4880 1952 128 ) trim_band_teal [ 0.7071067811865462 -0.7071067811865461 -1.6653345369377348e-15 -263.9734 ] [ -0.7071067811865477 -0.7071067811865477 1.1102230246251565e-16 648.73193 ] 0 0.780553 0.97227097
( 4992 2016 320 ) ( 4928 1904 64 ) ( 4928 1904 320 ) 64_cyan_2 [ -0.49613893835683387 -0.8682431421244593 0 -13.76123 ] [ 0 0 -1 0 ] 180 1 1
}
// brush 11
{
( 4880 1952 64 ) ( 4864 2016 64 ) ( 4864 2016 320 ) trim_band_teal [ 0.242535625036334 -0.9701425001453294 0 -285.6875 ] [ 0 0 -1 -96 ] 0 0.780553 1
( 4880 1952 64 ) ( 4992 2016 64 ) ( 4864 2016 64 ) trim_band_teal [ 0.2425356250363325 -0.97014250014533 -1.5959455978986625e-15 -285.6875 ] [ -0.970142500145332 -0.242535625036333 -5.898059818321144e-17 536.001 ] 0 0.780553 0.97014236
( 4864 2016 128 ) ( 4992 2016 128 ) ( 4880 1952 128 ) trim_band_teal [ 0.2425356250363325 -0.97014250014533 -1.5959455978986625e-15 -285.6875 ] [ -0.970142500145332 -0.242535625036333 -5.898059818321144e-17 536.001 ] 0 0.780553 0.97014236
( 4992 2016 64 ) ( 4992 2016 320 ) ( 4864 2016 320 ) 64_cyan_1 [ 1 0 0 0 ] [ 0 0 -1 0 ] 0 1 1
( 4880 1952 320 ) ( 4992 2016 320 ) ( 4992 2016 64 ) 64_cyan_1 [ -0.8682431421244593 -0.49613893835683387 0 -37.62207 ] [ 0 0 -1 0 ] 180 1 1
}
}
