// entity 0
{
"classname" "func_detail"
// brush 0
{
( 3472 6048 128 ) ( 3568 6240 96 ) ( 3568 6240 128 ) 128_cyan_2 [ -0.447213595499958 -0.894427190999916 0 0 ] [ -0 0 -1 0 ] 0 1 1
( 4864 5376 128 ) ( 3472 6048 96 ) ( 3472 6048 128 ) 128_cyan_2 [ 0.9005516363645785 -0.4347490658311758 0 0 ] [ 0 -0 -1 0 ] 0 1 1
( 4864 5376 64 ) ( 3568 6240 64 ) ( 3472 6048 64 ) 128_cyan_2 [ -1 0 0 0 ] [ -0 -1 -0 0 ] 0 1 1
( 4864 5376 128 ) ( 3472 6048 128 ) ( 3568 6240 128 ) 128_cyan_2 [ 1 0 0 0 ] [ 0 -1 0 0 ] 0 1 1
( 4864 5376 128 ) ( 3568 6240 96 ) ( 4864 5376 96 ) 128_cyan_2 [ -0.8320502943378437 0.5547001962252291 0 0 ] [ 0 0 -1 0 ] 0 1 1
}
// brush 1
{
( 3328 5472 128 ) ( 3352 5664 96 ) ( 3352 5664 128 ) 128_cyan_2 [ -0.12403473458920847 -0.9922778767136677 0 0 ] [ -0 0 -1 0 ] 0 1 1
( 4864 5376 128 ) ( 3328 5472 96 ) ( 3328 5472 128 ) 128_cyan_2 [ 0.9980525784828886 -0.06237828615518054 0 0 ] [ 0 -0 -1 0 ] 0 1 1
( 4864 5376 64 ) ( 3352 5664 64 ) ( 3328 5472 64 ) 128_cyan_2 [ -1 0 0 0 ] [ -0 -1 -0 0 ] 0 1 1
( 4864 5376 128 ) ( 3328 5472 128 ) ( 3352 5664 128 ) 128_cyan_2 [ 1 0 0 0 ] [ 0 -1 0 0 ] 0 1 1
( 4864 5376 128 ) ( 3352 5664 96 ) ( 4864 5376 96 ) 128_cyan_2 [ -0.9823385664224747 0.1871121078899952 0 0 ] [ 0 0 -1 0 ] 0 1 1
}
// brush 2
{
( 3328 5376 128 ) ( 3328 5472 96 ) ( 3328 5472 128 ) 128_cyan_2 [ 0 -1 0 0 ] [ -0 -0 -1 0 ] 0 1 1
( 4864 5376 128 ) ( 3328 5376 96 ) ( 3328 5376 128 ) 128_cyan_2 [ 1 -0 0 0 ] [ 0 -0 -1 0 ] 0 1 1
( 4864 5376 64 ) ( 3328 5472 64 ) ( 3328 5376 64 ) 128_cyan_2 [ -1 0 0 0 ] [ -0 -1 -0 0 ] 0 1 1
( 4864 5376 128 ) ( 3328 5376 128 ) ( 3328 5472 128 ) 128_cyan_2 [ 1 0 0 0 ] [ 0 -1 0 0 ] 0 1 1
( 4864 5376 128 ) ( 3328 5472 96 ) ( 4864 5376 96 ) 128_cyan_2 [ -0.9980525784828886 0.06237828615518054 0 0 ] [ 0 0 -1 0 ] 0 1 1
}
// brush 3
{
( 3352 5664 128 ) ( 3400 5856 96 ) ( 3400 5856 128 ) 128_cyan_2 [ -0.242535625036333 -0.970142500145332 0 0 ] [ -0 0 -1 0 ] 0 1 1
( 4864 5376 128 ) ( 3352 5664 96 ) ( 3352 5664 128 ) 128_cyan_2 [ 0.9823385664224747 -0.1871121078899952 0 0 ] [ 0 -0 -1 0 ] 0 1 1
( 4864 5376 64 ) ( 3400 5856 64 ) ( 3352 5664 64 ) 128_cyan_2 [ -1 0 0 0 ] [ -0 -1 -0 0 ] 0 1 1
( 4864 5376 128 ) ( 3352 5664 128 ) ( 3400 5856 128 ) 128_cyan_2 [ 1 0 0 0 ] [ 0 -1 0 0 ] 0 1 1
( 4864 5376 128 ) ( 3400 5856 96 ) ( 4864 5376 96 ) 128_cyan_2 [ -0.9502295409734978 0.31155066917163865 0 0 ] [ 0 0 -1 0 ] 0 1 1
}
// brush 4
{
( 3400 5856 128 ) ( 3472 6048 96 ) ( 3472 6048 128 ) 128_cyan_2 [ -0.3511234415883917 -0.9363291775690445 0 0 ] [ -0 0 -1 0 ] 0 1 1
( 4864 5376 128 ) ( 3400 5856 96 ) ( 3400 5856 128 ) 128_cyan_2 [ 0.9502295409734978 -0.31155066917163865 0 0 ] [ 0 -0 -1 0 ] 0 1 1
( 4864 5376 64 ) ( 3472 6048 64 ) ( 3400 5856 64 ) 128_cyan_2 [ -1 0 0 0 ] [ -0 -1 -0 0 ] 0 1 1
( 4864 5376 128 ) ( 3400 5856 128 ) ( 3472 6048 128 ) 128_cyan_2 [ 1 0 0 0 ] [ 0 -1 0 0 ] 0 1 1
( 4864 5376 128 ) ( 3472 6048 96 ) ( 4864 5376 96 ) 128_cyan_2 [ -0.9005516363645785 0.4347490658311758 0 0 ] [ 0 0 -1 0 ] 0 1 1
}
// brush 5
{
( 3688 6408 128 ) ( 3568 6240 96 ) ( 3688 6408 96 ) 128_cyan_2 [ -0.5812381937190965 -0.813733471206735 0 0 ] [ -0 0 -1 0 ] 0 1 1
( 4864 5376 128 ) ( 3568 6240 96 ) ( 3568 6240 128 ) 128_cyan_2 [ 0.8320502943378437 -0.5547001962252291 0 0 ] [ 0 -0 -1 0 ] 0 1 1
( 4864 5376 64 ) ( 3688 6408 64 ) ( 3568 6240 64 ) 128_cyan_2 [ -1 0 0 0 ] [ -0 -1 -0 0 ] 0 1 1
( 4864 5376 128 ) ( 3568 6240 128 ) ( 3688 6408 128 ) 128_cyan_2 [ 1 0 0 0 ] [ 0 -1 0 0 ] 0 1 1
( 4864 5376 128 ) ( 3688 6408 96 ) ( 4864 5376 96 ) 128_cyan_2 [ -0.751625689070423 0.6595898904087386 0 0 ] [ 0 0 -1 0 ] 0 1 1
}
// brush 6
{
( 3832 6552 128 ) ( 3688 6408 96 ) ( 3832 6552 96 ) 128_cyan_2 [ -0.7071067811865476 -0.7071067811865476 0 0 ] [ -0 0 -1 0 ] 0 1 1
( 4864 5376 128 ) ( 3688 6408 96 ) ( 3688 6408 128 ) 128_cyan_2 [ 0.751625689070423 -0.6595898904087386 0 0 ] [ 0 -0 -1 0 ] 0 1 1
( 4864 5376 64 ) ( 3832 6552 64 ) ( 3688 6408 64 ) 128_cyan_2 [ -1 0 0 0 ] [ -0 -1 -0 0 ] 0 1 1
( 4864 5376 128 ) ( 3688 6408 128 ) ( 3832 6552 128 ) 128_cyan_2 [ 1 0 0 0 ] [ 0 -1 0 0 ] 0 1 1
( 4864 5376 128 ) ( 3832 6552 96 ) ( 4864 5376 96 ) 128_cyan_2 [ -0.6595898904087386 0.751625689070423 0 0 ] [ 0 0 -1 0 ] 0 1 1
}
// brush 7
{
( 4864 5376 128 ) ( 3832 6552 96 ) ( 3832 6552 128 ) 128_cyan_2 [ 0.6595898904087386 -0.751625689070423 0 0 ] [ 0 -0 -1 0 ] 0 1 1
( 4000 6672 128 ) ( 3832 6552 96 ) ( 4000 6672 96 ) 128_cyan_2 [ -0.813733471206735 -0.5812381937190965 0 0 ] [ -0 0 -1 0 ] 0 1 1
( 4864 5376 64 ) ( 4000 6672 64 ) ( 3832 6552 64 ) 128_cyan_2 [ -1 0 0 0 ] [ -0 -1 -0 0 ] 0 1 1
( 4864 5376 128 ) ( 3832 6552 128 ) ( 4000 6672 128 ) 128_cyan_2 [ 1 0 0 0 ] [ 0 -1 0 0 ] 0 1 1
( 4864 5376 128 ) ( 4000 6672 96 ) ( 4864 5376 96 ) 128_cyan_2 [ -0.5547001962252291 0.8320502943378437 0 0 ] [ 0 0 -1 0 ] 0 1 1
}
// brush 8
{
( 4864 5376 128 ) ( 4000 6672 96 ) ( 4000 6672 128 ) 128_cyan_2 [ 0.5547001962252291 -0.8320502943378437 0 0 ] [ 0 -0 -1 0 ] 0 1 1
( 4192 6768 128 ) ( 4000 6672 96 ) ( 4192 6768 96 ) 128_cyan_2 [ -0.894427190999916 -0.447213595499958 0 0 ] [ -0 0 -1 0 ] 0 1 1
( 4864 5376 64 ) ( 4192 6768 64 ) ( 4000 6672 64 ) 128_cyan_2 [ -1 0 0 0 ] [ -0 -1 -0 0 ] 0 1 1
( 4864 5376 128 ) ( 4000 6672 128 ) ( 4192 6768 128 ) 128_cyan_2 [ 1 0 0 0 ] [ 0 -1 0 0 ] 0 1 1
( 4864 5376 128 ) ( 4192 6768 96 ) ( 4864 5376 96 ) 128_cyan_2 [ -0.4347490658311758 0.9005516363645785 0 0 ] [ 0 0 -1 0 ] 0 1 1
}
// brush 9
{
( 4864 5376 128 ) ( 4192 6768 96 ) ( 4192 6768 128 ) 128_cyan_2 [ 0.4347490658311758 -0.9005516363645785 0 0 ] [ 0 -0 -1 0 ] 0 1 1
( 4384 6840 128 ) ( 4192 6768 96 ) ( 4384 6840 96 ) 128_cyan_2 [ -0.9363291775690445 -0.3511234415883917 0 0 ] [ -0 0 -1 0 ] 0 1 1
( 4864 5376 64 ) ( 4384 6840 64 ) ( 4192 6768 64 ) 128_cyan_2 [ -1 0 0 0 ] [ -0 -1 -0 0 ] 0 1 1
( 4864 5376 128 ) ( 4192 6768 128 ) ( 4384 6840 128 ) 128_cyan_2 [ 1 0 0 0 ] [ 0 -1 0 0 ] 0 1 1
( 4864 5376 128 ) ( 4384 6840 96 ) ( 4864 5376 96 ) 128_cyan_2 [ -0.31155066917163865 0.9502295409734978 0 0 ] [ 0 0 -1 0 ] 0 1 1
}
// brush 10
{
( 4864 5376 128 ) ( 4384 6840 96 ) ( 4384 6840 128 ) 128_cyan_2 [ 0.31155066917163865 -0.9502295409734978 0 0 ] [ 0 -0 -1 0 ] 0 1 1
( 4576 6888 128 ) ( 4384 6840 96 ) ( 4576 6888 96 ) 128_cyan_2 [ -0.970142500145332 -0.242535625036333 0 0 ] [ -0 0 -1 0 ] 0 1 1
( 4864 5376 64 ) ( 4576 6888 64 ) ( 4384 6840 64 ) 128_cyan_2 [ -1 0 0 0 ] [ -0 -1 -0 0 ] 0 1 1
( 4864 5376 128 ) ( 4384 6840 128 ) ( 4576 6888 128 ) 128_cyan_2 [ 1 0 0 0 ] [ 0 -1 0 0 ] 0 1 1
( 4864 5376 128 ) ( 4576 6888 96 ) ( 4864 5376 96 ) 128_cyan_2 [ -0.1871121078899952 0.9823385664224747 0 0 ] [ 0 0 -1 0 ] 0 1 1
}
// brush 11
{
( 4864 5376 128 ) ( 4576 6888 96 ) ( 4576 6888 128 ) 128_cyan_2 [ 0.1871121078899952 -0.9823385664224747 0 0 ] [ 0 -0 -1 0 ] 0 1 1
( 4576 6888 96 ) ( 4768 6912 128 ) ( 4576 6888 128 ) 128_cyan_2 [ -0.9922778767136677 -0.12403473458920847 0 0 ] [ -0 0 -1 0 ] 0 1 1
( 4864 5376 64 ) ( 4768 6912 64 ) ( 4576 6888 64 ) 128_cyan_2 [ -1 0 0 0 ] [ -0 -1 -0 0 ] 0 1 1
( 4864 5376 128 ) ( 4576 6888 128 ) ( 4768 6912 128 ) 128_cyan_2 [ 1 0 0 0 ] [ 0 -1 0 0 ] 0 1 1
( 4864 5376 128 ) ( 4768 6912 96 ) ( 4864 5376 96 ) 128_cyan_2 [ -0.06237828615518054 0.9980525784828886 0 0 ] [ 0 0 -1 0 ] 0 1 1
}
// brush 12
{
( 4768 6912 96 ) ( 4864 5376 128 ) ( 4864 5376 96 ) 128_cyan_2 [ 0.06237828615518054 -0.9980525784828886 0 0 ] [ 0 -0 -1 0 ] 0 1 1
( 4864 6912 64 ) ( 4768 6912 64 ) ( 4864 5376 64 ) 128_cyan_2 [ -1 0 0 0 ] [ 0 -1 0 0 ] 0 1 1
( 4864 6912 128 ) ( 4864 5376 128 ) ( 4768 6912 128 ) 128_cyan_2 [ 1 0 0 0 ] [ 0 -1 0 0 ] 0 1 1
( 4864 6912 128 ) ( 4768 6912 96 ) ( 4864 6912 96 ) 128_cyan_2 [ -1 0 0 0 ] [ 0 0 -1 0 ] 0 1 1
( 4864 6912 128 ) ( 4864 5376 96 ) ( 4864 5376 128 ) 128_cyan_2 [ 0 1 0 0 ] [ 0 0 -1 0 ] 0 1 1
}
}
