// entity 0
{
"classname" "func_detail"
// brush 0
{
( 4864 5376 128 ) ( 6376 5088 96 ) ( 4864 5376 96 ) 128_cyan_2 [ 0.9823385664224747 -0.1871121078899952 0 0 ] [ 0 0 -1 0 ] 0 1 1
( 4864 5376 0 ) ( 6376 5088 0 ) ( 6400 5280 0 ) 128_cyan_2 [ -1 0 0 0 ] [ -0 -1 -0 0 ] 0 1 1
( 4864 5376 64 ) ( 6400 5280 64 ) ( 6376 5088 64 ) 128_cyan_2 [ 1 0 0 0 ] [ 0 -1 0 0 ] 0 1 1
( 4864 5376 128 ) ( 6400 5280 96 ) ( 6400 5280 128 ) 128_cyan_2 [ -0.9980525784828886 0.06237828615518054 0 0 ] [ 0 0 -1 0 ] 0 1 1
( 6400 5280 128 ) ( 6376 5088 96 ) ( 6376 5088 128 ) 128_cyan_2 [ 0.12403473458920847 0.9922778767136677 -0 0 ] [ 0 -0 -1 0 ] 0 1 1
}
// brush 1
{
( 4864 5376 128 ) ( 6328 4896 96 ) ( 4864 5376 96 ) 128_cyan_2 [ 0.9502295409734978 -0.31155066917163865 0 0 ] [ 0 0 -1 0 ] 0 1 1
( 4864 5376 0 ) ( 6328 4896 0 ) ( 6376 5088 0 ) 128_cyan_2 [ -1 0 0 0 ] [ -0 -1 -0 0 ] 0 1 1
( 4864 5376 64 ) ( 6376 5088 64 ) ( 6328 4896 64 ) 128_cyan_2 [ 1 0 0 0 ] [ 0 -1 0 0 ] 0 1 1
( 4864 5376 128 ) ( 6376 5088 96 ) ( 6376 5088 128 ) 128_cyan_2 [ -0.9823385664224747 0.1871121078899952 0 0 ] [ 0 0 -1 0 ] 0 1 1
( 6376 5088 128 ) ( 6328 4896 96 ) ( 6328 4896 128 ) 128_cyan_2 [ 0.242535625036333 0.970142500145332 -0 0 ] [ 0 -0 -1 0 ] 0 1 1
}
// brush 2
{
( 4864 5376 128 ) ( 6256 4704 96 ) ( 4864 5376 96 ) 128_cyan_2 [ 0.9005516363645785 -0.4347490658311758 0 0 ] [ 0 0 -1 0 ] 0 1 1
( 4864 5376 0 ) ( 6256 4704 0 ) ( 6328 4896 0 ) 128_cyan_2 [ -1 0 0 0 ] [ -0 -1 -0 0 ] 0 1 1
( 4864 5376 64 ) ( 6328 4896 64 ) ( 6256 4704 64 ) 128_cyan_2 [ 1 0 0 0 ] [ 0 -1 0 0 ] 0 1 1
( 4864 5376 128 ) ( 6328 4896 96 ) ( 6328 4896 128 ) 128_cyan_2 [ -0.9502295409734978 0.31155066917163865 0 0 ] [ 0 0 -1 0 ] 0 1 1
( 6328 4896 128 ) ( 6256 4704 96 ) ( 6256 4704 128 ) 128_cyan_2 [ 0.3511234415883917 0.9363291775690445 -0 0 ] [ 0 -0 -1 0 ] 0 1 1
}
// brush 3
{
( 4864 5376 128 ) ( 6160 4512 96 ) ( 4864 5376 96 ) 128_cyan_2 [ 0.8320502943378437 -0.5547001962252291 0 0 ] [ 0 0 -1 0 ] 0 1 1
( 4864 5376 0 ) ( 6160 4512 0 ) ( 6256 4704 0 ) 128_cyan_2 [ -1 0 0 0 ] [ -0 -1 -0 0 ] 0 1 1
( 4864 5376 64 ) ( 6256 4704 64 ) ( 6160 4512 64 ) 128_cyan_2 [ 1 0 0 0 ] [ 0 -1 0 0 ] 0 1 1
( 4864 5376 128 ) ( 6256 4704 96 ) ( 6256 4704 128 ) 128_cyan_2 [ -0.9005516363645785 0.4347490658311758 0 0 ] [ 0 0 -1 0 ] 0 1 1
( 6256 4704 128 ) ( 6160 4512 96 ) ( 6160 4512 128 ) 128_cyan_2 [ 0.447213595499958 0.894427190999916 -0 0 ] [ 0 -0 -1 0 ] 0 1 1
}
// brush 4
{
( 4864 5376 128 ) ( 6040 4344 96 ) ( 4864 5376 96 ) 128_cyan_2 [ 0.751625689070423 -0.6595898904087386 0 0 ] [ 0 0 -1 0 ] 0 1 1
( 4864 5376 0 ) ( 6040 4344 0 ) ( 6160 4512 0 ) 128_cyan_2 [ -1 0 0 0 ] [ -0 -1 -0 0 ] 0 1 1
( 4864 5376 64 ) ( 6160 4512 64 ) ( 6040 4344 64 ) 128_cyan_2 [ 1 0 0 0 ] [ 0 -1 0 0 ] 0 1 1
( 4864 5376 128 ) ( 6160 4512 96 ) ( 6160 4512 128 ) 128_cyan_2 [ -0.8320502943378437 0.5547001962252291 0 0 ] [ 0 0 -1 0 ] 0 1 1
( 6040 4344 128 ) ( 6160 4512 96 ) ( 6040 4344 96 ) 128_cyan_2 [ 0.5812381937190965 0.813733471206735 -0 0 ] [ 0 -0 -1 0 ] 0 1 1
}
// brush 5
{
( 4864 5376 128 ) ( 5896 4200 96 ) ( 4864 5376 96 ) 128_cyan_2 [ 0.6595898904087386 -0.751625689070423 0 0 ] [ 0 0 -1 0 ] 0 1 1
( 4864 5376 0 ) ( 5896 4200 0 ) ( 6040 4344 0 ) 128_cyan_2 [ -1 0 0 0 ] [ -0 -1 -0 0 ] 0 1 1
( 4864 5376 64 ) ( 6040 4344 64 ) ( 5896 4200 64 ) 128_cyan_2 [ 1 0 0 0 ] [ 0 -1 0 0 ] 0 1 1
( 4864 5376 128 ) ( 6040 4344 96 ) ( 6040 4344 128 ) 128_cyan_2 [ -0.751625689070423 0.6595898904087386 0 0 ] [ 0 0 -1 0 ] 0 1 1
( 5896 4200 128 ) ( 6040 4344 96 ) ( 5896 4200 96 ) 128_cyan_2 [ 0.7071067811865476 0.7071067811865476 -0 0 ] [ 0 -0 -1 0 ] 0 1 1
}
// brush 6
{
( 4864 5376 128 ) ( 5728 4080 96 ) ( 4864 5376 96 ) 128_cyan_2 [ 0.5547001962252291 -0.8320502943378437 0 0 ] [ 0 0 -1 0 ] 0 1 1
( 4864 5376 0 ) ( 5728 4080 0 ) ( 5896 4200 0 ) 128_cyan_2 [ -1 0 0 0 ] [ -0 -1 -0 0 ] 0 1 1
( 4864 5376 64 ) ( 5896 4200 64 ) ( 5728 4080 64 ) 128_cyan_2 [ 1 0 0 0 ] [ 0 -1 0 0 ] 0 1 1
( 5728 4080 128 ) ( 5896 4200 96 ) ( 5728 4080 96 ) 128_cyan_2 [ 0.813733471206735 0.5812381937190965 -0 0 ] [ 0 -0 -1 0 ] 0 1 1
( 4864 5376 128 ) ( 5896 4200 96 ) ( 5896 4200 128 ) 128_cyan_2 [ -0.6595898904087386 0.751625689070423 0 0 ] [ 0 0 -1 0 ] 0 1 1
}
// brush 7
{
( 4864 5376 128 ) ( 5536 3984 96 ) ( 4864 5376 96 ) 128_cyan_2 [ 0.4347490658311758 -0.9005516363645785 0 0 ] [ 0 0 -1 0 ] 0 1 1
( 4864 5376 0 ) ( 5536 3984 0 ) ( 5728 4080 0 ) 128_cyan_2 [ -1 0 0 0 ] [ -0 -1 -0 0 ] 0 1 1
( 4864 5376 64 ) ( 5728 4080 64 ) ( 5536 3984 64 ) 128_cyan_2 [ 1 0 0 0 ] [ 0 -1 0 0 ] 0 1 1
( 5536 3984 128 ) ( 5728 4080 96 ) ( 5536 3984 96 ) 128_cyan_2 [ 0.894427190999916 0.447213595499958 -0 0 ] [ 0 -0 -1 0 ] 0 1 1
( 4864 5376 128 ) ( 5728 4080 96 ) ( 5728 4080 128 ) 128_cyan_2 [ -0.5547001962252291 0.8320502943378437 0 0 ] [ 0 0 -1 0 ] 0 1 1
}
// brush 8
{
( 4864 5376 128 ) ( 5344 3912 96 ) ( 4864 5376 96 ) 128_cyan_2 [ 0.31155066917163865 -0.9502295409734978 0 0 ] [ 0 0 -1 0 ] 0 1 1
( 4864 5376 0 ) ( 5344 3912 0 ) ( 5536 3984 0 ) 128_cyan_2 [ -1 0 0 0 ] [ -0 -1 -0 0 ] 0 1 1
( 4864 5376 64 ) ( 5536 3984 64 ) ( 5344 3912 64 ) 128_cyan_2 [ 1 0 0 0 ] [ 0 -1 0 0 ] 0 1 1
( 5344 3912 128 ) ( 5536 3984 96 ) ( 5344 3912 96 ) 128_cyan_2 [ 0.9363291775690445 0.3511234415883917 -0 0 ] [ 0 -0 -1 0 ] 0 1 1
( 4864 5376 128 ) ( 5536 3984 96 ) ( 5536 3984 128 ) 128_cyan_2 [ -0.4347490658311758 0.9005516363645785 0 0 ] [ 0 0 -1 0 ] 0 1 1
}
// brush 9
{
( 4864 5376 128 ) ( 5152 3864 96 ) ( 4864 5376 96 ) 128_cyan_2 [ 0.1871121078899952 -0.9823385664224747 0 0 ] [ 0 0 -1 0 ] 0 1 1
( 4864 5376 0 ) ( 5152 3864 0 ) ( 5344 3912 0 ) 128_cyan_2 [ -1 0 0 0 ] [ -0 -1 -0 0 ] 0 1 1
( 4864 5376 64 ) ( 5344 3912 64 ) ( 5152 3864 64 ) 128_cyan_2 [ 1 0 0 0 ] [ 0 -1 0 0 ] 0 1 1
( 5152 3864 128 ) ( 5344 3912 96 ) ( 5152 3864 96 ) 128_cyan_2 [ 0.970142500145332 0.242535625036333 -0 0 ] [ 0 -0 -1 0 ] 0 1 1
( 4864 5376 128 ) ( 5344 3912 96 ) ( 5344 3912 128 ) 128_cyan_2 [ -0.31155066917163865 0.9502295409734978 0 0 ] [ 0 0 -1 0 ] 0 1 1
}
// brush 10
{
( 4864 5376 128 ) ( 4960 3840 96 ) ( 4864 5376 96 ) 128_cyan_2 [ 0.06237828615518054 -0.9980525784828886 0 0 ] [ 0 0 -1 0 ] 0 1 1
( 4864 5376 0 ) ( 4960 3840 0 ) ( 5152 3864 0 ) 128_cyan_2 [ -1 0 0 0 ] [ -0 -1 -0 0 ] 0 1 1
( 4864 5376 64 ) ( 5152 3864 64 ) ( 4960 3840 64 ) 128_cyan_2 [ 1 0 0 0 ] [ 0 -1 0 0 ] 0 1 1
( 5152 3864 96 ) ( 4960 3840 128 ) ( 5152 3864 128 ) 128_cyan_2 [ 0.9922778767136677 0.12403473458920847 -0 0 ] [ 0 -0 -1 0 ] 0 1 1
( 4864 5376 128 ) ( 5152 3864 96 ) ( 5152 3864 128 ) 128_cyan_2 [ -0.1871121078899952 0.9823385664224747 0 0 ] [ 0 0 -1 0 ] 0 1 1
}
// brush 11
{
( 4768 3840 96 ) ( 4864 5376 96 ) ( 4864 5376 128 ) 128_cyan_2 [ -0.06237828615518054 -0.9980525784828886 0 0 ] [ -0 0 -1 0 ] 0 1 1
( 4960 3840 128 ) ( 4960 3840 96 ) ( 4768 3840 96 ) 128_cyan_2 [ 1 0 -0 0 ] [ -0 0 -1 0 ] 0 1 1
( 4960 3840 0 ) ( 4864 5376 0 ) ( 4768 3840 0 ) 128_cyan_2 [ -1 0 0 0 ] [ -0 -1 -0 0 ] 0 1 1
( 4960 3840 64 ) ( 4768 3840 64 ) ( 4864 5376 64 ) 128_cyan_2 [ 1 0 0 0 ] [ 0 -1 0 0 ] 0 1 1
( 4960 3840 128 ) ( 4864 5376 128 ) ( 4864 5376 96 ) 128_cyan_2 [ -0.06237828615518054 0.9980525784828886 0 0 ] [ 0 0 -1 0 ] 0 1 1
}
// brush 12
{
( 4864 5376 128 ) ( 3832 4200 128 ) ( 3832 4200 96 ) 128_cyan_2 [ -0.6595898904087386 -0.751625689070423 0 0 ] [ -0 0 -1 0 ] 0 1 1
( 4000 4080 128 ) ( 4000 4080 96 ) ( 3832 4200 96 ) 128_cyan_2 [ 0.813733471206735 -0.5812381937190965 0 0 ] [ 0 0 -1 0 ] 0 1 1
( 4864 5376 0 ) ( 3832 4200 0 ) ( 4000 4080 0 ) 128_cyan_2 [ -1 0 0 0 ] [ -0 -1 -0 0 ] 0 1 1
( 4864 5376 64 ) ( 4000 4080 64 ) ( 3832 4200 64 ) 128_cyan_2 [ 1 0 0 0 ] [ 0 -1 0 0 ] 0 1 1
( 4864 5376 128 ) ( 4864 5376 96 ) ( 4000 4080 96 ) 128_cyan_2 [ 0.5547001962252291 0.8320502943378437 -0 0 ] [ 0 -0 -1 0 ] 0 1 1
}
// brush 13
{
( 4864 5376 128 ) ( 4384 3912 128 ) ( 4384 3912 96 ) 128_cyan_2 [ -0.31155066917163865 -0.9502295409734978 0 0 ] [ -0 0 -1 0 ] 0 1 1
( 4576 3864 128 ) ( 4576 3864 96 ) ( 4384 3912 96 ) 128_cyan_2 [ 0.970142500145332 -0.242535625036333 0 0 ] [ 0 0 -1 0 ] 0 1 1
( 4864 5376 0 ) ( 4384 3912 0 ) ( 4576 3864 0 ) 128_cyan_2 [ -1 0 0 0 ] [ -0 -1 -0 0 ] 0 1 1
( 4864 5376 64 ) ( 4576 3864 64 ) ( 4384 3912 64 ) 128_cyan_2 [ 1 0 0 0 ] [ 0 -1 0 0 ] 0 1 1
( 4864 5376 128 ) ( 4864 5376 96 ) ( 4576 3864 96 ) 128_cyan_2 [ 0.1871121078899952 0.9823385664224747 -0 0 ] [ 0 -0 -1 0 ] 0 1 1
}
// brush 14
{
( 3328 5280 128 ) ( 3352 5088 128 ) ( 3352 5088 96 ) 128_cyan_2 [ 0.12403473458920847 -0.9922778767136677 0 0 ] [ 0 -0 -1 0 ] 0 1 1
( 4864 5376 128 ) ( 3328 5280 128 ) ( 3328 5280 96 ) 128_cyan_2 [ -0.9980525784828886 -0.06237828615518054 0 0 ] [ -0 0 -1 0 ] 0 1 1
( 4864 5376 0 ) ( 3328 5280 0 ) ( 3352 5088 0 ) 128_cyan_2 [ -1 0 0 0 ] [ -0 -1 -0 0 ] 0 1 1
( 4864 5376 64 ) ( 3352 5088 64 ) ( 3328 5280 64 ) 128_cyan_2 [ 1 0 0 0 ] [ 0 -1 0 0 ] 0 1 1
( 4864 5376 128 ) ( 4864 5376 96 ) ( 3352 5088 96 ) 128_cyan_2 [ 0.9823385664224747 0.1871121078899952 -0 0 ] [ 0 -0 -1 0 ] 0 1 1
}
// brush 15
{
( 3352 5088 128 ) ( 3400 4896 128 ) ( 3400 4896 96 ) 128_cyan_2 [ 0.242535625036333 -0.970142500145332 0 0 ] [ 0 -0 -1 0 ] 0 1 1
( 4864 5376 128 ) ( 3352 5088 128 ) ( 3352 5088 96 ) 128_cyan_2 [ -0.9823385664224747 -0.1871121078899952 0 0 ] [ -0 0 -1 0 ] 0 1 1
( 4864 5376 0 ) ( 3352 5088 0 ) ( 3400 4896 0 ) 128_cyan_2 [ -1 0 0 0 ] [ -0 -1 -0 0 ] 0 1 1
( 4864 5376 64 ) ( 3400 4896 64 ) ( 3352 5088 64 ) 128_cyan_2 [ 1 0 0 0 ] [ 0 -1 0 0 ] 0 1 1
( 4864 5376 128 ) ( 4864 5376 96 ) ( 3400 4896 96 ) 128_cyan_2 [ 0.9502295409734978 0.31155066917163865 -0 0 ] [ 0 -0 -1 0 ] 0 1 1
}
// brush 16
{
( 3400 4896 128 ) ( 3472 4704 128 ) ( 3472 4704 96 ) 128_cyan_2 [ 0.3511234415883917 -0.9363291775690445 0 0 ] [ 0 -0 -1 0 ] 0 1 1
( 4864 5376 128 ) ( 3400 4896 128 ) ( 3400 4896 96 ) 128_cyan_2 [ -0.9502295409734978 -0.31155066917163865 0 0 ] [ -0 0 -1 0 ] 0 1 1
( 4864 5376 0 ) ( 3400 4896 0 ) ( 3472 4704 0 ) 128_cyan_2 [ -1 0 0 0 ] [ -0 -1 -0 0 ] 0 1 1
( 4864 5376 64 ) ( 3472 4704 64 ) ( 3400 4896 64 ) 128_cyan_2 [ 1 0 0 0 ] [ 0 -1 0 0 ] 0 1 1
( 4864 5376 128 ) ( 4864 5376 96 ) ( 3472 4704 96 ) 128_cyan_2 [ 0.9005516363645785 0.4347490658311758 -0 0 ] [ 0 -0 -1 0 ] 0 1 1
}
// brush 17
{
( 3472 4704 128 ) ( 3568 4512 128 ) ( 3568 4512 96 ) 128_cyan_2 [ 0.447213595499958 -0.894427190999916 0 0 ] [ 0 -0 -1 0 ] 0 1 1
( 4864 5376 128 ) ( 3472 4704 128 ) ( 3472 4704 96 ) 128_cyan_2 [ -0.9005516363645785 -0.4347490658311758 0 0 ] [ -0 0 -1 0 ] 0 1 1
( 4864 5376 0 ) ( 3472 4704 0 ) ( 3568 4512 0 ) 128_cyan_2 [ -1 0 0 0 ] [ -0 -1 -0 0 ] 0 1 1
( 4864 5376 64 ) ( 3568 4512 64 ) ( 3472 4704 64 ) 128_cyan_2 [ 1 0 0 0 ] [ 0 -1 0 0 ] 0 1 1
( 4864 5376 128 ) ( 4864 5376 96 ) ( 3568 4512 96 ) 128_cyan_2 [ 0.8320502943378437 0.5547001962252291 -0 0 ] [ 0 -0 -1 0 ] 0 1 1
}
// brush 18
{
( 3688 4344 128 ) ( 3688 4344 96 ) ( 3568 4512 96 ) 128_cyan_2 [ 0.5812381937190965 -0.813733471206735 0 0 ] [ 0 0 -1 0 ] 0 1 1
( 4864 5376 128 ) ( 3568 4512 128 ) ( 3568 4512 96 ) 128_cyan_2 [ -0.8320502943378437 -0.5547001962252291 0 0 ] [ -0 0 -1 0 ] 0 1 1
( 4864 5376 0 ) ( 3568 4512 0 ) ( 3688 4344 0 ) 128_cyan_2 [ -1 0 0 0 ] [ -0 -1 -0 0 ] 0 1 1
( 4864 5376 64 ) ( 3688 4344 64 ) ( 3568 4512 64 ) 128_cyan_2 [ 1 0 0 0 ] [ 0 -1 0 0 ] 0 1 1
( 4864 5376 128 ) ( 4864 5376 96 ) ( 3688 4344 96 ) 128_cyan_2 [ 0.751625689070423 0.6595898904087386 -0 0 ] [ 0 -0 -1 0 ] 0 1 1
}
// brush 19
{
( 3832 4200 128 ) ( 3832 4200 96 ) ( 3688 4344 96 ) 128_cyan_2 [ 0.7071067811865476 -0.7071067811865476 0 0 ] [ 0 0 -1 0 ] 0 1 1
( 4864 5376 128 ) ( 3688 4344 128 ) ( 3688 4344 96 ) 128_cyan_2 [ -0.751625689070423 -0.6595898904087386 0 0 ] [ -0 0 -1 0 ] 0 1 1
( 4864 5376 0 ) ( 3688 4344 0 ) ( 3832 4200 0 ) 128_cyan_2 [ -1 0 0 0 ] [ -0 -1 -0 0 ] 0 1 1
( 4864 5376 64 ) ( 3832 4200 64 ) ( 3688 4344 64 ) 128_cyan_2 [ 1 0 0 0 ] [ 0 -1 0 0 ] 0 1 1
( 4864 5376 128 ) ( 4864 5376 96 ) ( 3832 4200 96 ) 128_cyan_2 [ 0.6595898904087386 0.751625689070423 -0 0 ] [ 0 -0 -1 0 ] 0 1 1
}
// brush 20
{
( 4864 5376 128 ) ( 4000 4080 128 ) ( 4000 4080 96 ) 128_cyan_2 [ -0.5547001962252291 -0.8320502943378437 0 0 ] [ -0 0 -1 0 ] 0 1 1
( 4192 3984 128 ) ( 4192 3984 96 ) ( 4000 4080 96 ) 128_cyan_2 [ 0.894427190999916 -0.447213595499958 0 0 ] [ 0 0 -1 0 ] 0 1 1
( 4864 5376 0 ) ( 4000 4080 0 ) ( 4192 3984 0 ) 128_cyan_2 [ -1 0 0 0 ] [ -0 -1 -0 0 ] 0 1 1
( 4864 5376 64 ) ( 4192 3984 64 ) ( 4000 4080 64 ) 128_cyan_2 [ 1 0 0 0 ] [ 0 -1 0 0 ] 0 1 1
( 4864 5376 128 ) ( 4864 5376 96 ) ( 4192 3984 96 ) 128_cyan_2 [ 0.4347490658311758 0.9005516363645785 -0 0 ] [ 0 -0 -1 0 ] 0 1 1
}
// brush 21
{
( 4864 5376 128 ) ( 4192 3984 128 ) ( 4192 3984 96 ) 128_cyan_2 [ -0.4347490658311758 -0.9005516363645785 0 0 ] [ -0 0 -1 0 ] 0 1 1
( 4384 3912 128 ) ( 4384 3912 96 ) ( 4192 3984 96 ) 128_cyan_2 [ 0.9363291775690445 -0.3511234415883917 0 0 ] [ 0 0 -1 0 ] 0 1 1
( 4864 5376 0 ) ( 4192 3984 0 ) ( 4384 3912 0 ) 128_cyan_2 [ -1 0 0 0 ] [ -0 -1 -0 0 ] 0 1 1
( 4864 5376 64 ) ( 4384 3912 64 ) ( 4192 3984 64 ) 128_cyan_2 [ 1 0 0 0 ] [ 0 -1 0 0 ] 0 1 1
( 4864 5376 128 ) ( 4864 5376 96 ) ( 4384 3912 96 ) 128_cyan_2 [ 0.31155066917163865 0.9502295409734978 -0 0 ] [ 0 -0 -1 0 ] 0 1 1
}
// brush 22
{
( 4864 5376 128 ) ( 4576 3864 128 ) ( 4576 3864 96 ) 128_cyan_2 [ -0.1871121078899952 -0.9823385664224747 0 0 ] [ -0 0 -1 0 ] 0 1 1
( 4576 3864 96 ) ( 4576 3864 128 ) ( 4768 3840 128 ) 128_cyan_2 [ 0.9922778767136677 -0.12403473458920847 0 0 ] [ 0 -0 -1 0 ] 0 1 1
( 4864 5376 0 ) ( 4576 3864 0 ) ( 4768 3840 0 ) 128_cyan_2 [ -1 0 0 0 ] [ -0 -1 -0 0 ] 0 1 1
( 4864 5376 64 ) ( 4768 3840 64 ) ( 4576 3864 64 ) 128_cyan_2 [ 1 0 0 0 ] [ 0 -1 0 0 ] 0 1 1
( 4864 5376 128 ) ( 4864 5376 96 ) ( 4768 3840 96 ) 128_cyan_2 [ 0.06237828615518054 0.9980525784828886 -0 0 ] [ 0 -0 -1 0 ] 0 1 1
}
// brush 23
{
( 3688 6408 128 ) ( 3568 6240 96 ) ( 3688 6408 96 ) 128_cyan_2 [ -0.5812381937190965 -0.813733471206735 0 0 ] [ -0 0 -1 0 ] 0 1 1
( 4864 5376 128 ) ( 3568 6240 96 ) ( 3568 6240 128 ) 128_cyan_2 [ 0.8320502943378437 -0.5547001962252291 0 0 ] [ 0 -0 -1 0 ] 0 1 1
( 4864 5376 0 ) ( 3688 6408 0 ) ( 3568 6240 0 ) 128_cyan_2 [ -1 0 0 0 ] [ -0 -1 -0 0 ] 0 1 1
( 4864 5376 64 ) ( 3568 6240 64 ) ( 3688 6408 64 ) 128_cyan_2 [ 1 0 0 0 ] [ 0 -1 0 0 ] 0 1 1
( 4864 5376 128 ) ( 3688 6408 96 ) ( 4864 5376 96 ) 128_cyan_2 [ -0.751625689070423 0.6595898904087386 0 0 ] [ 0 0 -1 0 ] 0 1 1
}
// brush 24
{
( 4864 5376 128 ) ( 3832 6552 96 ) ( 3832 6552 128 ) 128_cyan_2 [ 0.6595898904087386 -0.751625689070423 0 0 ] [ 0 -0 -1 0 ] 0 1 1
( 4000 6672 128 ) ( 3832 6552 96 ) ( 4000 6672 96 ) 128_cyan_2 [ -0.813733471206735 -0.5812381937190965 0 0 ] [ -0 0 -1 0 ] 0 1 1
( 4864 5376 0 ) ( 4000 6672 0 ) ( 3832 6552 0 ) 128_cyan_2 [ -1 0 0 0 ] [ -0 -1 -0 0 ] 0 1 1
( 4864 5376 64 ) ( 3832 6552 64 ) ( 4000 6672 64 ) 128_cyan_2 [ 1 0 0 0 ] [ 0 -1 0 0 ] 0 1 1
( 4864 5376 128 ) ( 4000 6672 96 ) ( 4864 5376 96 ) 128_cyan_2 [ -0.5547001962252291 0.8320502943378437 0 0 ] [ 0 0 -1 0 ] 0 1 1
}
// brush 25
{
( 3328 5472 128 ) ( 3352 5664 96 ) ( 3352 5664 128 ) 128_cyan_2 [ -0.12403473458920847 -0.9922778767136677 0 0 ] [ -0 0 -1 0 ] 0 1 1
( 4864 5376 128 ) ( 3328 5472 96 ) ( 3328 5472 128 ) 128_cyan_2 [ 0.9980525784828886 -0.06237828615518054 0 0 ] [ 0 -0 -1 0 ] 0 1 1
( 4864 5376 0 ) ( 3352 5664 0 ) ( 3328 5472 0 ) 128_cyan_2 [ -1 0 0 0 ] [ -0 -1 -0 0 ] 0 1 1
( 4864 5376 64 ) ( 3328 5472 64 ) ( 3352 5664 64 ) 128_cyan_2 [ 1 0 0 0 ] [ 0 -1 0 0 ] 0 1 1
( 4864 5376 128 ) ( 3352 5664 96 ) ( 4864 5376 96 ) 128_cyan_2 [ -0.9823385664224747 0.1871121078899952 0 0 ] [ 0 0 -1 0 ] 0 1 1
}
// brush 26
{
( 3352 5664 128 ) ( 3400 5856 96 ) ( 3400 5856 128 ) 128_cyan_2 [ -0.242535625036333 -0.970142500145332 0 0 ] [ -0 0 -1 0 ] 0 1 1
( 4864 5376 128 ) ( 3352 5664 96 ) ( 3352 5664 128 ) 128_cyan_2 [ 0.9823385664224747 -0.1871121078899952 0 0 ] [ 0 -0 -1 0 ] 0 1 1
( 4864 5376 0 ) ( 3400 5856 0 ) ( 3352 5664 0 ) 128_cyan_2 [ -1 0 0 0 ] [ -0 -1 -0 0 ] 0 1 1
( 4864 5376 64 ) ( 3352 5664 64 ) ( 3400 5856 64 ) 128_cyan_2 [ 1 0 0 0 ] [ 0 -1 0 0 ] 0 1 1
( 4864 5376 128 ) ( 3400 5856 96 ) ( 4864 5376 96 ) 128_cyan_2 [ -0.9502295409734978 0.31155066917163865 0 0 ] [ 0 0 -1 0 ] 0 1 1
}
// brush 27
{
( 3400 5856 128 ) ( 3472 6048 96 ) ( 3472 6048 128 ) 128_cyan_2 [ -0.3511234415883917 -0.9363291775690445 0 0 ] [ -0 0 -1 0 ] 0 1 1
( 4864 5376 128 ) ( 3400 5856 96 ) ( 3400 5856 128 ) 128_cyan_2 [ 0.9502295409734978 -0.31155066917163865 0 0 ] [ 0 -0 -1 0 ] 0 1 1
( 4864 5376 0 ) ( 3472 6048 0 ) ( 3400 5856 0 ) 128_cyan_2 [ -1 0 0 0 ] [ -0 -1 -0 0 ] 0 1 1
( 4864 5376 64 ) ( 3400 5856 64 ) ( 3472 6048 64 ) 128_cyan_2 [ 1 0 0 0 ] [ 0 -1 0 0 ] 0 1 1
( 4864 5376 128 ) ( 3472 6048 96 ) ( 4864 5376 96 ) 128_cyan_2 [ -0.9005516363645785 0.4347490658311758 0 0 ] [ 0 0 -1 0 ] 0 1 1
}
// brush 28
{
( 3472 6048 128 ) ( 3568 6240 96 ) ( 3568 6240 128 ) 128_cyan_2 [ -0.447213595499958 -0.894427190999916 0 0 ] [ -0 0 -1 0 ] 0 1 1
( 4864 5376 128 ) ( 3472 6048 96 ) ( 3472 6048 128 ) 128_cyan_2 [ 0.9005516363645785 -0.4347490658311758 0 0 ] [ 0 -0 -1 0 ] 0 1 1
( 4864 5376 0 ) ( 3568 6240 0 ) ( 3472 6048 0 ) 128_cyan_2 [ -1 0 0 0 ] [ -0 -1 -0 0 ] 0 1 1
( 4864 5376 64 ) ( 3472 6048 64 ) ( 3568 6240 64 ) 128_cyan_2 [ 1 0 0 0 ] [ 0 -1 0 0 ] 0 1 1
( 4864 5376 128 ) ( 3568 6240 96 ) ( 4864 5376 96 ) 128_cyan_2 [ -0.8320502943378437 0.5547001962252291 0 0 ] [ 0 0 -1 0 ] 0 1 1
}
// brush 29
{
( 3832 6552 128 ) ( 3688 6408 96 ) ( 3832 6552 96 ) 128_cyan_2 [ -0.7071067811865476 -0.7071067811865476 0 0 ] [ -0 0 -1 0 ] 0 1 1
( 4864 5376 128 ) ( 3688 6408 96 ) ( 3688 6408 128 ) 128_cyan_2 [ 0.751625689070423 -0.6595898904087386 0 0 ] [ 0 -0 -1 0 ] 0 1 1
( 4864 5376 0 ) ( 3832 6552 0 ) ( 3688 6408 0 ) 128_cyan_2 [ -1 0 0 0 ] [ -0 -1 -0 0 ] 0 1 1
( 4864 5376 64 ) ( 3688 6408 64 ) ( 3832 6552 64 ) 128_cyan_2 [ 1 0 0 0 ] [ 0 -1 0 0 ] 0 1 1
( 4864 5376 128 ) ( 3832 6552 96 ) ( 4864 5376 96 ) 128_cyan_2 [ -0.6595898904087386 0.751625689070423 0 0 ] [ 0 0 -1 0 ] 0 1 1
}
// brush 30
{
( 4864 5376 128 ) ( 4000 6672 96 ) ( 4000 6672 128 ) 128_cyan_2 [ 0.5547001962252291 -0.8320502943378437 0 0 ] [ 0 -0 -1 0 ] 0 1 1
( 4192 6768 128 ) ( 4000 6672 96 ) ( 4192 6768 96 ) 128_cyan_2 [ -0.894427190999916 -0.447213595499958 0 0 ] [ -0 0 -1 0 ] 0 1 1
( 4864 5376 0 ) ( 4192 6768 0 ) ( 4000 6672 0 ) 128_cyan_2 [ -1 0 0 0 ] [ -0 -1 -0 0 ] 0 1 1
( 4864 5376 64 ) ( 4000 6672 64 ) ( 4192 6768 64 ) 128_cyan_2 [ 1 0 0 0 ] [ 0 -1 0 0 ] 0 1 1
( 4864 5376 128 ) ( 4192 6768 96 ) ( 4864 5376 96 ) 128_cyan_2 [ -0.4347490658311758 0.9005516363645785 0 0 ] [ 0 0 -1 0 ] 0 1 1
}
// brush 31
{
( 4864 5376 128 ) ( 4192 6768 96 ) ( 4192 6768 128 ) 128_cyan_2 [ 0.4347490658311758 -0.9005516363645785 0 0 ] [ 0 -0 -1 0 ] 0 1 1
( 4384 6840 128 ) ( 4192 6768 96 ) ( 4384 6840 96 ) 128_cyan_2 [ -0.9363291775690445 -0.3511234415883917 0 0 ] [ -0 0 -1 0 ] 0 1 1
( 4864 5376 0 ) ( 4384 6840 0 ) ( 4192 6768 0 ) 128_cyan_2 [ -1 0 0 0 ] [ -0 -1 -0 0 ] 0 1 1
( 4864 5376 64 ) ( 4192 6768 64 ) ( 4384 6840 64 ) 128_cyan_2 [ 1 0 0 0 ] [ 0 -1 0 0 ] 0 1 1
( 4864 5376 128 ) ( 4384 6840 96 ) ( 4864 5376 96 ) 128_cyan_2 [ -0.31155066917163865 0.9502295409734978 0 0 ] [ 0 0 -1 0 ] 0 1 1
}
// brush 32
{
( 4864 5376 128 ) ( 4384 6840 96 ) ( 4384 6840 128 ) 128_cyan_2 [ 0.31155066917163865 -0.9502295409734978 0 0 ] [ 0 -0 -1 0 ] 0 1 1
( 4576 6888 128 ) ( 4384 6840 96 ) ( 4576 6888 96 ) 128_cyan_2 [ -0.970142500145332 -0.242535625036333 0 0 ] [ -0 0 -1 0 ] 0 1 1
( 4864 5376 0 ) ( 4576 6888 0 ) ( 4384 6840 0 ) 128_cyan_2 [ -1 0 0 0 ] [ -0 -1 -0 0 ] 0 1 1
( 4864 5376 64 ) ( 4384 6840 64 ) ( 4576 6888 64 ) 128_cyan_2 [ 1 0 0 0 ] [ 0 -1 0 0 ] 0 1 1
( 4864 5376 128 ) ( 4576 6888 96 ) ( 4864 5376 96 ) 128_cyan_2 [ -0.1871121078899952 0.9823385664224747 0 0 ] [ 0 0 -1 0 ] 0 1 1
}
// brush 33
{
( 4864 5376 128 ) ( 4576 6888 96 ) ( 4576 6888 128 ) 128_cyan_2 [ 0.1871121078899952 -0.9823385664224747 0 0 ] [ 0 -0 -1 0 ] 0 1 1
( 4576 6888 96 ) ( 4768 6912 128 ) ( 4576 6888 128 ) 128_cyan_2 [ -0.9922778767136677 -0.12403473458920847 0 0 ] [ -0 0 -1 0 ] 0 1 1
( 4864 5376 0 ) ( 4768 6912 0 ) ( 4576 6888 0 ) 128_cyan_2 [ -1 0 0 0 ] [ -0 -1 -0 0 ] 0 1 1
( 4864 5376 64 ) ( 4576 6888 64 ) ( 4768 6912 64 ) 128_cyan_2 [ 1 0 0 0 ] [ 0 -1 0 0 ] 0 1 1
( 4864 5376 128 ) ( 4768 6912 96 ) ( 4864 5376 96 ) 128_cyan_2 [ -0.06237828615518054 0.9980525784828886 0 0 ] [ 0 0 -1 0 ] 0 1 1
}
// brush 34
{
( 3328 5280 128 ) ( 3328 5472 96 ) ( 3328 5472 128 ) 128_cyan_2 [ 0 -1 0 0 ] [ -0 -0 -1 0 ] 0 1 1
( 4864 5376 0 ) ( 3328 5472 0 ) ( 3328 5280 0 ) 128_cyan_2 [ -1 0 0 0 ] [ -0 -1 0 0 ] 0 1 1
( 4864 5376 64 ) ( 3328 5280 64 ) ( 3328 5472 64 ) 128_cyan_2 [ 1 0 0 0 ] [ 0 -1 0 0 ] 0 1 1
( 4864 5376 128 ) ( 3328 5280 96 ) ( 3328 5280 128 ) 128_cyan_2 [ 0.9980525784828886 0.06237828615518054 -0 0 ] [ 0 -0 -1 0 ] 0 1 1
( 4864 5376 128 ) ( 3328 5472 96 ) ( 4864 5376 96 ) 128_cyan_2 [ -0.9980525784828886 0.06237828615518054 0 0 ] [ 0 0 -1 0 ] 0 1 1
}
// brush 35
{
( 4864 5376 128 ) ( 4864 5376 96 ) ( 6160 6240 96 ) 128_cyan_2 [ -0.8320502943378437 -0.5547001962252291 0 0 ] [ -0 0 -1 0 ] 0 1 1
( 4864 5376 0 ) ( 6256 6048 0 ) ( 6160 6240 0 ) 128_cyan_2 [ -1 0 0 0 ] [ -0 -1 -0 0 ] 0 1 1
( 4864 5376 64 ) ( 6160 6240 64 ) ( 6256 6048 64 ) 128_cyan_2 [ 1 0 0 0 ] [ 0 -1 0 0 ] 0 1 1
( 4864 5376 128 ) ( 6256 6048 128 ) ( 6256 6048 96 ) 128_cyan_2 [ 0.9005516363645785 0.4347490658311758 -0 0 ] [ 0 -0 -1 0 ] 0 1 1
( 6256 6048 128 ) ( 6160 6240 128 ) ( 6160 6240 96 ) 128_cyan_2 [ -0.447213595499958 0.894427190999916 0 0 ] [ 0 0 -1 0 ] 0 1 1
}
// brush 36
{
( 4864 5376 128 ) ( 4864 5376 96 ) ( 6376 5664 96 ) 128_cyan_2 [ -0.9823385664224747 -0.1871121078899952 0 0 ] [ -0 0 -1 0 ] 0 1 1
( 4864 5376 0 ) ( 6400 5472 0 ) ( 6376 5664 0 ) 128_cyan_2 [ -1 0 0 0 ] [ -0 -1 -0 0 ] 0 1 1
( 4864 5376 64 ) ( 6376 5664 64 ) ( 6400 5472 64 ) 128_cyan_2 [ 1 0 0 0 ] [ 0 -1 0 0 ] 0 1 1
( 4864 5376 128 ) ( 6400 5472 128 ) ( 6400 5472 96 ) 128_cyan_2 [ 0.9980525784828886 0.06237828615518054 -0 0 ] [ 0 -0 -1 0 ] 0 1 1
( 6400 5472 128 ) ( 6376 5664 128 ) ( 6376 5664 96 ) 128_cyan_2 [ -0.12403473458920847 0.9922778767136677 0 0 ] [ 0 0 -1 0 ] 0 1 1
}
// brush 37
{
( 4864 5376 128 ) ( 4864 5376 96 ) ( 6328 5856 96 ) 128_cyan_2 [ -0.9502295409734978 -0.31155066917163865 0 0 ] [ -0 0 -1 0 ] 0 1 1
( 4864 5376 0 ) ( 6376 5664 0 ) ( 6328 5856 0 ) 128_cyan_2 [ -1 0 0 0 ] [ -0 -1 -0 0 ] 0 1 1
( 4864 5376 64 ) ( 6328 5856 64 ) ( 6376 5664 64 ) 128_cyan_2 [ 1 0 0 0 ] [ 0 -1 0 0 ] 0 1 1
( 4864 5376 128 ) ( 6376 5664 128 ) ( 6376 5664 96 ) 128_cyan_2 [ 0.9823385664224747 0.1871121078899952 -0 0 ] [ 0 -0 -1 0 ] 0 1 1
( 6376 5664 128 ) ( 6328 5856 128 ) ( 6328 5856 96 ) 128_cyan_2 [ -0.242535625036333 0.970142500145332 0 0 ] [ 0 0 -1 0 ] 0 1 1
}
// brush 38
{
( 4864 5376 128 ) ( 4864 5376 96 ) ( 6256 6048 96 ) 128_cyan_2 [ -0.9005516363645785 -0.4347490658311758 0 0 ] [ -0 0 -1 0 ] 0 1 1
( 4864 5376 0 ) ( 6328 5856 0 ) ( 6256 6048 0 ) 128_cyan_2 [ -1 0 0 0 ] [ -0 -1 -0 0 ] 0 1 1
( 4864 5376 64 ) ( 6256 6048 64 ) ( 6328 5856 64 ) 128_cyan_2 [ 1 0 0 0 ] [ 0 -1 0 0 ] 0 1 1
( 4864 5376 128 ) ( 6328 5856 128 ) ( 6328 5856 96 ) 128_cyan_2 [ 0.9502295409734978 0.31155066917163865 -0 0 ] [ 0 -0 -1 0 ] 0 1 1
( 6328 5856 128 ) ( 6256 6048 128 ) ( 6256 6048 96 ) 128_cyan_2 [ -0.3511234415883917 0.9363291775690445 0 0 ] [ 0 0 -1 0 ] 0 1 1
}
// brush 39
{
( 4864 5376 128 ) ( 4864 5376 96 ) ( 6040 6408 96 ) 128_cyan_2 [ -0.751625689070423 -0.6595898904087386 0 0 ] [ -0 0 -1 0 ] 0 1 1
( 4864 5376 0 ) ( 6160 6240 0 ) ( 6040 6408 0 ) 128_cyan_2 [ -1 0 0 0 ] [ -0 -1 -0 0 ] 0 1 1
( 4864 5376 64 ) ( 6040 6408 64 ) ( 6160 6240 64 ) 128_cyan_2 [ 1 0 0 0 ] [ 0 -1 0 0 ] 0 1 1
( 4864 5376 128 ) ( 6160 6240 128 ) ( 6160 6240 96 ) 128_cyan_2 [ 0.8320502943378437 0.5547001962252291 -0 0 ] [ 0 -0 -1 0 ] 0 1 1
( 6040 6408 128 ) ( 6040 6408 96 ) ( 6160 6240 96 ) 128_cyan_2 [ -0.5812381937190965 0.813733471206735 0 0 ] [ 0 0 -1 0 ] 0 1 1
}
// brush 40
{
( 4864 5376 128 ) ( 4864 5376 96 ) ( 5896 6552 96 ) 128_cyan_2 [ -0.6595898904087386 -0.751625689070423 0 0 ] [ -0 0 -1 0 ] 0 1 1
( 4864 5376 0 ) ( 6040 6408 0 ) ( 5896 6552 0 ) 128_cyan_2 [ -1 0 0 0 ] [ -0 -1 -0 0 ] 0 1 1
( 4864 5376 64 ) ( 5896 6552 64 ) ( 6040 6408 64 ) 128_cyan_2 [ 1 0 0 0 ] [ 0 -1 0 0 ] 0 1 1
( 4864 5376 128 ) ( 6040 6408 128 ) ( 6040 6408 96 ) 128_cyan_2 [ 0.751625689070423 0.6595898904087386 -0 0 ] [ 0 -0 -1 0 ] 0 1 1
( 5896 6552 128 ) ( 5896 6552 96 ) ( 6040 6408 96 ) 128_cyan_2 [ -0.7071067811865476 0.7071067811865476 0 0 ] [ 0 0 -1 0 ] 0 1 1
}
// brush 41
{
( 4864 5376 128 ) ( 4864 5376 96 ) ( 5728 6672 96 ) 128_cyan_2 [ -0.5547001962252291 -0.8320502943378437 0 0 ] [ -0 0 -1 0 ] 0 1 1
( 4864 5376 0 ) ( 5896 6552 0 ) ( 5728 6672 0 ) 128_cyan_2 [ -1 0 0 0 ] [ -0 -1 -0 0 ] 0 1 1
( 4864 5376 64 ) ( 5728 6672 64 ) ( 5896 6552 64 ) 128_cyan_2 [ 1 0 0 0 ] [ 0 -1 0 0 ] 0 1 1
( 5728 6672 128 ) ( 5728 6672 96 ) ( 5896 6552 96 ) 128_cyan_2 [ -0.813733471206735 0.5812381937190965 0 0 ] [ 0 0 -1 0 ] 0 1 1
( 4864 5376 128 ) ( 5896 6552 128 ) ( 5896 6552 96 ) 128_cyan_2 [ 0.6595898904087386 0.751625689070423 -0 0 ] [ 0 -0 -1 0 ] 0 1 1
}
// brush 42
{
( 4864 5376 128 ) ( 4864 5376 96 ) ( 5536 6768 96 ) 128_cyan_2 [ -0.4347490658311758 -0.9005516363645785 0 0 ] [ -0 0 -1 0 ] 0 1 1
( 4864 5376 0 ) ( 5728 6672 0 ) ( 5536 6768 0 ) 128_cyan_2 [ -1 0 0 0 ] [ -0 -1 -0 0 ] 0 1 1
( 4864 5376 64 ) ( 5536 6768 64 ) ( 5728 6672 64 ) 128_cyan_2 [ 1 0 0 0 ] [ 0 -1 0 0 ] 0 1 1
( 5536 6768 128 ) ( 5536 6768 96 ) ( 5728 6672 96 ) 128_cyan_2 [ -0.894427190999916 0.447213595499958 0 0 ] [ 0 0 -1 0 ] 0 1 1
( 4864 5376 128 ) ( 5728 6672 128 ) ( 5728 6672 96 ) 128_cyan_2 [ 0.5547001962252291 0.8320502943378437 -0 0 ] [ 0 -0 -1 0 ] 0 1 1
}
// brush 43
{
( 4864 5376 128 ) ( 4864 5376 96 ) ( 5344 6840 96 ) 128_cyan_2 [ -0.31155066917163865 -0.9502295409734978 0 0 ] [ -0 0 -1 0 ] 0 1 1
( 4864 5376 0 ) ( 5536 6768 0 ) ( 5344 6840 0 ) 128_cyan_2 [ -1 0 0 0 ] [ -0 -1 -0 0 ] 0 1 1
( 4864 5376 64 ) ( 5344 6840 64 ) ( 5536 6768 64 ) 128_cyan_2 [ 1 0 0 0 ] [ 0 -1 0 0 ] 0 1 1
( 5344 6840 128 ) ( 5344 6840 96 ) ( 5536 6768 96 ) 128_cyan_2 [ -0.9363291775690445 0.3511234415883917 0 0 ] [ 0 0 -1 0 ] 0 1 1
( 4864 5376 128 ) ( 5536 6768 128 ) ( 5536 6768 96 ) 128_cyan_2 [ 0.4347490658311758 0.9005516363645785 -0 0 ] [ 0 -0 -1 0 ] 0 1 1
}
// brush 44
{
( 4864 5376 128 ) ( 4864 5376 96 ) ( 5152 6888 96 ) 128_cyan_2 [ -0.1871121078899952 -0.9823385664224747 0 0 ] [ -0 0 -1 0 ] 0 1 1
( 4864 5376 0 ) ( 5344 6840 0 ) ( 5152 6888 0 ) 128_cyan_2 [ -1 0 0 0 ] [ -0 -1 -0 0 ] 0 1 1
( 4864 5376 64 ) ( 5152 6888 64 ) ( 5344 6840 64 ) 128_cyan_2 [ 1 0 0 0 ] [ 0 -1 0 0 ] 0 1 1
( 5152 6888 128 ) ( 5152 6888 96 ) ( 5344 6840 96 ) 128_cyan_2 [ -0.970142500145332 0.242535625036333 0 0 ] [ 0 0 -1 0 ] 0 1 1
( 4864 5376 128 ) ( 5344 6840 128 ) ( 5344 6840 96 ) 128_cyan_2 [ 0.31155066917163865 0.9502295409734978 -0 0 ] [ 0 -0 -1 0 ] 0 1 1
}
// brush 45
{
( 4864 5376 128 ) ( 4864 5376 96 ) ( 4960 6912 96 ) 128_cyan_2 [ -0.06237828615518054 -0.9980525784828886 0 0 ] [ -0 0 -1 0 ] 0 1 1
( 4864 5376 0 ) ( 5152 6888 0 ) ( 4960 6912 0 ) 128_cyan_2 [ -1 0 0 0 ] [ -0 -1 -0 0 ] 0 1 1
( 4864 5376 64 ) ( 4960 6912 64 ) ( 5152 6888 64 ) 128_cyan_2 [ 1 0 0 0 ] [ 0 -1 0 0 ] 0 1 1
( 5152 6888 96 ) ( 5152 6888 128 ) ( 4960 6912 128 ) 128_cyan_2 [ -0.9922778767136677 0.12403473458920847 0 0 ] [ -0 0 -1 0 ] 0 1 1
( 4864 5376 128 ) ( 5152 6888 128 ) ( 5152 6888 96 ) 128_cyan_2 [ 0.1871121078899952 0.9823385664224747 -0 0 ] [ 0 -0 -1 0 ] 0 1 1
}
// brush 46
{
( 4768 6912 96 ) ( 4864 5376 128 ) ( 4864 5376 96 ) 128_cyan_2 [ 0.06237828615518054 -0.9980525784828886 0 0 ] [ 0 -0 -1 0 ] 0 1 1
( 4960 6912 0 ) ( 4768 6912 0 ) ( 4864 5376 0 ) 128_cyan_2 [ -1 0 0 0 ] [ -0 -1 0 0 ] 0 1 1
( 4960 6912 64 ) ( 4864 5376 64 ) ( 4768 6912 64 ) 128_cyan_2 [ 1 0 0 0 ] [ 0 -1 0 0 ] 0 1 1
( 4960 6912 128 ) ( 4768 6912 96 ) ( 4960 6912 96 ) 128_cyan_2 [ -1 0 0 0 ] [ 0 0 -1 0 ] 0 1 1
( 4960 6912 128 ) ( 4864 5376 96 ) ( 4864 5376 128 ) 128_cyan_2 [ 0.06237828615518054 0.9980525784828886 -0 0 ] [ 0 -0 -1 0 ] 0 1 1
}
// brush 47
{
( 4864 5376 96 ) ( 6400 5280 128 ) ( 6400 5280 96 ) 128_cyan_2 [ 0.9980525784828886 -0.06237828615518054 0 0 ] [ 0 -0 -1 0 ] 0 1 1
( 6400 5472 128 ) ( 4864 5376 96 ) ( 6400 5472 96 ) 128_cyan_2 [ -0.9980525784828886 -0.06237828615518054 0 0 ] [ -0 0 -1 0 ] 0 1 1
( 6400 5472 0 ) ( 4864 5376 0 ) ( 6400 5280 0 ) 128_cyan_2 [ -1 0 -0 0 ] [ -0 -1 0 0 ] 0 1 1
( 6400 5472 64 ) ( 6400 5280 64 ) ( 4864 5376 64 ) 128_cyan_2 [ 1 0 0 0 ] [ 0 -1 0 0 ] 0 1 1
( 6400 5472 128 ) ( 6400 5280 96 ) ( 6400 5280 128 ) 128_cyan_2 [ 0 1 0 0 ] [ 0 0 -1 0 ] 0 1 1
}
}
