// entity 0
{
"classname" "func_group"
"_tb_type" "_tb_group"
"_tb_name" "6sided"
"_tb_id" "363670"
}
// entity 1
{
"classname" "func_group"
"_tb_type" "_tb_group"
"_tb_name" "6-segment"
"_tb_id" "363669"
"_tb_linked_group_id" "{@@@_REPLACE_ME_@@@}"
"_tb_transformation" "-1 1.2246467991473532e-16 0 128 -1.2246467991473532e-16 -1 0 -256 0 0 1 -128 0 0 0 1"
"_tb_group" "363670"
// brush 0
{
( -256 144 0 ) ( -256 -144 0 ) ( -256 -144 -128 ) __TB_empty [ -1.2246467991473532e-16 1 0 0 ] [ 0 0 -1 0 ] 0 1 1
( 0 0 0 ) ( -256 144 0 ) ( -256 -144 0 ) __TB_empty [ 0.8660254037844387 0.49999999999999994 0 0.99998474 ] [ 0.49999999999999994 -0.8660254037844386 0 0 ] 330 1 1
( 0 0 16 ) ( -256 -144 16 ) ( -256 144 16 ) __TB_empty [ 0.8660254037844387 0.49999999999999994 0 0.99998474 ] [ 0.49999999999999994 -0.8660254037844386 0 0 ] 330 1 1
( -256 -144 -128 ) ( -256 -144 0 ) ( 0 0 0 ) __TB_empty [ 0.8715755371245492 0.4902612396325591 0 0.79644775 ] [ 0 0 -1 0 ] 180 1 1
( -256 144 -128 ) ( 0 0 -128 ) ( 0 0 0 ) __TB_empty [ -0.8715755371245494 0.49026123963255885 0 -0.080200195 ] [ 0 0 -1 0 ] 0 1 1
( -128 144 0 ) ( -128 -144 -128 ) ( -128 -144 0 ) __TB_empty [ -1.2246467991473532e-16 1 0 0 ] [ 0 0 -1 0 ] 0 1 1
}
}
// entity 2
{
"classname" "func_group"
"_tb_type" "_tb_group"
"_tb_name" "6-segment"
"_tb_id" "363668"
"_tb_linked_group_id" "{@@@_REPLACE_ME_@@@}"
"_tb_transformation" "-0.4999999999999999 0.8888888888888892 0 291.55555555555554 -0.84375 -0.5000000000000002 0 -19.999999999999602 0 0 1 -128 0 0 0 1"
"_tb_group" "363670"
// brush 0
{
( -256 -144 0 ) ( 0 -288 0 ) ( 0 -288 -128 ) __TB_empty [ -0.8437499999999998 0.4999999999999997 0 0 ] [ 0 0 -1 0 ] 181.29291 1 1
( -256 -144 -128 ) ( 0 0 -128 ) ( 0 0 0 ) __TB_empty [ -0.8494456895022462 -0.5296031909610978 0 -0.080200195 ] [ 0 0 -1 0 ] 182.58452 1 1
( 0 0 0 ) ( -256 -144 0 ) ( 0 -288 0 ) __TB_empty [ 0.011137701892219798 1.0198003589195008 0 0.99998474 ] [ 0.98070893444312 0.011431742552225121 0 0 ] 30.667847 1 1
( 0 0 16 ) ( 0 -288 16 ) ( -256 -144 16 ) __TB_empty [ 0.011137701892219798 1.0198003589195008 0 0.99998474 ] [ 0.98070893444312 0.011431742552225121 0 0 ] 269.33215 1 1
( -192 -36 0 ) ( 64 -180 -128 ) ( 64 -180 0 ) __TB_empty [ -0.8437499999999998 0.4999999999999997 0 0 ] [ 0 0 -1 0 ] 181.29291 1 1
( 0 -288 -128 ) ( 0 -288 0 ) ( 0 0 0 ) __TB_empty [ 0.022129847622303245 1.0198644305936564 0 0.796463 ] [ 0 0 -1 0 ] 1.2430553 1 1
}
}
// entity 3
{
"classname" "func_group"
"_tb_type" "_tb_group"
"_tb_name" "6-segment"
"_tb_id" "363667"
"_tb_linked_group_id" "{@@@_REPLACE_ME_@@@}"
"_tb_transformation" "0.5 0.8888888888888892 0 163.55555555555554 -0.84375 0.5000000000000001 0 235.99999999999955 0 0 1 -128 0 0 0 1"
"_tb_group" "363670"
// brush 0
{
( 0 -288 -128 ) ( 0 0 -128 ) ( 0 0 0 ) __TB_empty [ 0.022129847622303134 -1.0198644305936566 0 0.9197998 ] [ 0 0 -1 0 ] 181.24306 1 1
( -64 -180 0 ) ( 192 -36 -128 ) ( 192 -36 0 ) __TB_empty [ -0.8437499999999998 -0.49999999999999983 0 0 ] [ 0 0 -1 0 ] 181.29291 1 1
( 0 0 0 ) ( 0 -288 0 ) ( 256 -144 0 ) __TB_empty [ -0.8548877018922192 0.5198003589195013 0 -0.99998474 ] [ 0.48070893444312013 0.8774571463366634 0 0 ] 91.28418 1 1
( 0 0 16 ) ( 256 -144 16 ) ( 0 -288 16 ) __TB_empty [ -0.8548877018922192 0.5198003589195013 0 -0.99998474 ] [ 0.48070893444312013 0.8774571463366634 0 0 ] 208.71584 1 1
( 0 -288 0 ) ( 256 -144 0 ) ( 256 -144 -128 ) __TB_empty [ -0.8437499999999998 -0.49999999999999983 0 0 ] [ 0 0 -1 0 ] 181.29291 1 1
( 256 -144 -128 ) ( 256 -144 0 ) ( 0 0 0 ) __TB_empty [ -0.8494456895022462 0.5296031909610978 0 -0.20355225 ] [ 0 0 -1 0 ] 2.5845134 1 1
}
}
// entity 4
{
"classname" "func_group"
"_tb_type" "_tb_group"
"_tb_name" "6-segment"
"_tb_id" "363665"
"_tb_linked_group_id" "{@@@_REPLACE_ME_@@@}"
"_tb_transformation" "1 0 0 -128 0 1 0 256 0 0 1 -128 0 0 0 1"
"_tb_group" "363670"
// brush 0
{
( 128 -144 0 ) ( 128 144 -128 ) ( 128 144 0 ) __TB_empty [ 0 -1 0 0 ] [ 0 0 -1 0 ] 180 1 1
( 256 -144 -128 ) ( 0 0 -128 ) ( 0 0 0 ) __TB_empty [ 0.8715755371245493 -0.49026123963255896 0 0.9197998 ] [ 0 0 -1 0 ] 180 1 1
( 256 144 -128 ) ( 256 144 0 ) ( 0 0 0 ) __TB_empty [ -0.8715755371245493 -0.49026123963255896 0 -0.20355225 ] [ 0 0 -1 0 ] 0 1 1
( 0 0 0 ) ( 256 -144 0 ) ( 256 144 0 ) __TB_empty [ -0.8660254037844388 -0.49999999999999983 0 0 ] [ -0.49999999999999983 0.8660254037844387 0 0 ] 150 1 1
( 0 0 16 ) ( 256 144 16 ) ( 256 -144 16 ) __TB_empty [ -0.8660254037844388 -0.49999999999999983 0 0 ] [ -0.49999999999999983 0.8660254037844387 0 0 ] 150 1 1
( 256 -144 0 ) ( 256 144 0 ) ( 256 144 -128 ) __TB_empty [ 0 -1 0 0 ] [ 0 0 -1 0 ] 180 1 1
}
}
// entity 5
{
"classname" "func_group"
"_tb_type" "_tb_group"
"_tb_name" "6-segment"
"_tb_id" "363664"
"_tb_linked_group_id" "{@@@_REPLACE_ME_@@@}"
"_tb_transformation" "0.5 -0.8888888888888892 0 -291.55555555555554 0.84375 0.5000000000000002 0 19.999999999999602 0 0 1 -128 0 0 0 1"
"_tb_group" "363670"
// brush 0
{
( 0 288 -128 ) ( 0 288 0 ) ( 0 0 0 ) __TB_empty [ -0.022129847622303245 -1.0198644305936566 0 -0.20355225 ] [ 0 0 -1 0 ] 1.2430553 1 1
( 192 36 0 ) ( -64 180 -128 ) ( -64 180 0 ) __TB_empty [ 0.8437499999999998 -0.49999999999999983 0 0 ] [ 0 0 -1 0 ] 181.29291 1 1
( 0 0 0 ) ( 256 144 0 ) ( 0 288 0 ) __TB_empty [ -0.011137701892219798 -1.019800358919501 0 0 ] [ -0.98070893444312 -0.011431742552225066 0 0 ] 210.66785 1 1
( 0 0 16 ) ( 0 288 16 ) ( 256 144 16 ) __TB_empty [ -0.011137701892219798 -1.019800358919501 0 0 ] [ -0.98070893444312 -0.011431742552225066 0 0 ] 89.33215 1 1
( 256 144 -128 ) ( 0 0 -128 ) ( 0 0 0 ) __TB_empty [ 0.8494456895022462 0.5296031909610978 0 0.9197998 ] [ 0 0 -1 0 ] 182.58452 1 1
( 256 144 0 ) ( 0 288 0 ) ( 0 288 -128 ) __TB_empty [ 0.8437499999999998 -0.49999999999999983 0 0 ] [ 0 0 -1 0 ] 181.29291 1 1
}
}
// entity 6
{
"classname" "func_group"
"_tb_type" "_tb_group"
"_tb_name" "6-segment"
"_tb_id" "363666"
"_tb_linked_group_id" "{@@@_REPLACE_ME_@@@}"
"_tb_transformation" "-0.49999999999999994 -0.8888888888888892 0 -163.5555555555556 0.84375 -0.5000000000000001 0 -235.99999999999955 0 0 1 -128 0 0 0 1"
"_tb_group" "363670"
// brush 0
{
( -256 144 -128 ) ( -256 144 0 ) ( 0 0 0 ) __TB_empty [ 0.8494456895022462 -0.5296031909610978 0 0.79644775 ] [ 0 0 -1 0 ] 2.5845134 1 1
( 0 288 0 ) ( -256 144 0 ) ( -256 144 -128 ) __TB_empty [ 0.8437499999999998 0.49999999999999983 0 0 ] [ 0 0 -1 0 ] 181.29291 1 1
( 0 0 0 ) ( 0 288 0 ) ( -256 144 0 ) __TB_empty [ 0.8548877018922192 -0.5198003589195013 0 0.99998474 ] [ -0.48070893444312013 -0.8774571463366634 0 -0.99998474 ] 271.28418 1 1
( 0 0 16 ) ( -256 144 16 ) ( 0 288 16 ) __TB_empty [ 0.8548877018922192 -0.5198003589195013 0 0.99998474 ] [ -0.48070893444312013 -0.8774571463366634 0 -0.99998474 ] 28.71582 1 1
( 64 180 0 ) ( -192 36 -128 ) ( -192 36 0 ) __TB_empty [ 0.8437499999999998 0.49999999999999983 0 0 ] [ 0 0 -1 0 ] 181.29291 1 1
( 0 288 -128 ) ( 0 0 -128 ) ( 0 0 0 ) __TB_empty [ -0.022129847622303134 1.0198644305936566 0 -0.080215454 ] [ 0 0 -1 0 ] 181.24306 1 1
}
}
