// entity 0
{
"classname" "func_group"
"_tb_type" "_tb_group"
"_tb_name" "Unnamed"
"_tb_id" "261076"
}
// entity 1
{
"classname" "func_group"
"_tb_type" "_tb_group"
"_tb_name" "Unnamed"
"_tb_id" "261079"
"_tb_linked_group_id" "{@@@_REPLACE_ME_@@@}"
"_tb_transformation" "0.6428571428571432 -0.71875 0 -368.57142857142924 0.6428571428571432 0.71875 0 -344.57142857142867 0 0 1 0 0 0 0 1"
"_tb_group" "261076"
}
// entity 2
{
"classname" "func_detail"
"_tb_group" "261079"
// brush 0
{
( 182 -530 96 ) ( 182 -530 160 ) ( 146 -566 160 ) __TB_empty [ -0.7363796664413635 -0.7363796664413635 3.731511979220224e-14 0.23019409 ] [ 0 0 -1 0 ] 0 1 1
( 192 -612 128 ) ( 320 -668 256 ) ( 320 -668 128 ) __TB_empty [ 0.9490748236864162 -0.32557885965576006 0 -0.1795044 ] [ 0 0 -1 0 ] 4.6949143 1 1
( 317.2678571428565 -618.9821428571427 144 ) ( 277.0178571428565 -578.7321428571427 144 ) ( 228 -576 144 ) __TB_empty [ -0.986417465706816 -0.05498064562960148 0 0.9265137 ] [ 0.038110765863408 -1.0795088771998276 0 -0.79766846 ] 2.0015259 1 1
( 228 -576 160 ) ( 277.0178571428565 -578.7321428571427 160 ) ( 317.2678571428565 -618.9821428571427 160 ) __TB_empty [ 1.0795088771995691 -0.038110765862371276 0 -0.5895386 ] [ -0.05498064562952221 -0.9864174657076777 0 -0.6416626 ] 3.1069336 1 1
( 228 -576 96 ) ( 192 -612 160 ) ( 228 -576 160 ) __TB_empty [ -0.7363796664413635 -0.7363796664413635 3.731511979220224e-14 0.23019409 ] [ 0 0 -1 0 ] 0 1 1
( 284 -704 128 ) ( 228 -576 256 ) ( 228 -576 128 ) __TB_empty [ -0.32557885965575994 0.9490748236864163 0 0.22879028 ] [ 0 0 -1 0 ] 4.6949143 1 1
}
}
// entity 3
{
"classname" "func_group"
"_tb_type" "_tb_group"
"_tb_name" "Unnamed"
"_tb_id" "261081"
"_tb_linked_group_id" "{@@@_REPLACE_ME_@@@}"
"_tb_transformation" "6.123233995736766e-17 -1 0 -384 1 6.123233995736766e-17 0 -896 0 0 1 0 0 0 0 1"
"_tb_group" "261076"
}
// entity 4
{
"classname" "func_detail"
"_tb_group" "261081"
// brush 0
{
( 128 -612 96 ) ( 128 -612 160 ) ( 128 -668 160 ) __TB_empty [ -5.79731786655822e-17 -0.9467738568531823 3.731511979220224e-14 -0.9352417 ] [ 0 0 -1 0 ] 0 1 1
( 284 -576 144 ) ( 228 -576 144 ) ( 192 -612 144 ) __TB_empty [ -0.6694702144304979 -0.6694702144305544 0 -0.48532104 ] [ 0.8032891184517007 -0.6694702144305559 0 -0.25854492 ] 50.191772 1 1
( 192 -612 160 ) ( 228 -576 160 ) ( 284 -576 160 ) __TB_empty [ 0.8032891184507696 0.669470214431056 0 0.97457886 ] [ 0.6694702144311743 -0.6694702144310575 0 -0.25482178 ] 315 1 1
( 192 -668 128 ) ( 320 -612 256 ) ( 320 -612 128 ) __TB_empty [ 0.9161573349021892 0.40081883401970775 0 0.14190674 ] [ 0 0 -1 0 ] 0 1 1
( 320 -668 128 ) ( 192 -612 256 ) ( 192 -612 128 ) __TB_empty [ -0.9161573349021892 0.40081883401970786 0 0.53305054 ] [ 0 0 -1 0 ] 0 1 1
( 192 -612 96 ) ( 192 -668 160 ) ( 192 -612 160 ) __TB_empty [ -5.79731786655822e-17 -0.9467738568531823 3.731511979220224e-14 -0.9352417 ] [ 0 0 -1 0 ] 0 1 1
}
}
// entity 5
{
"classname" "func_group"
"_tb_type" "_tb_group"
"_tb_name" "Unnamed"
"_tb_id" "261082"
"_tb_linked_group_id" "{@@@_REPLACE_ME_@@@}"
"_tb_transformation" "1 0 0 0 0 1 0 -5.684341886080802e-14 0 0 1 0 0 0 0 1"
"_tb_group" "261076"
}
// entity 6
{
"classname" "func_detail"
"_tb_group" "261082"
// brush 0
{
( 228 -576 128 ) ( 284 -704 256 ) ( 284 -704 128 ) __TB_empty [ 0.4008188340197078 -0.9161573349021892 0 -0.7961426 ] [ 0 0 -1 0 ] 0 1 1
( 284 -576 96 ) ( 228 -576 160 ) ( 284 -576 160 ) __TB_empty [ -0.9467738568531823 0 3.731511979220224e-14 0.37408447 ] [ 0 0 -1 0 ] 0 1 1
( 320 -668 144 ) ( 320 -612 144 ) ( 284 -576 144 ) __TB_empty [ -0.6694702144305544 0.6694702144304979 0 0.43652344 ] [ -0.6694702144305559 -0.8032891184517007 0 0.12371826 ] 320.19177 1 1
( 284 -576 160 ) ( 320 -612 160 ) ( 320 -668 160 ) __TB_empty [ 0.669470214431056 -0.8032891184507696 0 -0.33374023 ] [ -0.6694702144310575 -0.6694702144311743 0 0.513916 ] 45 1 1
( 284 -512 96 ) ( 284 -512 160 ) ( 228 -512 160 ) __TB_empty [ -0.9467738568531823 0 3.731511979220224e-14 0.37408447 ] [ 0 0 -1 0 ] 0 1 1
( 228 -704 128 ) ( 284 -576 256 ) ( 284 -576 128 ) __TB_empty [ 0.4008188340197078 0.9161573349021892 0 -0.7962036 ] [ 0 0 -1 0 ] 0 1 1
}
}
// entity 7
{
"classname" "func_group"
"_tb_type" "_tb_group"
"_tb_name" "Unnamed"
"_tb_id" "261083"
"_tb_linked_group_id" "{@@@_REPLACE_ME_@@@}"
"_tb_transformation" "0.6428571428571432 0.71875 0 551.4285714285713 -0.6428571428571432 0.71875 0 -15.428571428570649 0 0 1 0 0 0 0 1"
"_tb_group" "261076"
}
// entity 8
{
"classname" "func_detail"
"_tb_group" "261083"
// brush 0
{
( 284 -576 128 ) ( 228 -704 256 ) ( 228 -704 128 ) __TB_empty [ -0.32557885965576006 -0.9490748236864162 0 -0.9055786 ] [ 0 0 -1 0 ] 4.6949143 1 1
( 320 -612 96 ) ( 284 -576 160 ) ( 320 -612 160 ) __TB_empty [ -0.7363796664413635 0.7363796664413635 3.731511979220224e-14 0.7961426 ] [ 0 0 -1 0 ] 0 1 1
( 277.01785714285734 -701.2678571428564 144 ) ( 317.26785714285734 -661.0178571428564 144 ) ( 320 -612 144 ) __TB_empty [ -0.05498064562960148 0.986417465706816 0 0.97351074 ] [ -1.0795088771998276 -0.038110765863408 0 0.80773926 ] 272.00153 1 1
( 320 -612 160 ) ( 317.26785714285734 -661.0178571428564 160 ) ( 277.01785714285734 -701.2678571428564 160 ) __TB_empty [ -0.038110765862371276 -1.0795088771995691 0 -0.9736328 ] [ -0.9864174657076777 0.05498064562952221 0 0.30096436 ] 93.10693 1 1
( 192 -668 128 ) ( 320 -612 256 ) ( 320 -612 128 ) __TB_empty [ 0.9490748236864163 0.32557885965575994 0 -0.11999512 ] [ 0 0 -1 0 ] 4.6949143 1 1
( 366 -566 96 ) ( 366 -566 160 ) ( 330 -530 160 ) __TB_empty [ -0.7363796664413635 0.7363796664413635 3.731511979220224e-14 0.7961426 ] [ 0 0 -1 0 ] 0 1 1
}
}
// entity 9
{
"classname" "func_group"
"_tb_type" "_tb_group"
"_tb_name" "Unnamed"
"_tb_id" "261084"
"_tb_linked_group_id" "{@@@_REPLACE_ME_@@@}"
"_tb_transformation" "-1 -1.2246467991473532e-16 0 512 1.2246467991473532e-16 -1 0 -1280 0 0 1 0 0 0 0 1"
"_tb_group" "261076"
}
// entity 10
{
"classname" "func_detail"
"_tb_group" "261084"
// brush 0
{
( 284 -576 128 ) ( 228 -704 256 ) ( 228 -704 128 ) __TB_empty [ -0.4008188340197079 -0.9161573349021892 0 -0.25830078 ] [ 0 0 -1 0 ] 0 1 1
( 228 -768 96 ) ( 228 -768 160 ) ( 284 -768 160 ) __TB_empty [ 0.9467738568531823 -1.159463573311644e-16 3.731511979220224e-14 0.6259155 ] [ 0 0 -1 0 ] 0 1 1
( 192 -612 144 ) ( 192 -668 144 ) ( 228 -704 144 ) __TB_empty [ 0.6694702144305544 -0.6694702144304979 0 -0.25405884 ] [ 0.6694702144305559 0.8032891184517007 0 0.5650635 ] 140.19177 1 1
( 228 -704 160 ) ( 192 -668 160 ) ( 192 -612 160 ) __TB_empty [ -0.669470214431056 0.8032891184507696 0 0.64505005 ] [ 0.6694702144310575 0.6694702144311743 0 0.6670532 ] 225 1 1
( 228 -704 96 ) ( 284 -704 160 ) ( 228 -704 160 ) __TB_empty [ 0.9467738568531823 -1.159463573311644e-16 3.731511979220224e-14 0.6259155 ] [ 0 0 -1 0 ] 0 1 1
( 284 -704 128 ) ( 228 -576 256 ) ( 228 -576 128 ) __TB_empty [ -0.4008188340197077 0.9161573349021892 0 0.10449219 ] [ 0 0 -1 0 ] 0 1 1
}
}
// entity 11
{
"classname" "func_group"
"_tb_type" "_tb_group"
"_tb_name" "Unnamed"
"_tb_id" "261085"
"_tb_linked_group_id" "{@@@_REPLACE_ME_@@@}"
"_tb_transformation" "-0.6428571428571432 -0.71875 0 -39.42857142857133 0.6428571428571432 -0.71875 0 -1264.5714285714294 0 0 1 0 0 0 0 1"
"_tb_group" "261076"
}
// entity 12
{
"classname" "func_detail"
"_tb_group" "261085"
// brush 0
{
( 146 -714 96 ) ( 146 -714 160 ) ( 182 -750 160 ) __TB_empty [ 0.7363796664413635 -0.7363796664413635 3.731511979220224e-14 -0.7962036 ] [ 0 0 -1 0 ] 0 1 1
( 320 -612 128 ) ( 192 -668 256 ) ( 192 -668 128 ) __TB_empty [ -0.9490748236864163 -0.32557885965575994 0 -0.93460083 ] [ 0 0 -1 0 ] 4.6949143 1 1
( 234.98214285714272 -578.7321428571436 144 ) ( 194.73214285714272 -618.9821428571436 144 ) ( 192 -668 144 ) __TB_empty [ 0.05498064562960148 -0.986417465706816 0 -0.7909851 ] [ 1.0795088771998276 0.038110765863408 0 0.88101196 ] 92.00154 1 1
( 192 -668 160 ) ( 194.73214285714272 -618.9821428571436 160 ) ( 234.98214285714272 -578.7321428571436 160 ) __TB_empty [ 0.038110765862371276 1.0795088771995691 0 0.28494263 ] [ 0.9864174657076777 -0.05498064562952221 0 0.8800049 ] 273.10693 1 1
( 192 -668 96 ) ( 228 -704 160 ) ( 192 -668 160 ) __TB_empty [ 0.7363796664413635 -0.7363796664413635 3.731511979220224e-14 -0.7962036 ] [ 0 0 -1 0 ] 0 1 1
( 228 -704 128 ) ( 284 -576 256 ) ( 284 -576 128 ) __TB_empty [ 0.32557885965576006 0.9490748236864162 0 0.21386719 ] [ 0 0 -1 0 ] 4.6949143 1 1
}
}
// entity 13
{
"classname" "func_group"
"_tb_type" "_tb_group"
"_tb_name" "Unnamed"
"_tb_id" "261086"
"_tb_linked_group_id" "{@@@_REPLACE_ME_@@@}"
"_tb_transformation" "-0.6428571428571432 0.71875 0 880.5714285714294 -0.6428571428571432 -0.71875 0 -935.4285714285714 0 0 1 0 0 0 0 1"
"_tb_group" "261076"
}
// entity 14
{
"classname" "func_detail"
"_tb_group" "261086"
// brush 0
{
( 228 -576 128 ) ( 284 -704 256 ) ( 284 -704 128 ) __TB_empty [ 0.32557885965575994 -0.9490748236864163 0 -0.2833252 ] [ 0 0 -1 0 ] 4.6949143 1 1
( 284 -704 96 ) ( 320 -668 160 ) ( 284 -704 160 ) __TB_empty [ 0.7363796664413635 0.7363796664413635 3.731511979220224e-14 0.7697754 ] [ 0 0 -1 0 ] 0 1 1
( 194.73214285714363 -661.0178571428573 144 ) ( 234.98214285714363 -701.2678571428573 144 ) ( 284 -704 144 ) __TB_empty [ 0.986417465706816 0.05498064562960148 0 0.25598145 ] [ -0.038110765863408 1.0795088771998276 0 0.4864502 ] 182.00154 1 1
( 284 -704 160 ) ( 234.98214285714363 -701.2678571428573 160 ) ( 194.73214285714363 -661.0178571428573 160 ) __TB_empty [ -1.0795088771995691 0.038110765862371276 0 0.9008179 ] [ 0.05498064562952221 0.9864174657076777 0 0.82263184 ] 183.10693 1 1
( 320 -668 128 ) ( 192 -612 256 ) ( 192 -612 128 ) __TB_empty [ -0.9490748236864162 0.32557885965576006 0 0.48779297 ] [ 0 0 -1 0 ] 4.6949143 1 1
( 330 -750 96 ) ( 330 -750 160 ) ( 366 -714 160 ) __TB_empty [ 0.7363796664413635 0.7363796664413635 3.731511979220224e-14 0.7697754 ] [ 0 0 -1 0 ] 0 1 1
}
}
// entity 15
{
"classname" "func_group"
"_tb_type" "_tb_group"
"_tb_name" "Unnamed"
"_tb_id" "261087"
"_tb_linked_group_id" "{@@@_REPLACE_ME_@@@}"
"_tb_transformation" "-1.8369701987210297e-16 1 0 896 -1 -1.8369701987210297e-16 0 -384.0000000000001 0 0 1 0 0 0 0 1"
"_tb_group" "261076"
}
// entity 16
{
"classname" "func_detail"
"_tb_group" "261087"
// brush 0
{
( 320 -668 96 ) ( 320 -612 160 ) ( 320 -668 160 ) __TB_empty [ 1.7391953599674657e-16 0.9467738568531823 3.731511979220224e-14 0.93530273 ] [ 0 0 -1 0 ] 180 1 1
( 192 -612 128 ) ( 320 -668 256 ) ( 320 -668 128 ) __TB_empty [ 0.9161573349021892 -0.40081883401970797 0 -0.5876465 ] [ 0 0 -1 0 ] 180 1 1
( 320 -612 128 ) ( 192 -668 256 ) ( 192 -668 128 ) __TB_empty [ -0.9161573349021892 -0.40081883401970764 0 -0.83364105 ] [ 0 0 -1 0 ] 180 1 1
( 228 -704 144 ) ( 284 -704 144 ) ( 320 -668 144 ) __TB_empty [ 0.669470214430498 0.6694702144305543 0 0.66778564 ] [ -0.8032891184517006 0.669470214430556 0 0.9472656 ] 230.19177 1 1
( 320 -668 160 ) ( 284 -704 160 ) ( 228 -704 160 ) __TB_empty [ -0.8032891184507697 -0.6694702144310559 0 -0.66326904 ] [ -0.6694702144311742 0.6694702144310576 0 0.43579102 ] 135 1 1
( 384 -668 96 ) ( 384 -668 160 ) ( 384 -612 160 ) __TB_empty [ 1.7391953599674657e-16 0.9467738568531823 3.731511979220224e-14 0.93530273 ] [ 0 0 -1 0 ] 180 1 1
}
}
