// entity 0
{
"classname" "func_group"
"_tb_type" "_tb_group"
"_tb_name" "Unnamed"
"_tb_id" "261102"
}
// entity 1
{
"classname" "func_group"
"_tb_type" "_tb_group"
"_tb_name" "Unnamed"
"_tb_id" "261103"
"_tb_linked_group_id" "{@@@_REPLACE_ME_@@@}"
"_tb_transformation" "-0.25000000000000006 1 0 960 -0.96875 -0.25000000000000006 0 -552 0 0 1 0 0 0 0 1"
"_tb_group" "261102"
}
// entity 2
{
"classname" "func_detail_wall"
"_tb_group" "261103"
// brush 0
{
( 256 -640 288 ) ( 272 -512 224 ) ( 272 -512 288 ) __TB_empty [ 0.12403473458920848 0.9922778767136676 0 -0.10040283 ] [ 0 0 -1 0 ] 208.30945 1 1
( 256 -640 224 ) ( 304 -520 224 ) ( 272 -512 224 ) __TB_empty [ 0.24242424242424246 0.9696969696969697 0 -0.45455933 ] [ 0.9393939393939393 -0.2424242424242425 0 -0.63635254 ] 255.7998 1 1
( 256 -640 288 ) ( 272 -512 288 ) ( 304 -520 288 ) __TB_empty [ -0.24242424242424246 -0.9696969696969697 0 0.45455933 ] [ 0.9393939393939393 -0.2424242424242425 0 -0.63635254 ] 104.20023 1 1
( 272 -512 288 ) ( 304 -520 224 ) ( 304 -520 288 ) __TB_empty [ 0.9393939393939393 -0.2424242424242425 0 -0.63635254 ] [ 0 0 -1 0 ] 205.9342 1 1
( 304 -520 224 ) ( 256 -640 288 ) ( 304 -520 288 ) __TB_empty [ 0.357069690484085 0.9321398235795061 0 -0.24575806 ] [ 0 0 -1 0 ] 21.782043 1 1
}
}
// entity 3
{
"classname" "func_group"
"_tb_type" "_tb_group"
"_tb_name" "Unnamed"
"_tb_id" "261105"
"_tb_linked_group_id" "{@@@_REPLACE_ME_@@@}"
"_tb_transformation" "-0.5 1 0 1024 -0.8750000000000003 -0.5 0 -736 0 0 1 0 0 0 0 1"
"_tb_group" "261102"
}
// entity 4
{
"classname" "func_detail_wall"
"_tb_group" "261105"
// brush 0
{
( 256 -640 288 ) ( 304 -520 224 ) ( 304 -520 288 ) __TB_empty [ 0.34454092941446823 0.9371513280073532 0 -0.83102417 ] [ 0 0 -1 0 ] 204.23155 1 1
( 256 -640 224 ) ( 336 -536 224 ) ( 304 -520 224 ) __TB_empty [ 0.4444444444444446 0.8888888888888891 0 -0.888916 ] [ 0.7777777777777775 -0.4444444444444446 0 -0.555542 ] 239.59613 1 1
( 256 -640 288 ) ( 304 -520 288 ) ( 336 -536 288 ) __TB_empty [ -0.4444444444444446 -0.8888888888888891 0 0.888916 ] [ 0.7777777777777775 -0.4444444444444446 0 -0.555542 ] 120.403725 1 1
( 304 -520 288 ) ( 336 -536 224 ) ( 336 -536 288 ) __TB_empty [ 0.7777777777777775 -0.4444444444444446 0 -0.555542 ] [ 0 0 -1 0 ] 198.66713 1 1
( 336 -536 224 ) ( 256 -640 288 ) ( 336 -536 288 ) __TB_empty [ 0.5374838498865702 0.8268982305947231 0 -0.78634644 ] [ 0 0 -1 0 ] 16.418457 1 1
}
}
// entity 5
{
"classname" "func_group"
"_tb_type" "_tb_group"
"_tb_name" "Unnamed"
"_tb_id" "261106"
"_tb_linked_group_id" "{@@@_REPLACE_ME_@@@}"
"_tb_transformation" "-1 0 0 512 0 -1 0 -1280 0 0 1 0 0 0 0 1"
"_tb_group" "261102"
}
// entity 6
{
"classname" "func_detail_wall"
"_tb_group" "261106"
// brush 0
{
( 384 -656 224 ) ( 256 -640 288 ) ( 384 -656 288 ) __TB_empty [ 0.9922778767136677 -0.12403473458920847 0 -0.81073 ] [ 0 0 -1 0 ] 0 1 1
( 256 -640 288 ) ( 384 -624 224 ) ( 384 -624 288 ) __TB_empty [ 0.9922778767136677 0.12403473458920847 0 -0.04626465 ] [ 0 0 -1 0 ] 180 1 1
( 256 -640 224 ) ( 384 -656 224 ) ( 384 -624 224 ) __TB_empty [ 1 0 0 0 ] [ 0 -1 0 0 ] 180 1 1
( 256 -640 288 ) ( 384 -624 288 ) ( 384 -656 288 ) __TB_empty [ -1 0 0 0 ] [ 0 -1 0 0 ] 180 1 1
( 384 -624 288 ) ( 384 -656 224 ) ( 384 -656 288 ) __TB_empty [ 0 -1 0 0 ] [ 0 0 -1 0 ] 0 1 1
}
}
// entity 7
{
"classname" "func_group"
"_tb_type" "_tb_group"
"_tb_name" "Unnamed"
"_tb_id" "261107"
"_tb_linked_group_id" "{@@@_REPLACE_ME_@@@}"
"_tb_transformation" "-0.96875 0.25 0 664.0000000000001 -0.25 -1 0 -1216 0 0 1 0 0 0 0 1"
"_tb_group" "261102"
}
// entity 8
{
"classname" "func_detail_wall"
"_tb_group" "261107"
// brush 0
{
( 256 -640 288 ) ( 376 -592 224 ) ( 376 -592 288 ) __TB_empty [ 0.932139823579506 0.357069690484085 0 -0.50857544 ] [ 0 0 -1 0 ] 216.95872 1 1
( 256 -640 224 ) ( 384 -624 224 ) ( 376 -592 224 ) __TB_empty [ 0.9696969696969697 0.2424242424242424 0 -0.09094238 ] [ 0.24242424242424243 -0.9393939393939393 0 -0.27270508 ] 193.96484 1 1
( 256 -640 288 ) ( 376 -592 288 ) ( 384 -624 288 ) __TB_empty [ -0.9696969696969697 -0.2424242424242424 0 0.09094238 ] [ 0.24242424242424243 -0.9393939393939393 0 -0.27270508 ] 166.03514 1 1
( 384 -624 224 ) ( 256 -640 288 ) ( 384 -624 288 ) __TB_empty [ 0.9922778767136679 0.12403473458920844 0 -0.04626465 ] [ 0 0 -1 0 ] 46.139923 1 1
( 376 -592 288 ) ( 384 -624 224 ) ( 384 -624 288 ) __TB_empty [ 0.24242424242424243 -0.9393939393939393 0 -0.27270508 ] [ 0 0 -1 0 ] 210.83464 1 1
}
}
// entity 9
{
"classname" "func_group"
"_tb_type" "_tb_group"
"_tb_name" "Unnamed"
"_tb_id" "261108"
"_tb_linked_group_id" "{@@@_REPLACE_ME_@@@}"
"_tb_transformation" "-0.8750000000000003 0.49999999999999994 0 800 -0.5 -1 0 -1152 0 0 1 0 0 0 0 1"
"_tb_group" "261102"
}
// entity 10
{
"classname" "func_detail_wall"
"_tb_group" "261108"
// brush 0
{
( 256 -640 288 ) ( 360 -560 224 ) ( 360 -560 288 ) __TB_empty [ 0.8268982305947231 0.5374838498865702 0 -0.10165405 ] [ 0 0 -1 0 ] 203.71681 1 1
( 256 -640 224 ) ( 376 -592 224 ) ( 360 -560 224 ) __TB_empty [ 0.8888888888888891 0.44444444444444453 0 -0.11114502 ] [ 0.44444444444444453 -0.7777777777777775 0 -0.555542 ] 202.6593 1 1
( 256 -640 288 ) ( 360 -560 288 ) ( 376 -592 288 ) __TB_empty [ -0.8888888888888891 -0.44444444444444453 0 0.11114502 ] [ 0.44444444444444453 -0.7777777777777775 0 -0.555542 ] 157.34053 1 1
( 376 -592 224 ) ( 256 -640 288 ) ( 376 -592 288 ) __TB_empty [ 0.9371513280073532 0.3445409294144682 0 -0.809906 ] [ 0 0 -1 0 ] 26.697998 1 1
( 360 -560 288 ) ( 376 -592 224 ) ( 376 -592 288 ) __TB_empty [ 0.44444444444444453 -0.7777777777777775 0 -0.555542 ] [ 0 0 -1 0 ] 200.73886 1 1
}
}
// entity 11
{
"classname" "func_group"
"_tb_type" "_tb_group"
"_tb_name" "Unnamed"
"_tb_id" "261109"
"_tb_linked_group_id" "{@@@_REPLACE_ME_@@@}"
"_tb_transformation" "-0.7187500000000004 0.7500000000000001 0 920.0000000000001 -0.71875 -0.75 0 -936 0 0 1 0 0 0 0 1"
"_tb_group" "261102"
}
// entity 12
{
"classname" "func_detail_wall"
"_tb_group" "261109"
// brush 0
{
( 256 -640 288 ) ( 336 -536 224 ) ( 336 -536 288 ) __TB_empty [ 0.60759043900221 0.7729700851211545 0 -0.24771118 ] [ 0 0 -1 0 ] 252.71669 1 1
( 256 -640 224 ) ( 360 -560 224 ) ( 336 -536 224 ) __TB_empty [ 0.6956521739130435 0.6956521739130435 0 -0.8695679 ] [ 0.6666666666666664 -0.6666666666666661 0 -0.333313 ] 217.23962 1 1
( 256 -640 288 ) ( 336 -536 288 ) ( 360 -560 288 ) __TB_empty [ -0.6956521739130435 -0.6956521739130435 0 0.8695679 ] [ 0.6666666666666664 -0.6666666666666661 0 -0.333313 ] 142.76045 1 1
( 360 -560 224 ) ( 256 -640 288 ) ( 360 -560 288 ) __TB_empty [ 0.7729700851211534 0.6075904390022089 0 -0.4277954 ] [ 0 0 -1 0 ] 80.4321 1 1
( 336 -536 288 ) ( 360 -560 224 ) ( 360 -560 288 ) __TB_empty [ 0.6666666666666664 -0.6666666666666661 0 -0.333313 ] [ 0 0 -1 0 ] 242.19273 1 1
}
}
// entity 13
{
"classname" "func_group"
"_tb_type" "_tb_group"
"_tb_name" "Unnamed"
"_tb_id" "261110"
"_tb_linked_group_id" "{@@@_REPLACE_ME_@@@}"
"_tb_transformation" "-0.96875 -0.25 0 344 0.25 -1 0 -1344 0 0 1 0 0 0 0 1"
"_tb_group" "261102"
}
// entity 14
{
"classname" "func_detail_wall"
"_tb_group" "261110"
// brush 0
{
( 376 -688 224 ) ( 256 -640 288 ) ( 376 -688 288 ) __TB_empty [ 0.9321398235795061 -0.35706969048408493 0 -0.5577698 ] [ 0 0 -1 0 ] 21.782043 1 1
( 256 -640 224 ) ( 376 -688 224 ) ( 384 -656 224 ) __TB_empty [ 0.9696969696969697 -0.2424242424242424 0 -0.39398193 ] [ -0.24242424242424243 -0.9393939393939393 0 0.84851074 ] 165.79979 1 1
( 256 -640 288 ) ( 384 -656 288 ) ( 376 -688 288 ) __TB_empty [ -0.9696969696969697 0.2424242424242424 0 0.39398193 ] [ -0.24242424242424243 -0.9393939393939393 0 0.84851074 ] 194.20026 1 1
( 256 -640 288 ) ( 384 -656 224 ) ( 384 -656 288 ) __TB_empty [ 0.9922778767136676 -0.12403473458920843 0 -0.81073 ] [ 0 0 -1 0 ] 208.30945 1 1
( 384 -656 288 ) ( 376 -688 224 ) ( 376 -688 288 ) __TB_empty [ -0.24242424242424243 -0.9393939393939393 0 0.84851074 ] [ 0 0 -1 0 ] 205.9342 1 1
}
}
// entity 15
{
"classname" "func_group"
"_tb_type" "_tb_group"
"_tb_name" "Unnamed"
"_tb_id" "261111"
"_tb_linked_group_id" "{@@@_REPLACE_ME_@@@}"
"_tb_transformation" "-0.8750000000000003 -0.49999999999999994 0 160 0.49999999999999994 -1 0 -1408 0 0 1 0 0 0 0 1"
"_tb_group" "261102"
}
// entity 16
{
"classname" "func_detail_wall"
"_tb_group" "261111"
// brush 0
{
( 360 -720 224 ) ( 256 -640 288 ) ( 360 -720 288 ) __TB_empty [ 0.8268982305947231 -0.5374838498865702 0 -0.08093262 ] [ 0 0 -1 0 ] 16.418457 1 1
( 256 -640 224 ) ( 360 -720 224 ) ( 376 -688 224 ) __TB_empty [ 0.8888888888888891 -0.44444444444444453 0 0 ] [ -0.44444444444444453 -0.7777777777777775 0 0 ] 149.59613 1 1
( 256 -640 288 ) ( 376 -688 288 ) ( 360 -720 288 ) __TB_empty [ -0.8888888888888891 0.44444444444444453 0 0 ] [ -0.44444444444444453 -0.7777777777777775 0 0 ] 210.40369 1 1
( 256 -640 288 ) ( 376 -688 224 ) ( 376 -688 288 ) __TB_empty [ 0.9371513280073532 -0.3445409294144682 0 -0.82229614 ] [ 0 0 -1 0 ] 204.23155 1 1
( 376 -688 288 ) ( 360 -720 224 ) ( 360 -720 288 ) __TB_empty [ -0.44444444444444453 -0.7777777777777775 0 0 ] [ 0 0 -1 0 ] 198.66713 1 1
}
}
// entity 17
{
"classname" "func_group"
"_tb_type" "_tb_group"
"_tb_name" "Unnamed"
"_tb_id" "261112"
"_tb_linked_group_id" "{@@@_REPLACE_ME_@@@}"
"_tb_transformation" "-6.123233995736766e-17 -1 0 -384 1 -6.123233995736766e-17 0 -896.0000000000001 0 0 1 0 0 0 0 1"
"_tb_group" "261102"
}
// entity 18
{
"classname" "func_detail_wall"
"_tb_group" "261112"
// brush 0
{
( 240 -768 224 ) ( 256 -640 288 ) ( 240 -768 288 ) __TB_empty [ -0.12403473458920841 -0.9922778767136677 0 0.28967285 ] [ 0 0 -1 0 ] 0 1 1
( 272 -768 288 ) ( 240 -768 224 ) ( 240 -768 288 ) __TB_empty [ -1 -6.123233995736766e-17 0 0 ] [ 0 0 -1 0 ] 180 1 1
( 256 -640 224 ) ( 240 -768 224 ) ( 272 -768 224 ) __TB_empty [ 6.123233995736766e-17 -1 0 0 ] [ -1 -6.123233995736766e-17 0 0 ] 90 1 1
( 256 -640 288 ) ( 272 -768 288 ) ( 240 -768 288 ) __TB_empty [ -6.123233995736766e-17 1 0 0 ] [ -1 -6.123233995736766e-17 0 0 ] 270 1 1
( 256 -640 288 ) ( 272 -768 224 ) ( 272 -768 288 ) __TB_empty [ 0.12403473458920852 -0.9922778767136677 0 -0.21612549 ] [ 0 0 -1 0 ] 180 1 1
}
}
// entity 19
{
"classname" "func_group"
"_tb_type" "_tb_group"
"_tb_name" "Unnamed"
"_tb_id" "261113"
"_tb_linked_group_id" "{@@@_REPLACE_ME_@@@}"
"_tb_transformation" "-0.25000000000000006 -1 0 -320 0.96875 -0.25000000000000006 0 -1048.0000000000002 0 0 1 0 0 0 0 1"
"_tb_group" "261102"
}
// entity 20
{
"classname" "func_detail_wall"
"_tb_group" "261113"
// brush 0
{
( 272 -768 224 ) ( 256 -640 288 ) ( 272 -768 288 ) __TB_empty [ 0.1240347345892085 -0.9922778767136679 0 -0.21612549 ] [ 0 0 -1 0 ] 46.139923 1 1
( 256 -640 224 ) ( 272 -768 224 ) ( 304 -760 224 ) __TB_empty [ 0.24242424242424246 -0.9696969696969697 0 -0.666687 ] [ -0.9393939393939393 -0.2424242424242425 0 0.3333435 ] 103.96482 1 1
( 256 -640 288 ) ( 304 -760 288 ) ( 272 -768 288 ) __TB_empty [ -0.24242424242424246 0.9696969696969697 0 0.666687 ] [ -0.9393939393939393 -0.2424242424242425 0 0.3333435 ] 256.03516 1 1
( 304 -760 288 ) ( 272 -768 224 ) ( 272 -768 288 ) __TB_empty [ -0.9393939393939393 -0.2424242424242425 0 0.3333435 ] [ 0 0 -1 0 ] 210.83464 1 1
( 256 -640 288 ) ( 304 -760 224 ) ( 304 -760 288 ) __TB_empty [ 0.35706969048408504 -0.932139823579506 0 -0.38476562 ] [ 0 0 -1 0 ] 216.95872 1 1
}
}
// entity 21
{
"classname" "func_group"
"_tb_type" "_tb_group"
"_tb_name" "Unnamed"
"_tb_id" "261114"
"_tb_linked_group_id" "{@@@_REPLACE_ME_@@@}"
"_tb_transformation" "-0.5 -1 0 -256 0.8750000000000003 -0.5 0 -1184 0 0 1 0 0 0 0 1"
"_tb_group" "261102"
}
// entity 22
{
"classname" "func_detail_wall"
"_tb_group" "261114"
// brush 0
{
( 304 -760 224 ) ( 256 -640 288 ) ( 304 -760 288 ) __TB_empty [ 0.34454092941446823 -0.9371513280073532 0 -0.38397217 ] [ 0 0 -1 0 ] 26.697998 1 1
( 256 -640 224 ) ( 304 -760 224 ) ( 336 -744 224 ) __TB_empty [ 0.4444444444444446 -0.8888888888888891 0 -0.666626 ] [ -0.7777777777777775 -0.4444444444444446 0 0.6666565 ] 112.65928 1 1
( 256 -640 288 ) ( 336 -744 288 ) ( 304 -760 288 ) __TB_empty [ -0.4444444444444446 0.8888888888888891 0 0.666626 ] [ -0.7777777777777775 -0.4444444444444446 0 0.6666565 ] 247.34058 1 1
( 336 -744 288 ) ( 304 -760 224 ) ( 304 -760 288 ) __TB_empty [ -0.7777777777777775 -0.4444444444444446 0 0.6666565 ] [ 0 0 -1 0 ] 200.73886 1 1
( 256 -640 288 ) ( 336 -744 224 ) ( 336 -744 288 ) __TB_empty [ 0.5374838498865702 -0.8268982305947231 0 -0.21606445 ] [ 0 0 -1 0 ] 203.71681 1 1
}
}
// entity 23
{
"classname" "func_group"
"_tb_type" "_tb_group"
"_tb_name" "Unnamed"
"_tb_id" "261115"
"_tb_linked_group_id" "{@@@_REPLACE_ME_@@@}"
"_tb_transformation" "-0.71875 -0.75 0 -40 0.7187500000000004 -0.7500000000000001 0 -1304.0000000000002 0 0 1 0 0 0 0 1"
"_tb_group" "261102"
}
// entity 24
{
"classname" "func_detail_wall"
"_tb_group" "261115"
// brush 0
{
( 336 -744 224 ) ( 256 -640 288 ) ( 336 -744 288 ) __TB_empty [ 0.6075904390022089 -0.7729700851211534 0 -0.649353 ] [ 0 0 -1 0 ] 80.4321 1 1
( 256 -640 224 ) ( 336 -744 224 ) ( 360 -720 224 ) __TB_empty [ 0.6956521739130435 -0.6956521739130435 0 -0.3043518 ] [ -0.6666666666666661 -0.6666666666666664 0 0 ] 127.239624 1 1
( 256 -640 288 ) ( 360 -720 288 ) ( 336 -744 288 ) __TB_empty [ -0.6956521739130435 0.6956521739130435 0 0.3043518 ] [ -0.6666666666666661 -0.6666666666666664 0 0 ] 232.76044 1 1
( 256 -640 288 ) ( 360 -720 224 ) ( 360 -720 288 ) __TB_empty [ 0.7729700851211545 -0.60759043900221 0 -0.14364624 ] [ 0 0 -1 0 ] 252.71669 1 1
( 360 -720 288 ) ( 336 -744 224 ) ( 336 -744 288 ) __TB_empty [ -0.6666666666666661 -0.6666666666666664 0 0 ] [ 0 0 -1 0 ] 242.19273 1 1
}
}
// entity 25
{
"classname" "func_group"
"_tb_type" "_tb_group"
"_tb_name" "Unnamed"
"_tb_id" "261116"
"_tb_linked_group_id" "{@@@_REPLACE_ME_@@@}"
"_tb_transformation" "0.25000000000000017 -1 0 -448 0.96875 0.25000000000000017 0 -728 0 0 1 0 0 0 0 1"
"_tb_group" "261102"
}
// entity 26
{
"classname" "func_detail_wall"
"_tb_group" "261116"
// brush 0
{
( 208 -760 224 ) ( 256 -640 288 ) ( 208 -760 288 ) __TB_empty [ -0.3570696904840851 -0.9321398235795061 0 0.43493652 ] [ 0 0 -1 0 ] 21.782043 1 1
( 240 -768 288 ) ( 208 -760 224 ) ( 208 -760 288 ) __TB_empty [ -0.9393939393939393 0.2424242424242426 0 0.63635254 ] [ 0 0 -1 0 ] 205.9342 1 1
( 256 -640 224 ) ( 208 -760 224 ) ( 240 -768 224 ) __TB_empty [ -0.24242424242424257 -0.9696969696969697 0 0.4545288 ] [ -0.9393939393939393 0.2424242424242426 0 0.63635254 ] 75.799835 1 1
( 256 -640 288 ) ( 240 -768 288 ) ( 208 -760 288 ) __TB_empty [ 0.24242424242424257 0.9696969696969697 0 -0.4545288 ] [ -0.9393939393939393 0.2424242424242426 0 0.63635254 ] 284.20023 1 1
( 256 -640 288 ) ( 240 -768 224 ) ( 240 -768 288 ) __TB_empty [ -0.12403473458920859 -0.9922778767136676 0 0.28967285 ] [ 0 0 -1 0 ] 208.30945 1 1
}
}
// entity 27
{
"classname" "func_group"
"_tb_type" "_tb_group"
"_tb_name" "Unnamed"
"_tb_id" "261117"
"_tb_linked_group_id" "{@@@_REPLACE_ME_@@@}"
"_tb_transformation" "0.5 -1 0 -512 0.8750000000000003 0.5000000000000002 0 -544 0 0 1 0 0 0 0 1"
"_tb_group" "261102"
}
// entity 28
{
"classname" "func_detail_wall"
"_tb_group" "261117"
// brush 0
{
( 176 -744 224 ) ( 256 -640 288 ) ( 176 -744 288 ) __TB_empty [ -0.5374838498865702 -0.8268982305947231 0 0.975647 ] [ 0 0 -1 0 ] 16.418457 1 1
( 208 -760 288 ) ( 176 -744 224 ) ( 176 -744 288 ) __TB_empty [ -0.7777777777777775 0.4444444444444447 0 0.555542 ] [ 0 0 -1 0 ] 198.66713 1 1
( 256 -640 224 ) ( 176 -744 224 ) ( 208 -760 224 ) __TB_empty [ -0.4444444444444447 -0.8888888888888891 0 0.888855 ] [ -0.7777777777777775 0.4444444444444447 0 0.555542 ] 59.5961 1 1
( 256 -640 288 ) ( 208 -760 288 ) ( 176 -744 288 ) __TB_empty [ 0.4444444444444447 0.8888888888888891 0 -0.888855 ] [ -0.7777777777777775 0.4444444444444447 0 0.555542 ] 300.40372 1 1
( 256 -640 288 ) ( 208 -760 224 ) ( 208 -760 288 ) __TB_empty [ -0.34454092941446834 -0.9371513280073532 0 0.020202637 ] [ 0 0 -1 0 ] 204.23155 1 1
}
}
// entity 29
{
"classname" "func_group"
"_tb_type" "_tb_group"
"_tb_name" "Unnamed"
"_tb_id" "261118"
"_tb_linked_group_id" "{@@@_REPLACE_ME_@@@}"
"_tb_transformation" "1 1.2246467991473532e-16 0 0 -1.2246467991473532e-16 1 0 0 0 0 1 0 0 0 0 1"
"_tb_group" "261102"
}
// entity 30
{
"classname" "func_detail_wall"
"_tb_group" "261118"
// brush 0
{
( 128 -656 288 ) ( 128 -624 224 ) ( 128 -624 288 ) __TB_empty [ 1.2246467991473532e-16 1 0 0 ] [ 0 0 -1 0 ] 0 1 1
( 256 -640 224 ) ( 128 -624 224 ) ( 128 -656 224 ) __TB_empty [ -1 1.2246467991473532e-16 0 0 ] [ 1.2246467991473532e-16 1 0 0 ] 0 1 1
( 256 -640 288 ) ( 128 -656 288 ) ( 128 -624 288 ) __TB_empty [ 1 -1.2246467991473532e-16 0 0 ] [ 1.2246467991473532e-16 1 0 0 ] 0 1 1
( 256 -640 288 ) ( 128 -656 224 ) ( 128 -656 288 ) __TB_empty [ -0.9922778767136677 -0.12403473458920836 0 0.23550415 ] [ 0 0 -1 0 ] 180 1 1
( 128 -624 224 ) ( 256 -640 288 ) ( 128 -624 288 ) __TB_empty [ -0.9922778767136677 0.12403473458920858 0 0 ] [ 0 0 -1 0 ] 0 1 1
}
}
// entity 31
{
"classname" "func_group"
"_tb_type" "_tb_group"
"_tb_name" "Unnamed"
"_tb_id" "261119"
"_tb_linked_group_id" "{@@@_REPLACE_ME_@@@}"
"_tb_transformation" "0.96875 -0.2499999999999999 0 -152 0.2499999999999999 1 0 -64 0 0 1 0 0 0 0 1"
"_tb_group" "261102"
}
// entity 32
{
"classname" "func_detail_wall"
"_tb_group" "261119"
// brush 0
{
( 136 -688 288 ) ( 128 -656 224 ) ( 128 -656 288 ) __TB_empty [ -0.24242424242424232 0.9393939393939393 0 0.27270508 ] [ 0 0 -1 0 ] 210.83464 1 1
( 128 -656 224 ) ( 256 -640 288 ) ( 128 -656 288 ) __TB_empty [ -0.9922778767136679 -0.12403473458920833 0 0.23550415 ] [ 0 0 -1 0 ] 46.139923 1 1
( 256 -640 224 ) ( 128 -656 224 ) ( 136 -688 224 ) __TB_empty [ -0.9696969696969697 -0.2424242424242423 0 0.09088135 ] [ -0.24242424242424232 0.9393939393939393 0 0.27270508 ] 13.964844 1 1
( 256 -640 288 ) ( 136 -688 288 ) ( 128 -656 288 ) __TB_empty [ 0.9696969696969697 0.2424242424242423 0 -0.09088135 ] [ -0.24242424242424232 0.9393939393939393 0 0.27270508 ] 346.03516 1 1
( 256 -640 288 ) ( 136 -688 224 ) ( 136 -688 288 ) __TB_empty [ -0.932139823579506 -0.3570696904840849 0 0.69784546 ] [ 0 0 -1 0 ] 216.95872 1 1
}
}
// entity 33
{
"classname" "func_group"
"_tb_type" "_tb_group"
"_tb_name" "Unnamed"
"_tb_id" "261120"
"_tb_linked_group_id" "{@@@_REPLACE_ME_@@@}"
"_tb_transformation" "0.8750000000000003 -0.49999999999999983 0 -288 0.4999999999999999 1 0 -128 0 0 1 0 0 0 0 1"
"_tb_group" "261102"
}
// entity 34
{
"classname" "func_detail_wall"
"_tb_group" "261120"
// brush 0
{
( 152 -720 288 ) ( 136 -688 224 ) ( 136 -688 288 ) __TB_empty [ -0.4444444444444444 0.7777777777777775 0 0.5555725 ] [ 0 0 -1 0 ] 200.73886 1 1
( 136 -688 224 ) ( 256 -640 288 ) ( 136 -688 288 ) __TB_empty [ -0.9371513280073532 -0.34454092941446807 0 0.99920654 ] [ 0 0 -1 0 ] 26.697998 1 1
( 256 -640 224 ) ( 136 -688 224 ) ( 152 -720 224 ) __TB_empty [ -0.8888888888888891 -0.4444444444444444 0 0.111083984 ] [ -0.4444444444444444 0.7777777777777775 0 0.5555725 ] 22.659271 1 1
( 256 -640 288 ) ( 152 -720 288 ) ( 136 -688 288 ) __TB_empty [ 0.8888888888888891 0.4444444444444444 0 -0.111083984 ] [ -0.4444444444444444 0.7777777777777775 0 0.5555725 ] 337.34055 1 1
( 256 -640 288 ) ( 152 -720 224 ) ( 152 -720 288 ) __TB_empty [ -0.8268982305947231 -0.5374838498865702 0 0.2909546 ] [ 0 0 -1 0 ] 203.71681 1 1
}
}
// entity 35
{
"classname" "func_group"
"_tb_type" "_tb_group"
"_tb_name" "Unnamed"
"_tb_id" "261121"
"_tb_linked_group_id" "{@@@_REPLACE_ME_@@@}"
"_tb_transformation" "0.7187500000000004 -0.7500000000000001 0 -408 0.71875 0.75 0 -344 0 0 1 0 0 0 0 1"
"_tb_group" "261102"
}
// entity 36
{
"classname" "func_detail_wall"
"_tb_group" "261121"
// brush 0
{
( 176 -744 288 ) ( 152 -720 224 ) ( 152 -720 288 ) __TB_empty [ -0.6666666666666664 0.6666666666666661 0 0.333313 ] [ 0 0 -1 0 ] 242.19273 1 1
( 152 -720 224 ) ( 256 -640 288 ) ( 152 -720 288 ) __TB_empty [ -0.7729700851211534 -0.6075904390022089 0 0.61712646 ] [ 0 0 -1 0 ] 80.4321 1 1
( 256 -640 224 ) ( 152 -720 224 ) ( 176 -744 224 ) __TB_empty [ -0.6956521739130435 -0.6956521739130435 0 0.86953735 ] [ -0.6666666666666664 0.6666666666666661 0 0.333313 ] 37.239624 1 1
( 256 -640 288 ) ( 176 -744 288 ) ( 152 -720 288 ) __TB_empty [ 0.6956521739130435 0.6956521739130435 0 -0.86953735 ] [ -0.6666666666666664 0.6666666666666661 0 0.333313 ] 322.76044 1 1
( 256 -640 288 ) ( 176 -744 224 ) ( 176 -744 288 ) __TB_empty [ -0.60759043900221 -0.7729700851211545 0 0.43688965 ] [ 0 0 -1 0 ] 252.71669 1 1
}
}
// entity 37
{
"classname" "func_group"
"_tb_type" "_tb_group"
"_tb_name" "Unnamed"
"_tb_id" "261122"
"_tb_linked_group_id" "{@@@_REPLACE_ME_@@@}"
"_tb_transformation" "0.96875 0.2500000000000001 0 168.0000000000001 -0.2500000000000001 1 0 63.99999999999994 0 0 1 0 0 0 0 1"
"_tb_group" "261102"
}
// entity 38
{
"classname" "func_detail_wall"
"_tb_group" "261122"
// brush 0
{
( 128 -624 288 ) ( 136 -592 224 ) ( 136 -592 288 ) __TB_empty [ 0.24242424242424254 0.9393939393939393 0 -0.84851074 ] [ 0 0 -1 0 ] 205.9342 1 1
( 256 -640 288 ) ( 128 -624 224 ) ( 128 -624 288 ) __TB_empty [ -0.9922778767136676 0.12403473458920854 0 0 ] [ 0 0 -1 0 ] 208.30945 1 1
( 256 -640 224 ) ( 136 -592 224 ) ( 128 -624 224 ) __TB_empty [ -0.9696969696969697 0.24242424242424251 0 0.39395142 ] [ 0.24242424242424254 0.9393939393939393 0 -0.84851074 ] 345.7998 1 1
( 256 -640 288 ) ( 128 -624 288 ) ( 136 -592 288 ) __TB_empty [ 0.9696969696969697 -0.24242424242424251 0 -0.39395142 ] [ 0.24242424242424254 0.9393939393939393 0 -0.84851074 ] 14.200256 1 1
( 136 -592 224 ) ( 256 -640 288 ) ( 136 -592 288 ) __TB_empty [ -0.9321398235795061 0.35706969048408504 0 0.74697876 ] [ 0 0 -1 0 ] 21.782043 1 1
}
}
// entity 39
{
"classname" "func_group"
"_tb_type" "_tb_group"
"_tb_name" "Unnamed"
"_tb_id" "261123"
"_tb_linked_group_id" "{@@@_REPLACE_ME_@@@}"
"_tb_transformation" "0.8750000000000003 0.5000000000000001 0 352.0000000000001 -0.5 1 0 128 0 0 1 0 0 0 0 1"
"_tb_group" "261102"
}
// entity 40
{
"classname" "func_detail_wall"
"_tb_group" "261123"
// brush 0
{
( 136 -592 288 ) ( 152 -560 224 ) ( 152 -560 288 ) __TB_empty [ 0.44444444444444464 0.7777777777777775 0 0 ] [ 0 0 -1 0 ] 198.66713 1 1
( 256 -640 288 ) ( 136 -592 224 ) ( 136 -592 288 ) __TB_empty [ -0.9371513280073532 0.3445409294144683 0 0.0115356445 ] [ 0 0 -1 0 ] 204.23155 1 1
( 256 -640 224 ) ( 152 -560 224 ) ( 136 -592 224 ) __TB_empty [ -0.8888888888888891 0.44444444444444464 0 0 ] [ 0.44444444444444464 0.7777777777777775 0 0 ] 329.5961 1 1
( 256 -640 288 ) ( 136 -592 288 ) ( 152 -560 288 ) __TB_empty [ 0.8888888888888891 -0.44444444444444464 0 0 ] [ 0.44444444444444464 0.7777777777777775 0 0 ] 30.403717 1 1
( 152 -560 224 ) ( 256 -640 288 ) ( 152 -560 288 ) __TB_empty [ -0.8268982305947231 0.5374838498865702 0 0.27026367 ] [ 0 0 -1 0 ] 16.418457 1 1
}
}
// entity 41
{
"classname" "func_group"
"_tb_type" "_tb_group"
"_tb_name" "Unnamed"
"_tb_id" "261124"
"_tb_linked_group_id" "{@@@_REPLACE_ME_@@@}"
"_tb_transformation" "-6.123233995736766e-17 1 0 896 -1 -6.123233995736766e-17 0 -384 0 0 1 0 0 0 0 1"
"_tb_group" "261102"
}
// entity 42
{
"classname" "func_detail_wall"
"_tb_group" "261124"
// brush 0
{
( 256 -640 288 ) ( 240 -512 224 ) ( 240 -512 288 ) __TB_empty [ -0.12403473458920841 0.9922778767136677 0 0.40533447 ] [ 0 0 -1 0 ] 180 1 1
( 256 -640 224 ) ( 272 -512 224 ) ( 240 -512 224 ) __TB_empty [ 6.123233995736766e-17 1 0 0 ] [ 1 -6.123233995736766e-17 0 0 ] 270 1 1
( 256 -640 288 ) ( 240 -512 288 ) ( 272 -512 288 ) __TB_empty [ -6.123233995736766e-17 -1 0 0 ] [ 1 -6.123233995736766e-17 0 0 ] 90 1 1
( 240 -512 288 ) ( 272 -512 224 ) ( 272 -512 288 ) __TB_empty [ 1 -6.123233995736766e-17 0 0 ] [ 0 0 -1 0 ] 180 1 1
( 272 -512 224 ) ( 256 -640 288 ) ( 272 -512 288 ) __TB_empty [ 0.12403473458920852 0.9922778767136677 0 -0.10040283 ] [ 0 0 -1 0 ] 0 1 1
}
}
// entity 43
{
"classname" "func_group"
"_tb_type" "_tb_group"
"_tb_name" "Unnamed"
"_tb_id" "261125"
"_tb_linked_group_id" "{@@@_REPLACE_ME_@@@}"
"_tb_transformation" "0.24999999999999994 1 0 832 -0.96875 0.24999999999999994 0 -231.99999999999986 0 0 1 0 0 0 0 1"
"_tb_group" "261102"
}
// entity 44
{
"classname" "func_detail_wall"
"_tb_group" "261125"
// brush 0
{
( 256 -640 288 ) ( 208 -520 224 ) ( 208 -520 288 ) __TB_empty [ -0.35706969048408493 0.932139823579506 0 0.5739441 ] [ 0 0 -1 0 ] 216.95872 1 1
( 208 -520 288 ) ( 240 -512 224 ) ( 240 -512 288 ) __TB_empty [ 0.9393939393939393 0.24242424242424238 0 -0.3333435 ] [ 0 0 -1 0 ] 210.83464 1 1
( 256 -640 224 ) ( 240 -512 224 ) ( 208 -520 224 ) __TB_empty [ -0.24242424242424235 0.9696969696969697 0 0.6666565 ] [ 0.9393939393939393 0.24242424242424238 0 -0.3333435 ] 283.9648 1 1
( 256 -640 288 ) ( 208 -520 288 ) ( 240 -512 288 ) __TB_empty [ 0.24242424242424235 -0.9696969696969697 0 -0.6666565 ] [ 0.9393939393939393 0.24242424242424238 0 -0.3333435 ] 76.03516 1 1
( 240 -512 224 ) ( 256 -640 288 ) ( 240 -512 288 ) __TB_empty [ -0.12403473458920838 0.9922778767136679 0 0.40533447 ] [ 0 0 -1 0 ] 46.139923 1 1
}
}
// entity 45
{
"classname" "func_group"
"_tb_type" "_tb_group"
"_tb_name" "Unnamed"
"_tb_id" "261126"
"_tb_linked_group_id" "{@@@_REPLACE_ME_@@@}"
"_tb_transformation" "0.4999999999999999 1 0 768 -0.8750000000000003 0.4999999999999999 0 -96.00000000000006 0 0 1 0 0 0 0 1"
"_tb_group" "261102"
}
// entity 46
{
"classname" "func_detail_wall"
"_tb_group" "261126"
// brush 0
{
( 256 -640 288 ) ( 176 -536 224 ) ( 176 -536 288 ) __TB_empty [ -0.5374838498865702 0.8268982305947231 0 0.4053955 ] [ 0 0 -1 0 ] 203.71681 1 1
( 176 -536 288 ) ( 208 -520 224 ) ( 208 -520 288 ) __TB_empty [ 0.7777777777777775 0.4444444444444445 0 -0.6666565 ] [ 0 0 -1 0 ] 200.73886 1 1
( 256 -640 224 ) ( 208 -520 224 ) ( 176 -536 224 ) __TB_empty [ -0.4444444444444445 0.8888888888888891 0 0.666687 ] [ 0.7777777777777775 0.4444444444444445 0 -0.6666565 ] 292.65927 1 1
( 256 -640 288 ) ( 176 -536 288 ) ( 208 -520 288 ) __TB_empty [ 0.4444444444444445 -0.8888888888888891 0 -0.666687 ] [ 0.7777777777777775 0.4444444444444445 0 -0.6666565 ] 67.340546 1 1
( 208 -520 224 ) ( 256 -640 288 ) ( 208 -520 288 ) __TB_empty [ -0.3445409294144681 0.9371513280073532 0 0.57473755 ] [ 0 0 -1 0 ] 26.697998 1 1
}
}
// entity 47
{
"classname" "func_group"
"_tb_type" "_tb_group"
"_tb_name" "Unnamed"
"_tb_id" "261127"
"_tb_linked_group_id" "{@@@_REPLACE_ME_@@@}"
"_tb_transformation" "0.71875 0.75 0 552.0000000000001 -0.7187500000000004 0.7500000000000001 0 24.00000000000017 0 0 1 0 0 0 0 1"
"_tb_group" "261102"
}
// entity 48
{
"classname" "func_detail_wall"
"_tb_group" "261127"
// brush 0
{
( 152 -560 288 ) ( 176 -536 224 ) ( 176 -536 288 ) __TB_empty [ 0.6666666666666661 0.6666666666666664 0 0 ] [ 0 0 -1 0 ] 242.19273 1 1
( 256 -640 288 ) ( 152 -560 224 ) ( 152 -560 288 ) __TB_empty [ -0.7729700851211545 0.60759043900221 0 0.3328247 ] [ 0 0 -1 0 ] 252.71669 1 1
( 256 -640 224 ) ( 176 -536 224 ) ( 152 -560 224 ) __TB_empty [ -0.6956521739130435 0.6956521739130435 0 0.3043213 ] [ 0.6666666666666661 0.6666666666666664 0 0 ] 307.23962 1 1
( 256 -640 288 ) ( 152 -560 288 ) ( 176 -536 288 ) __TB_empty [ 0.6956521739130435 -0.6956521739130435 0 -0.3043213 ] [ 0.6666666666666661 0.6666666666666664 0 0 ] 52.760437 1 1
( 176 -536 224 ) ( 256 -640 288 ) ( 176 -536 288 ) __TB_empty [ -0.6075904390022089 0.7729700851211534 0 0.8386841 ] [ 0 0 -1 0 ] 80.4321 1 1
}
}
