// entity 0
{
"classname" "func_group"
"_tb_type" "_tb_group"
"_tb_name" "Unnamed"
"_tb_id" "261088"
}
// entity 1
{
"classname" "func_group"
"_tb_type" "_tb_group"
"_tb_name" "Unnamed"
"_tb_id" "261090"
"_tb_linked_group_id" "{@@@_REPLACE_ME_@@@}"
"_tb_transformation" "1 -2.4492935982947064e-16 0 -1.1368683772161603e-13 2.4492935982947064e-16 1 0 -5.684341886080802e-14 0 0 1 0 0 0 0 1"
"_tb_group" "261088"
}
// entity 2
{
"classname" "func_detail_wall"
"_tb_group" "261090"
// brush 0
{
( 128 -608 160 ) ( 128 -672 96 ) ( 128 -608 96 ) __TB_empty [ -4.2862637970157366e-16 1 0 0 ] [ 0 0 -1 0 ] 0 1 1
( 128 -608 96 ) ( 128 -672 96 ) ( 256 -640 96 ) __TB_empty [ -4.2862637970157366e-16 1 0 0 ] [ 1 4.2862637970157366e-16 0 0 ] 270 1 1
( 128 -608 160 ) ( 256 -640 160 ) ( 128 -672 160 ) __TB_empty [ 4.2862637970157366e-16 -1 0 0 ] [ 1 4.2862637970157366e-16 0 0 ] 90 1 1
( 128 -672 96 ) ( 256 -640 160 ) ( 256 -640 96 ) __TB_empty [ 0.9701425001453319 0.24253562503633336 0 -0.15338135 ] [ 0 0 -1 0 ] 0 1 1
( 128 -608 160 ) ( 256 -640 96 ) ( 256 -640 160 ) __TB_empty [ 0.9701425001453319 -0.24253562503633258 0 -0.598999 ] [ 0 0 -1 0 ] 180 1 1
}
}
// entity 3
{
"classname" "func_group"
"_tb_type" "_tb_group"
"_tb_name" "Unnamed"
"_tb_id" "261091"
"_tb_linked_group_id" "{@@@_REPLACE_ME_@@@}"
"_tb_transformation" "0.875 0.4999999999999998 0 351.99999999999983 -0.4999999999999998 1 0 128 0 0 1 0 0 0 0 1"
"_tb_group" "261088"
}
// entity 4
{
"classname" "func_detail_wall"
"_tb_group" "261091"
// brush 0
{
( 160 -544 160 ) ( 128 -608 96 ) ( 160 -544 96 ) __TB_empty [ 0.444444444444444 0.7777777777777778 0 -0.9999695 ] [ 0 0 -1 0 ] 218.9571 1 1
( 128 -608 96 ) ( 256 -640 160 ) ( 256 -640 96 ) __TB_empty [ 0.9701425001453319 -0.24253562503633253 0 -0.598999 ] [ 0 0 -1 0 ] 54.83795 1 1
( 160 -544 96 ) ( 128 -608 96 ) ( 256 -640 96 ) __TB_empty [ 0.444444444444444 0.7777777777777778 0 -0.9999695 ] [ 0.8888888888888888 -0.444444444444444 0 0 ] 244.60571 1 1
( 160 -544 160 ) ( 256 -640 160 ) ( 128 -608 160 ) __TB_empty [ -0.444444444444444 -0.7777777777777778 0 0.9999695 ] [ 0.8888888888888888 -0.444444444444444 0 0 ] 115.39429 1 1
( 160 -544 160 ) ( 256 -640 96 ) ( 256 -640 160 ) __TB_empty [ 0.7545552778908138 -0.6198132639817396 0 -0.866333 ] [ 0 0 -1 0 ] 195.14946 1 1
}
}
// entity 5
{
"classname" "func_group"
"_tb_type" "_tb_group"
"_tb_name" "Unnamed"
"_tb_id" "261092"
"_tb_linked_group_id" "{@@@_REPLACE_ME_@@@}"
"_tb_transformation" "0.5000000000000001 1 0 767.9999999999999 -0.875 0.5000000000000004 0 -95.99999999999977 0 0 1 0 0 0 0 1"
"_tb_group" "261088"
}
// entity 6
{
"classname" "func_detail_wall"
"_tb_group" "261092"
// brush 0
{
( 160 -544 96 ) ( 256 -640 160 ) ( 256 -640 96 ) __TB_empty [ 0.61981326398174 -0.7545552778908136 0 -0.60723877 ] [ 0 0 -1 0 ] 30.802612 1 1
( 224 -512 160 ) ( 160 -544 96 ) ( 224 -512 96 ) __TB_empty [ 0.7777777777777778 0.44444444444444486 0 -0.6666565 ] [ 0 0 -1 0 ] 236.47383 1 1
( 224 -512 96 ) ( 160 -544 96 ) ( 256 -640 96 ) __TB_empty [ 0.7777777777777778 0.44444444444444486 0 -0.6666565 ] [ 0.4444444444444449 -0.8888888888888888 0 -0.666626 ] 214.17932 1 1
( 224 -512 160 ) ( 256 -640 160 ) ( 160 -544 160 ) __TB_empty [ -0.7777777777777778 -0.44444444444444486 0 0.6666565 ] [ 0.4444444444444449 -0.8888888888888888 0 -0.666626 ] 145.82068 1 1
( 224 -512 160 ) ( 256 -640 96 ) ( 256 -640 160 ) __TB_empty [ 0.2425356250363332 -0.9701425001453314 0 0 ] [ 0 0 -1 0 ] 250.37294 1 1
}
}
// entity 7
{
"classname" "func_group"
"_tb_type" "_tb_group"
"_tb_name" "Unnamed"
"_tb_id" "261093"
"_tb_linked_group_id" "{@@@_REPLACE_ME_@@@}"
"_tb_transformation" "-0.875 0.5000000000000006 0 800.0000000000002 -0.5000000000000001 -1 0 -1152 0 0 1 0 0 0 0 1"
"_tb_group" "261088"
}
// entity 8
{
"classname" "func_detail_wall"
"_tb_group" "261093"
// brush 0
{
( 352 -544 96 ) ( 256 -640 160 ) ( 256 -640 96 ) __TB_empty [ -0.7545552778908136 -0.61981326398174 0 0.46595764 ] [ 0 0 -1 0 ] 30.802612 1 1
( 384 -608 96 ) ( 352 -544 96 ) ( 256 -640 96 ) __TB_empty [ 0.4444444444444449 -0.7777777777777778 0 -0.555542 ] [ -0.8888888888888888 -0.444444444444445 0 0.11112404 ] 124.17932 1 1
( 384 -608 160 ) ( 256 -640 160 ) ( 352 -544 160 ) __TB_empty [ -0.4444444444444449 0.7777777777777778 0 0.555542 ] [ -0.8888888888888888 -0.444444444444445 0 0.11112404 ] 235.82068 1 1
( 384 -608 160 ) ( 256 -640 96 ) ( 256 -640 160 ) __TB_empty [ -0.9701425001453314 -0.24253562503633325 0 0.113983154 ] [ 0 0 -1 0 ] 250.37294 1 1
( 384 -608 160 ) ( 352 -544 96 ) ( 384 -608 96 ) __TB_empty [ 0.4444444444444449 -0.7777777777777778 0 -0.555542 ] [ 0 0 -1 0 ] 236.47383 1 1
}
}
// entity 9
{
"classname" "func_group"
"_tb_type" "_tb_group"
"_tb_name" "Unnamed"
"_tb_id" "261094"
"_tb_linked_group_id" "{@@@_REPLACE_ME_@@@}"
"_tb_transformation" "-0.4999999999999997 1 0 1024 -0.875 -0.4999999999999997 0 -735.9999999999998 0 0 1 0 0 0 0 1"
"_tb_group" "261088"
}
// entity 10
{
"classname" "func_detail_wall"
"_tb_group" "261094"
// brush 0
{
( 288 -512 96 ) ( 256 -640 160 ) ( 256 -640 96 ) __TB_empty [ -0.24253562503633247 -0.9701425001453319 0 0.17822266 ] [ 0 0 -1 0 ] 54.83795 1 1
( 352 -544 96 ) ( 288 -512 96 ) ( 256 -640 96 ) __TB_empty [ 0.7777777777777778 -0.4444444444444439 0 -0.555542 ] [ -0.4444444444444439 -0.8888888888888888 0 0.8888855 ] 154.60571 1 1
( 352 -544 160 ) ( 256 -640 160 ) ( 288 -512 160 ) __TB_empty [ -0.7777777777777778 0.4444444444444439 0 0.555542 ] [ -0.4444444444444439 -0.8888888888888888 0 0.8888855 ] 205.39429 1 1
( 352 -544 160 ) ( 288 -512 96 ) ( 352 -544 96 ) __TB_empty [ 0.7777777777777778 -0.4444444444444439 0 -0.555542 ] [ 0 0 -1 0 ] 218.9571 1 1
( 352 -544 160 ) ( 256 -640 96 ) ( 256 -640 160 ) __TB_empty [ -0.6198132639817396 -0.7545552778908138 0 0.7371216 ] [ 0 0 -1 0 ] 195.14946 1 1
}
}
// entity 11
{
"classname" "func_group"
"_tb_type" "_tb_group"
"_tb_name" "Unnamed"
"_tb_id" "261095"
"_tb_linked_group_id" "{@@@_REPLACE_ME_@@@}"
"_tb_transformation" "3.061616997868383e-16 1 0 895.9999999999999 -1 3.061616997868383e-16 0 -383.9999999999999 0 0 1 0 0 0 0 1"
"_tb_group" "261088"
}
// entity 12
{
"classname" "func_detail_wall"
"_tb_group" "261095"
// brush 0
{
( 224 -512 96 ) ( 256 -640 160 ) ( 256 -640 96 ) __TB_empty [ 0.2425356250363334 -0.9701425001453319 0 0 ] [ 0 0 -1 0 ] 0 1 1
( 288 -512 96 ) ( 224 -512 96 ) ( 256 -640 96 ) __TB_empty [ 1 4.898587196589413e-16 0 0 ] [ 4.898587196589413e-16 -1 0 0 ] 180 1 1
( 288 -512 160 ) ( 256 -640 160 ) ( 224 -512 160 ) __TB_empty [ -1 -4.898587196589413e-16 0 0 ] [ 4.898587196589413e-16 -1 0 0 ] 180 1 1
( 288 -512 160 ) ( 224 -512 96 ) ( 288 -512 96 ) __TB_empty [ 1 4.898587196589413e-16 0 0 ] [ 0 0 -1 0 ] 0 1 1
( 288 -512 160 ) ( 256 -640 96 ) ( 256 -640 160 ) __TB_empty [ -0.24253562503633253 -0.9701425001453319 0 0.17822266 ] [ 0 0 -1 0 ] 180 1 1
}
}
// entity 13
{
"classname" "func_group"
"_tb_type" "_tb_group"
"_tb_name" "Unnamed"
"_tb_id" "261096"
"_tb_linked_group_id" "{@@@_REPLACE_ME_@@@}"
"_tb_transformation" "-1 3.67394039744206e-16 0 512.0000000000002 -3.67394039744206e-16 -1 0 -1279.9999999999998 0 0 1 0 0 0 0 1"
"_tb_group" "261088"
}
// entity 14
{
"classname" "func_detail_wall"
"_tb_group" "261096"
// brush 0
{
( 384 -672 160 ) ( 256 -640 96 ) ( 256 -640 160 ) __TB_empty [ -0.9701425001453319 0.24253562503633247 0 0.5595398 ] [ 0 0 -1 0 ] 180 1 1
( 384 -608 96 ) ( 256 -640 160 ) ( 256 -640 96 ) __TB_empty [ -0.9701425001453319 -0.24253562503633347 0 -0.8860321 ] [ 0 0 -1 0 ] 0 1 1
( 384 -672 96 ) ( 384 -608 96 ) ( 256 -640 96 ) __TB_empty [ 5.51091059616309e-16 -1 0 0 ] [ -1 -5.51091059616309e-16 0 0 ] 90 1 1
( 384 -672 160 ) ( 256 -640 160 ) ( 384 -608 160 ) __TB_empty [ -5.51091059616309e-16 1 0 0 ] [ -1 -5.51091059616309e-16 0 0 ] 270 1 1
( 384 -672 160 ) ( 384 -608 96 ) ( 384 -672 96 ) __TB_empty [ 5.51091059616309e-16 -1 0 0 ] [ 0 0 -1 0 ] 0 1 1
}
}
// entity 15
{
"classname" "func_group"
"_tb_type" "_tb_group"
"_tb_name" "Unnamed"
"_tb_id" "261097"
"_tb_linked_group_id" "{@@@_REPLACE_ME_@@@}"
"_tb_transformation" "-0.875 -0.49999999999999967 0 160.00000000000034 0.49999999999999967 -1 0 -1408 0 0 1 0 0 0 0 1"
"_tb_group" "261088"
}
// entity 16
{
"classname" "func_detail_wall"
"_tb_group" "261097"
// brush 0
{
( 352 -736 160 ) ( 256 -640 96 ) ( 256 -640 160 ) __TB_empty [ -0.7545552778908138 0.6198132639817396 0 0.82696533 ] [ 0 0 -1 0 ] 195.14946 1 1
( 352 -736 96 ) ( 384 -672 96 ) ( 256 -640 96 ) __TB_empty [ -0.44444444444444386 -0.7777777777777778 0 -0.9999695 ] [ -0.8888888888888888 0.44444444444444386 0 0 ] 64.60571 1 1
( 352 -736 160 ) ( 256 -640 160 ) ( 384 -672 160 ) __TB_empty [ 0.44444444444444386 0.7777777777777778 0 0.9999695 ] [ -0.8888888888888888 0.44444444444444386 0 0 ] 295.3943 1 1
( 384 -672 96 ) ( 256 -640 160 ) ( 256 -640 96 ) __TB_empty [ -0.9701425001453319 0.24253562503633241 0 0.5595398 ] [ 0 0 -1 0 ] 54.83795 1 1
( 352 -736 160 ) ( 384 -672 96 ) ( 352 -736 96 ) __TB_empty [ -0.44444444444444386 -0.7777777777777778 0 -0.9999695 ] [ 0 0 -1 0 ] 218.9571 1 1
}
}
// entity 17
{
"classname" "func_group"
"_tb_type" "_tb_group"
"_tb_name" "Unnamed"
"_tb_id" "261098"
"_tb_linked_group_id" "{@@@_REPLACE_ME_@@@}"
"_tb_transformation" "-0.5000000000000001 -1 0 -255.99999999999977 0.875 -0.5000000000000007 0 -1184.0000000000002 0 0 1 0 0 0 0 1"
"_tb_group" "261088"
}
// entity 18
{
"classname" "func_detail_wall"
"_tb_group" "261098"
// brush 0
{
( 288 -768 160 ) ( 256 -640 96 ) ( 256 -640 160 ) __TB_empty [ -0.2425356250363333 0.9701425001453314 0 0.9606323 ] [ 0 0 -1 0 ] 250.37294 1 1
( 288 -768 96 ) ( 352 -736 96 ) ( 256 -640 96 ) __TB_empty [ -0.7777777777777778 -0.444444444444445 0 -0.33332062 ] [ -0.44444444444444503 0.8888888888888888 0 0.666687 ] 34.17932 1 1
( 288 -768 160 ) ( 256 -640 160 ) ( 352 -736 160 ) __TB_empty [ 0.7777777777777778 0.444444444444445 0 0.33332062 ] [ -0.44444444444444503 0.8888888888888888 0 0.666687 ] 325.82068 1 1
( 288 -768 160 ) ( 352 -736 96 ) ( 288 -768 96 ) __TB_empty [ -0.7777777777777778 -0.444444444444445 0 -0.33332062 ] [ 0 0 -1 0 ] 236.47383 1 1
( 352 -736 96 ) ( 256 -640 160 ) ( 256 -640 96 ) __TB_empty [ -0.61981326398174 0.7545552778908136 0 0.5678711 ] [ 0 0 -1 0 ] 30.802612 1 1
}
}
// entity 19
{
"classname" "func_group"
"_tb_type" "_tb_group"
"_tb_name" "Unnamed"
"_tb_id" "261099"
"_tb_linked_group_id" "{@@@_REPLACE_ME_@@@}"
"_tb_transformation" "0.875 -0.5000000000000008 0 -288.0000000000002 0.5000000000000001 1 0 -128 0 0 1 0 0 0 0 1"
"_tb_group" "261088"
}
// entity 20
{
"classname" "func_detail_wall"
"_tb_group" "261099"
// brush 0
{
( 128 -672 160 ) ( 160 -736 96 ) ( 128 -672 96 ) __TB_empty [ -0.44444444444444503 0.7777777777777778 0 0.555542 ] [ 0 0 -1 0 ] 236.47383 1 1
( 128 -672 160 ) ( 256 -640 96 ) ( 256 -640 160 ) __TB_empty [ 0.9701425001453314 0.24253562503633336 0 0.846653 ] [ 0 0 -1 0 ] 250.37294 1 1
( 128 -672 96 ) ( 160 -736 96 ) ( 256 -640 96 ) __TB_empty [ -0.44444444444444503 0.7777777777777778 0 0.555542 ] [ 0.8888888888888888 0.4444444444444451 0 0.88890076 ] 304.17932 1 1
( 128 -672 160 ) ( 256 -640 160 ) ( 160 -736 160 ) __TB_empty [ 0.44444444444444503 -0.7777777777777778 0 -0.555542 ] [ 0.8888888888888888 0.4444444444444451 0 0.88890076 ] 55.82068 1 1
( 160 -736 96 ) ( 256 -640 160 ) ( 256 -640 96 ) __TB_empty [ 0.7545552778908136 0.61981326398174 0 0.49465942 ] [ 0 0 -1 0 ] 30.802612 1 1
}
}
// entity 21
{
"classname" "func_group"
"_tb_type" "_tb_group"
"_tb_name" "Unnamed"
"_tb_id" "261100"
"_tb_linked_group_id" "{@@@_REPLACE_ME_@@@}"
"_tb_transformation" "0.4999999999999996 -1 0 -512 0.875 0.4999999999999996 0 -544.0000000000003 0 0 1 0 0 0 0 1"
"_tb_group" "261088"
}
// entity 22
{
"classname" "func_detail_wall"
"_tb_group" "261100"
// brush 0
{
( 160 -736 160 ) ( 256 -640 96 ) ( 256 -640 160 ) __TB_empty [ 0.6198132639817396 0.7545552778908138 0 0.22348022 ] [ 0 0 -1 0 ] 195.14946 1 1
( 160 -736 160 ) ( 224 -768 96 ) ( 160 -736 96 ) __TB_empty [ -0.7777777777777778 0.4444444444444438 0 0.555542 ] [ 0 0 -1 0 ] 218.9571 1 1
( 160 -736 96 ) ( 224 -768 96 ) ( 256 -640 96 ) __TB_empty [ -0.7777777777777778 0.4444444444444438 0 0.555542 ] [ 0.4444444444444438 0.8888888888888888 0 0.111083984 ] 334.6057 1 1
( 160 -736 160 ) ( 256 -640 160 ) ( 224 -768 160 ) __TB_empty [ 0.7777777777777778 -0.4444444444444438 0 -0.555542 ] [ 0.4444444444444438 0.8888888888888888 0 0.111083984 ] 25.394287 1 1
( 224 -768 96 ) ( 256 -640 160 ) ( 256 -640 96 ) __TB_empty [ 0.24253562503633236 0.9701425001453319 0 0.78240967 ] [ 0 0 -1 0 ] 54.83795 1 1
}
}
// entity 23
{
"classname" "func_group"
"_tb_type" "_tb_group"
"_tb_name" "Unnamed"
"_tb_id" "261101"
"_tb_linked_group_id" "{@@@_REPLACE_ME_@@@}"
"_tb_transformation" "-4.2862637970157366e-16 -1 0 -383.9999999999998 1 -4.2862637970157366e-16 0 -896.0000000000002 0 0 1 0 0 0 0 1"
"_tb_group" "261088"
}
// entity 24
{
"classname" "func_detail_wall"
"_tb_group" "261101"
// brush 0
{
( 224 -768 160 ) ( 256 -640 96 ) ( 256 -640 160 ) __TB_empty [ 0.24253562503633241 0.9701425001453319 0 0.78240967 ] [ 0 0 -1 0 ] 180 1 1
( 224 -768 160 ) ( 288 -768 96 ) ( 224 -768 96 ) __TB_empty [ -1 -6.123233995736766e-16 0 0 ] [ 0 0 -1 0 ] 0 1 1
( 224 -768 96 ) ( 288 -768 96 ) ( 256 -640 96 ) __TB_empty [ -1 -6.123233995736766e-16 0 0 ] [ -6.123233995736766e-16 1 0 0.99993896 ] 0 1 1
( 224 -768 160 ) ( 256 -640 160 ) ( 288 -768 160 ) __TB_empty [ 1 6.123233995736766e-16 0 0 ] [ -6.123233995736766e-16 1 0 0.99993896 ] 0 1 1
( 288 -768 96 ) ( 256 -640 160 ) ( 256 -640 96 ) __TB_empty [ -0.24253562503633352 0.9701425001453319 0 0.9606323 ] [ 0 0 -1 0 ] 0 1 1
}
}
