// entity 0
{
"classname" "func_detail"
// brush 0
{
( 4384 1152 64 ) ( 4384 1024 64 ) ( 4384 1024 0 ) 64_cyan_1 [ 0.12403473458920836 -0.9922778767136677 0 -49.977783 ] [ 0 0 -1 0 ] 0 1 1
( 4384 1024 0 ) ( 4448 1040 0 ) ( 4384 1152 0 ) trim_band_teal [ 0.970142500145332 0.242535625036333 -8.326672684688674e-17 6.581543 ] [ 0.242535625036333 -0.970142500145332 -5.551115123125783e-17 -296.00006 ] 0 1.059713 0.97014284
( 4384 1152 64 ) ( 4448 1040 64 ) ( 4384 1024 64 ) trim_band_teal [ 0.970142500145332 0.242535625036333 -8.326672684688674e-17 6.581543 ] [ 0.242535625036333 -0.970142500145332 -5.551115123125783e-17 -296.00006 ] 0 1.059713 0.97014284
( 4384 1024 64 ) ( 4448 1040 64 ) ( 4448 1040 0 ) trim_band_teal [ 0.9701425001453319 0.24253562503633305 0 6.581543 ] [ 0 0 -1 -160 ] 0 1.059713 1
( 4384 1152 64 ) ( 4384 1152 0 ) ( 4448 1040 0 ) 64_cyan_1 [ -0.37139067635410367 0.9284766908852594 0 51.573303 ] [ 0 0 -1 0 ] 0 1 1
}
// brush 1
{
( 4320 1152 64 ) ( 4320 1024 64 ) ( 4320 1024 0 ) 64_cyan_3 [ -0.12403473458920852 -0.9922778767136677 0 -38.054565 ] [ 0 0 -1 0 ] 0 1 1
( 4320 1024 64 ) ( 4384 1024 64 ) ( 4384 1024 0 ) trim_band_teal [ 1 0 0 117.42432 ] [ 0 0 -1 -160 ] 0 1.059713 1
( 4384 1024 0 ) ( 4384 1152 0 ) ( 4320 1152 0 ) trim_band_teal [ 1.0000000000000002 0 0 117.42432 ] [ 0 -1.0000000000000002 0 -224 ] 0 1.059713 1
( 4320 1152 64 ) ( 4384 1152 64 ) ( 4384 1024 64 ) trim_band_teal [ 1.0000000000000002 0 0 117.42432 ] [ 0 -1.0000000000000002 0 -224 ] 0 1.059713 1
( 4384 1152 0 ) ( 4384 1152 64 ) ( 4320 1152 64 ) trim_band_teal [ -1.0000000000000002 3.3306690738754696e-16 0 -28.59961 ] [ 0 0 -1 -160 ] 0 0.809016 1
( 4384 1024 64 ) ( 4384 1152 64 ) ( 4384 1152 0 ) 64_cyan_3 [ -0.12403473458920836 0.9922778767136677 0 49.977783 ] [ 0 0 -1 0 ] 0 1 1
}
// brush 2
{
( 4256 1040 64 ) ( 4256 1040 0 ) ( 4320 1152 0 ) 64_cyan_2 [ -0.37139067635410383 -0.9284766908852594 0 8.47583 ] [ 0 0 -1 0 ] 0 1 1
( 4320 1024 0 ) ( 4256 1040 0 ) ( 4256 1040 64 ) trim_band_teal [ 0.9701425001453319 -0.24253562503633305 0 -38.49707 ] [ 0 0 -1 -160 ] 0 1.059713 1
( 4320 1024 0 ) ( 4320 1152 0 ) ( 4256 1040 0 ) trim_band_teal [ 0.970142500145332 -0.242535625036333 8.326672684688674e-17 -38.49707 ] [ -0.242535625036333 -0.970142500145332 -5.551115123125783e-17 -167.99951 ] 0 1.059713 0.97014236
( 4256 1040 64 ) ( 4320 1152 64 ) ( 4320 1024 64 ) trim_band_teal [ 0.970142500145332 -0.242535625036333 8.326672684688674e-17 -38.49707 ] [ -0.242535625036333 -0.970142500145332 -5.551115123125783e-17 -167.99951 ] 0 1.059713 0.97014236
( 4320 1024 64 ) ( 4320 1152 64 ) ( 4320 1152 0 ) 64_cyan_2 [ 0.12403473458920852 0.9922778767136677 0 38.054565 ] [ 0 0 -1 0 ] 0 1 1
}
// brush 3
{
( 4256 1184 0 ) ( 4256 1184 64 ) ( 4192 1072 64 ) 64_cyan_1 [ -0.6097107608496924 -0.7926239891046001 0 19.710693 ] [ 0 0 -1 0 ] 0 1 1
( 4256 1040 0 ) ( 4192 1072 0 ) ( 4192 1072 64 ) trim_band_teal [ 0.8944271909999169 -0.44721359549995576 0 -45.540283 ] [ 0 0 -1 -160 ] 0 1.059713 1
( 4256 1040 0 ) ( 4320 1152 0 ) ( 4256 1184 0 ) trim_band_teal [ 0.8944271909999161 -0.4472135954999581 -2.3869795029440866e-15 -45.540283 ] [ -0.44721359549995804 -0.8944271909999161 5.551115123125783e-17 32.000732 ] 0 1.059713 1.0062304
( 4256 1184 64 ) ( 4320 1152 64 ) ( 4256 1040 64 ) trim_band_teal [ 0.8944271909999161 -0.4472135954999581 -2.3869795029440866e-15 -45.540283 ] [ -0.44721359549995804 -0.8944271909999161 5.551115123125783e-17 32.000732 ] 0 1.059713 1.0062304
( 4320 1152 0 ) ( 4320 1152 64 ) ( 4256 1184 64 ) trim_band_teal [ -0.894427190999916 0.4472135954999584 0 306.84985 ] [ 0 0 -1 -160 ] 0 0.809016 1
( 4256 1040 64 ) ( 4320 1152 64 ) ( 4320 1152 0 ) 64_cyan_1 [ 0.37139067635410383 0.9284766908852594 0 -8.47583 ] [ 0 0 -1 0 ] 0 1 1
}
// brush 4
{
( 4192 1072 0 ) ( 4144 1120 0 ) ( 4144 1120 64 ) trim_band_teal [ 0.7071067811865491 -0.7071067811865458 0 -65.63391 ] [ 0 0 -1 -160 ] 0 1.059713 1
( 4256 1184 0 ) ( 4256 1184 64 ) ( 4144 1120 64 ) 64_cyan_3 [ -0.7926239891046001 -0.6097107608496924 0 58.684326 ] [ 0 0 -1 0 ] 0 1 1
( 4192 1072 0 ) ( 4256 1184 0 ) ( 4144 1120 0 ) trim_band_teal [ 0.7071067811865477 -0.7071067811865477 -2.3592239273284576e-15 -65.63391 ] [ -0.7071067811865477 -0.7071067811865477 1.1102230246251565e-16 20.35962 ] 0 1.059713 0.9722729
( 4144 1120 64 ) ( 4256 1184 64 ) ( 4192 1072 64 ) trim_band_teal [ 0.7071067811865477 -0.7071067811865477 -2.3592239273284576e-15 -65.63391 ] [ -0.7071067811865477 -0.7071067811865477 1.1102230246251565e-16 20.35962 ] 0 1.059713 0.9722729
( 4192 1072 64 ) ( 4256 1184 64 ) ( 4256 1184 0 ) 64_cyan_3 [ 0.6097107608496924 0.7926239891046001 0 -19.710693 ] [ 0 0 -1 0 ] 0 1 1
}
// brush 5
{
( 4144 1120 0 ) ( 4112 1184 0 ) ( 4112 1184 64 ) trim_band_teal [ 0.44721359549996 -0.8944271909999149 0 -387.34637 ] [ 0 0 -1 -160 ] 0 1.059713 1
( 4224 1248 0 ) ( 4224 1248 64 ) ( 4112 1184 64 ) 64_cyan_2 [ -0.9284766908852594 -0.3713906763541037 0 28.378906 ] [ 0 0 -1 0 ] 0 1 1
( 4144 1120 0 ) ( 4256 1184 0 ) ( 4224 1248 0 ) trim_band_teal [ 0.4472135954999581 -0.8944271909999162 -2.248201624865942e-15 -387.34625 ] [ -0.8944271909999161 -0.44721359549995804 5.551115123125783e-17 -138.66992 ] 0 1.059713 1.0062313
( 4224 1248 64 ) ( 4256 1184 64 ) ( 4144 1120 64 ) trim_band_teal [ 0.4472135954999581 -0.8944271909999162 -2.248201624865942e-15 -387.34625 ] [ -0.8944271909999161 -0.44721359549995804 5.551115123125783e-17 -138.66992 ] 0 1.059713 1.0062313
( 4144 1120 64 ) ( 4256 1184 64 ) ( 4256 1184 0 ) 64_cyan_2 [ 0.7926239891046001 0.6097107608496924 0 -58.684326 ] [ 0 0 -1 0 ] 0 1 1
( 4256 1184 0 ) ( 4256 1184 64 ) ( 4224 1248 64 ) trim_band_teal [ -0.4472135954999576 0.8944271909999164 0 371.688 ] [ 0 0 -1 -160 ] 0 0.809016 1
}
// brush 6
{
( 4112 1184 0 ) ( 4096 1248 0 ) ( 4096 1248 64 ) trim_band_teal [ 0.24253562503633502 -0.9701425001453314 0 -20.539642 ] [ 0 0 -1 -160 ] 0 1.059713 1
( 4112 1184 0 ) ( 4224 1248 0 ) ( 4096 1248 0 ) trim_band_teal [ 0.242535625036333 -0.970142500145332 -2.095545958979983e-15 -20.539719 ] [ -0.970142500145332 -0.242535625036333 -5.898059818321144e-17 88 ] 0 1.059713 0.97014236
( 4096 1248 64 ) ( 4224 1248 64 ) ( 4112 1184 64 ) trim_band_teal [ 0.242535625036333 -0.970142500145332 -2.095545958979983e-15 -20.539719 ] [ -0.970142500145332 -0.242535625036333 -5.898059818321144e-17 88 ] 0 1.059713 0.97014236
( 4224 1248 0 ) ( 4224 1248 64 ) ( 4096 1248 64 ) 64_cyan_1 [ -0.9922778767136677 -0.12403473458920841 0 48.86377 ] [ 0 0 -1 0 ] 0 1 1
( 4112 1184 64 ) ( 4224 1248 64 ) ( 4224 1248 0 ) 64_cyan_1 [ 0.9284766908852594 0.3713906763541037 0 -28.378906 ] [ 0 0 -1 0 ] 0 1 1
}
// brush 7
{
( 4096 1312 64 ) ( 4096 1248 64 ) ( 4096 1248 0 ) trim_band_teal [ 2.0122792321330962e-15 -1 0 -71.92932 ] [ 0 0 -1 -160 ] 0 1.059713 1
( 4096 1248 64 ) ( 4224 1248 64 ) ( 4224 1248 0 ) 64_cyan_3 [ 0.9922778767136677 0.12403473458920841 0 -48.86377 ] [ 0 0 -1 0 ] 0 1 1
( 4224 1248 0 ) ( 4224 1312 0 ) ( 4096 1312 0 ) trim_band_teal [ 0 -1.0000000000000002 -2.0122792321330966e-15 -71.92932 ] [ -1.0000000000000002 0 0 288 ] 0 1.059713 1
( 4096 1312 64 ) ( 4224 1312 64 ) ( 4224 1248 64 ) trim_band_teal [ 0 -1.0000000000000002 -2.0122792321330966e-15 -71.92932 ] [ -1.0000000000000002 0 0 288 ] 0 1.059713 1
( 4224 1312 0 ) ( 4224 1312 64 ) ( 4096 1312 64 ) 64_cyan_3 [ -0.9922778767136677 0.12403473458920869 0 7.6591797 ] [ 0 0 -1 0 ] 0 1 1
( 4224 1248 64 ) ( 4224 1312 64 ) ( 4224 1312 0 ) trim_band_teal [ 5.551115123125783e-16 1.0000000000000004 0 433.85718 ] [ 0 0 -1 -160 ] 0 0.809016 1
}
// brush 8
{
( 4112 1376 64 ) ( 4096 1312 64 ) ( 4096 1312 0 ) trim_band_teal [ -0.24253562503633108 -0.9701425001453323 0 -195.44678 ] [ 0 0 -1 -160 ] 0 1.059713 1
( 4096 1312 64 ) ( 4224 1312 64 ) ( 4224 1312 0 ) 64_cyan_2 [ 0.9922778767136677 -0.12403473458920869 0 -7.6591797 ] [ 0 0 -1 0 ] 0 1 1
( 4096 1312 0 ) ( 4224 1312 0 ) ( 4112 1376 0 ) trim_band_teal [ -0.242535625036333 -0.970142500145332 -1.9567680809018384e-15 -195.44678 ] [ -0.970142500145332 0.242535625036333 -5.898059818321144e-17 471.99292 ] 0 1.059713 0.9701442
( 4112 1376 64 ) ( 4224 1312 64 ) ( 4096 1312 64 ) trim_band_teal [ -0.242535625036333 -0.970142500145332 -1.9567680809018384e-15 -195.44678 ] [ -0.970142500145332 0.242535625036333 -5.898059818321144e-17 471.99292 ] 0 1.059713 0.9701442
( 4224 1312 0 ) ( 4224 1312 64 ) ( 4112 1376 64 ) 64_cyan_2 [ -0.9284766908852594 0.371390676354104 0 1.0839844 ] [ 0 0 -1 0 ] 0 1 1
}
// brush 9
{
( 4144 1440 64 ) ( 4112 1376 64 ) ( 4112 1376 0 ) trim_band_teal [ -0.4472135954999564 -0.8944271909999166 0 -11.549561 ] [ 0 0 -1 -160 ] 0 1.059713 1
( 4112 1376 64 ) ( 4224 1312 64 ) ( 4224 1312 0 ) 64_cyan_1 [ 0.9284766908852594 -0.371390676354104 0 -1.0839844 ] [ 0 0 -1 0 ] 0 1 1
( 4224 1312 0 ) ( 4256 1376 0 ) ( 4144 1440 0 ) trim_band_teal [ -0.447213595499958 -0.8944271909999161 -1.7486012637846216e-15 -11.549316 ] [ -0.8944271909999161 0.44721359549995804 5.551115123125783e-17 259.55493 ] 0 1.059713 1.0062308
( 4144 1440 64 ) ( 4256 1376 64 ) ( 4224 1312 64 ) trim_band_teal [ -0.447213595499958 -0.8944271909999161 -1.7486012637846216e-15 -11.549316 ] [ -0.8944271909999161 0.44721359549995804 5.551115123125783e-17 259.55493 ] 0 1.059713 1.0062308
( 4256 1376 0 ) ( 4256 1376 64 ) ( 4144 1440 64 ) 64_cyan_1 [ -0.7926239891046001 0.6097107608496924 0 44.760498 ] [ 0 0 -1 0 ] 0 1 1
( 4224 1312 64 ) ( 4256 1376 64 ) ( 4256 1376 0 ) trim_band_teal [ 0.4472135954999587 0.8944271909999161 0 318.09473 ] [ 0 0 -1 -160 ] 0 0.809016 1
}
// brush 10
{
( 4192 1488 64 ) ( 4144 1440 64 ) ( 4144 1440 0 ) trim_band_teal [ -0.7071067811865462 -0.7071067811865487 0 -273.781 ] [ 0 0 -1 -160 ] 0 1.059713 1
( 4144 1440 64 ) ( 4256 1376 64 ) ( 4256 1376 0 ) 64_cyan_3 [ 0.7926239891046001 -0.6097107608496924 0 -44.760498 ] [ 0 0 -1 0 ] 0 1 1
( 4144 1440 0 ) ( 4256 1376 0 ) ( 4192 1488 0 ) trim_band_teal [ -0.7071067811865477 -0.7071067811865476 -1.7486012637846216e-15 -273.781 ] [ -0.7071067811865477 0.7071067811865477 1.1102230246251565e-16 206.5448 ] 0 1.059713 0.97227216
( 4192 1488 64 ) ( 4256 1376 64 ) ( 4144 1440 64 ) trim_band_teal [ -0.7071067811865477 -0.7071067811865476 -1.7486012637846216e-15 -273.781 ] [ -0.7071067811865477 0.7071067811865477 1.1102230246251565e-16 206.5448 ] 0 1.059713 0.97227216
( 4192 1488 64 ) ( 4192 1488 0 ) ( 4256 1376 0 ) 64_cyan_3 [ -0.6097107608496924 0.7926239891046001 0 27.657593 ] [ 0 0 -1 0 ] 0 1 1
}
// brush 11
{
( 4256 1376 0 ) ( 4192 1488 0 ) ( 4192 1488 64 ) 64_cyan_2 [ 0.6097107608496924 -0.7926239891046001 0 -27.657593 ] [ 0 0 -1 0 ] 0 1 1
( 4256 1520 0 ) ( 4256 1520 64 ) ( 4192 1488 64 ) trim_band_teal [ -0.8944271909999151 -0.4472135954999593 0 102.28955 ] [ 0 0 -1 -160 ] 0 1.059713 1
( 4256 1376 0 ) ( 4320 1408 0 ) ( 4256 1520 0 ) trim_band_teal [ -0.8944271909999161 -0.44721359549995804 -1.582067810090848e-15 102.28906 ] [ -0.44721359549995804 0.8944271909999161 5.551115123125783e-17 316.44427 ] 0 1.059713 1.0062308
( 4256 1520 64 ) ( 4320 1408 64 ) ( 4256 1376 64 ) trim_band_teal [ -0.8944271909999161 -0.44721359549995804 -1.582067810090848e-15 102.28906 ] [ -0.44721359549995804 0.8944271909999161 5.551115123125783e-17 316.44427 ] 0 1.059713 1.0062308
( 4256 1376 64 ) ( 4320 1408 64 ) ( 4320 1408 0 ) trim_band_teal [ 0.8944271909999166 0.44721359549995754 0 262.06787 ] [ 0 0 -1 -160 ] 0 0.809016 1
( 4320 1408 0 ) ( 4320 1408 64 ) ( 4256 1520 64 ) 64_cyan_2 [ -0.37139067635410355 0.9284766908852594 0 36.11078 ] [ 0 0 -1 0 ] 0 1 1
}
// brush 12
{
( 4320 1408 0 ) ( 4256 1520 0 ) ( 4256 1520 64 ) 64_cyan_1 [ 0.37139067635410355 -0.9284766908852594 0 -36.11078 ] [ 0 0 -1 0 ] 0 1 1
( 4320 1536 0 ) ( 4320 1536 64 ) ( 4256 1520 64 ) trim_band_teal [ -0.9701425001453314 -0.2425356250363343 0 112.79541 ] [ 0 0 -1 -160 ] 0 1.059713 1
( 4320 1408 0 ) ( 4320 1536 0 ) ( 4256 1520 0 ) trim_band_teal [ -0.9701425001453319 -0.24253562503633294 -1.4155343563970746e-15 112.79541 ] [ -0.242535625036333 0.970142500145332 -5.551115123125783e-17 343.99988 ] 0 1.059713 0.97014284
( 4256 1520 64 ) ( 4320 1536 64 ) ( 4320 1408 64 ) trim_band_teal [ -0.9701425001453319 -0.24253562503633294 -1.4155343563970746e-15 112.79541 ] [ -0.242535625036333 0.970142500145332 -5.551115123125783e-17 343.99988 ] 0 1.059713 0.97014284
( 4320 1408 64 ) ( 4320 1536 64 ) ( 4320 1536 0 ) 64_cyan_1 [ -0.12403473458920825 0.9922778767136677 0 25.389038 ] [ 0 0 -1 0 ] 0 1 1
}
// brush 13
{
( 4320 1536 64 ) ( 4320 1408 64 ) ( 4320 1408 0 ) 64_cyan_3 [ 0.12403473458920825 -0.9922778767136677 0 -25.389038 ] [ 0 0 -1 0 ] 0 1 1
( 4320 1408 64 ) ( 4384 1408 64 ) ( 4384 1408 0 ) trim_band_teal [ 1 0 0 -35.34912 ] [ 0 0 -1 -160 ] 0 0.809016 1
( 4384 1408 0 ) ( 4384 1536 0 ) ( 4320 1536 0 ) trim_band_teal [ -1 0 -1.3183898417423736e-15 -117.03076 ] [ 0 1.0000000000000002 0 288 ] 0 1.059713 1
( 4320 1536 64 ) ( 4384 1536 64 ) ( 4384 1408 64 ) trim_band_teal [ -1 0 -1.3183898417423736e-15 -117.03076 ] [ 0 1.0000000000000002 0 288 ] 0 1.059713 1
( 4384 1536 0 ) ( 4384 1536 64 ) ( 4320 1536 64 ) trim_band_teal [ -0.9999999999999998 -1.3183898417423734e-15 0 -117.03076 ] [ 0 0 -1 -160 ] 0 1.059713 1
( 4384 1408 64 ) ( 4384 1536 64 ) ( 4384 1536 0 ) 64_cyan_3 [ 0.12403473458920863 0.9922778767136677 0 -9.884277 ] [ 0 0 -1 0 ] 0 1 1
}
// brush 14
{
( 4384 1536 64 ) ( 4384 1408 64 ) ( 4384 1408 0 ) 64_cyan_2 [ -0.12403473458920863 -0.9922778767136677 0 9.884277 ] [ 0 0 -1 0 ] 0 1 1
( 4384 1408 0 ) ( 4448 1520 0 ) ( 4384 1536 0 ) trim_band_teal [ -0.970142500145332 0.242535625036333 -1.2906342661267445e-15 431.9065 ] [ 0.242535625036333 0.970142500145332 -5.551115123125783e-17 216.02832 ] 0 1.059713 0.97015345
( 4384 1536 64 ) ( 4448 1520 64 ) ( 4384 1408 64 ) trim_band_teal [ -0.970142500145332 0.242535625036333 -1.2906342661267445e-15 431.9065 ] [ 0.242535625036333 0.970142500145332 -5.551115123125783e-17 216.02832 ] 0 1.059713 0.97015345
( 4448 1520 0 ) ( 4448 1520 64 ) ( 4384 1536 64 ) trim_band_teal [ -0.970142500145332 0.2425356250363317 0 431.9065 ] [ 0 0 -1 -160 ] 0 1.059713 1
( 4384 1408 64 ) ( 4448 1520 64 ) ( 4448 1520 0 ) 64_cyan_2 [ 0.37139067635410394 0.9284766908852594 0 -33.00879 ] [ 0 0 -1 0 ] 0 1 1
}
// brush 15
{
( 4448 1520 0 ) ( 4448 1520 64 ) ( 4384 1408 64 ) 64_cyan_1 [ -0.37139067635410394 -0.9284766908852594 0 33.00879 ] [ 0 0 -1 0 ] 0 1 1
( 4448 1376 0 ) ( 4384 1408 0 ) ( 4384 1408 64 ) trim_band_teal [ 0.894427190999916 -0.447213595499958 0 -220.93335 ] [ 0 0 -1 -160 ] 0 0.809016 1
( 4448 1376 0 ) ( 4512 1488 0 ) ( 4448 1520 0 ) trim_band_teal [ -0.894427190999916 0.44721359549995804 -1.0824674490095276e-15 332.52197 ] [ 0.44721359549995804 0.8944271909999161 5.551115123125783e-17 31.999268 ] 0 1.059713 1.0062304
( 4448 1520 64 ) ( 4512 1488 64 ) ( 4448 1376 64 ) trim_band_teal [ -0.894427190999916 0.44721359549995804 -1.0824674490095276e-15 332.52197 ] [ 0.44721359549995804 0.8944271909999161 5.551115123125783e-17 31.999268 ] 0 1.059713 1.0062304
( 4512 1488 0 ) ( 4512 1488 64 ) ( 4448 1520 64 ) trim_band_teal [ -0.8944271909999162 0.4472135954999569 0 332.52173 ] [ 0 0 -1 -160 ] 0 1.059713 1
( 4448 1376 64 ) ( 4512 1488 64 ) ( 4512 1488 0 ) 64_cyan_1 [ 0.6097107608496924 0.7926239891046001 0 -20.328857 ] [ 0 0 -1 0 ] 0 1 1
}
// brush 16
{
( 4512 1488 64 ) ( 4448 1376 64 ) ( 4448 1376 0 ) 64_cyan_3 [ -0.6097107608496924 -0.7926239891046001 0 20.328857 ] [ 0 0 -1 0 ] 0 1 1
( 4448 1376 0 ) ( 4560 1440 0 ) ( 4512 1488 0 ) trim_band_teal [ -0.7071067811865475 0.7071067811865476 -1.0824674490095276e-15 194.02734 ] [ 0.7071067811865477 0.7071067811865477 1.1102230246251565e-16 20.359863 ] 0 1.059713 0.97227097
( 4512 1488 64 ) ( 4560 1440 64 ) ( 4448 1376 64 ) trim_band_teal [ -0.7071067811865475 0.7071067811865476 -1.0824674490095276e-15 194.02734 ] [ 0.7071067811865477 0.7071067811865477 1.1102230246251565e-16 20.359863 ] 0 1.059713 0.97227097
( 4448 1376 64 ) ( 4560 1440 64 ) ( 4560 1440 0 ) 64_cyan_3 [ 0.7926239891046001 0.6097107608496924 0 -17.174805 ] [ 0 0 -1 0 ] 0 1 1
( 4560 1440 0 ) ( 4560 1440 64 ) ( 4512 1488 64 ) trim_band_teal [ -0.7071067811865481 0.7071067811865466 0 194.02734 ] [ 0 0 -1 -160 ] 0 1.059713 1
}
// brush 17
{
( 4480 1312 0 ) ( 4448 1376 0 ) ( 4448 1376 64 ) trim_band_teal [ 0.44721359549995787 -0.8944271909999161 0 -73.501526 ] [ 0 0 -1 -160 ] 0 0.809016 1
( 4560 1440 0 ) ( 4560 1440 64 ) ( 4448 1376 64 ) 64_cyan_2 [ -0.7926239891046001 -0.6097107608496924 0 17.174805 ] [ 0 0 -1 0 ] 0 1 1
( 4480 1312 0 ) ( 4592 1376 0 ) ( 4560 1440 0 ) trim_band_teal [ -0.447213595499958 0.894427190999916 -9.43689570931383e-16 357.15155 ] [ 0.8944271909999161 0.44721359549995804 5.551115123125783e-17 202.66553 ] 0 1.059713 1.0062304
( 4560 1440 64 ) ( 4592 1376 64 ) ( 4480 1312 64 ) trim_band_teal [ -0.447213595499958 0.894427190999916 -9.43689570931383e-16 357.15155 ] [ 0.8944271909999161 0.44721359549995804 5.551115123125783e-17 202.66553 ] 0 1.059713 1.0062304
( 4480 1312 64 ) ( 4592 1376 64 ) ( 4592 1376 0 ) 64_cyan_2 [ 0.9284766908852594 0.3713906763541036 0 -43.841797 ] [ 0 0 -1 0 ] 0 1 1
( 4592 1376 0 ) ( 4592 1376 64 ) ( 4560 1440 64 ) trim_band_teal [ -0.4472135954999587 0.8944271909999153 0 357.15158 ] [ 0 0 -1 -160 ] 0 1.059713 1
}
// brush 18
{
( 4592 1376 64 ) ( 4480 1312 64 ) ( 4480 1312 0 ) 64_cyan_1 [ -0.9284766908852594 -0.3713906763541036 0 43.841797 ] [ 0 0 -1 0 ] 0 1 1
( 4480 1312 64 ) ( 4608 1312 64 ) ( 4608 1312 0 ) 64_cyan_1 [ 0.9922778767136677 0.1240347345892083 0 -9.45166 ] [ 0 0 -1 0 ] 0 1 1
( 4480 1312 0 ) ( 4608 1312 0 ) ( 4592 1376 0 ) trim_band_teal [ -0.24253562503633297 0.9701425001453319 -7.771561172376096e-16 395.91727 ] [ 0.970142500145332 0.242535625036333 -5.898059818321144e-17 -40.000977 ] 0 1.059713 0.97014236
( 4592 1376 64 ) ( 4608 1312 64 ) ( 4480 1312 64 ) trim_band_teal [ -0.24253562503633297 0.9701425001453319 -7.771561172376096e-16 395.91727 ] [ 0.970142500145332 0.242535625036333 -5.898059818321144e-17 -40.000977 ] 0 1.059713 0.97014236
( 4608 1312 0 ) ( 4608 1312 64 ) ( 4592 1376 64 ) trim_band_teal [ -0.2425356250363337 0.9701425001453315 0 395.9173 ] [ 0 0 -1 -160 ] 0 1.059713 1
}
// brush 19
{
( 4480 1312 64 ) ( 4480 1248 64 ) ( 4480 1248 0 ) trim_band_teal [ -1.6653345369377348e-16 -1.0000000000000002 0 -497.80518 ] [ 0 0 -1 -160 ] 0 0.809016 1
( 4480 1248 64 ) ( 4608 1248 64 ) ( 4608 1248 0 ) 64_cyan_3 [ 0.9922778767136677 -0.12403473458920858 0 -55.597656 ] [ 0 0 -1 0 ] 0 1 1
( 4608 1248 0 ) ( 4608 1312 0 ) ( 4480 1312 0 ) trim_band_teal [ 0 1 -6.938893903907229e-16 328.32263 ] [ 1.0000000000000002 0 0 -224 ] 0 1.059713 1
( 4480 1312 64 ) ( 4608 1312 64 ) ( 4608 1248 64 ) trim_band_teal [ 0 1 -6.938893903907229e-16 328.32263 ] [ 1.0000000000000002 0 0 -224 ] 0 1.059713 1
( 4608 1312 0 ) ( 4608 1312 64 ) ( 4480 1312 64 ) 64_cyan_3 [ -0.9922778767136677 -0.1240347345892083 0 9.45166 ] [ 0 0 -1 0 ] 0 1 1
( 4608 1248 64 ) ( 4608 1312 64 ) ( 4608 1312 0 ) trim_band_teal [ -6.938893903907228e-16 0.9999999999999999 0 328.32263 ] [ 0 0 -1 -160 ] 0 1.059713 1
}
// brush 20
{
( 4592 1184 0 ) ( 4480 1248 0 ) ( 4480 1248 64 ) 64_cyan_2 [ 0.9284766908852594 -0.3713906763541039 0 -25.617188 ] [ 0 0 -1 0 ] 0 1 1
( 4592 1184 0 ) ( 4608 1248 0 ) ( 4480 1248 0 ) trim_band_teal [ 0.242535625036333 0.970142500145332 -6.38378239159465e-16 332.8562 ] [ 0.970142500145332 -0.242535625036333 -5.898059818321144e-17 -424.00854 ] 0 1.059713 0.9701405
( 4480 1248 64 ) ( 4608 1248 64 ) ( 4592 1184 64 ) trim_band_teal [ 0.242535625036333 0.970142500145332 -6.38378239159465e-16 332.8562 ] [ 0.970142500145332 -0.242535625036333 -5.898059818321144e-17 -424.00854 ] 0 1.059713 0.9701405
( 4608 1248 0 ) ( 4608 1248 64 ) ( 4480 1248 64 ) 64_cyan_2 [ -0.9922778767136677 0.12403473458920858 0 55.597656 ] [ 0 0 -1 0 ] 0 1 1
( 4592 1184 64 ) ( 4608 1248 64 ) ( 4608 1248 0 ) trim_band_teal [ 0.24253562503633236 0.970142500145332 0 332.85596 ] [ 0 0 -1 -160 ] 0 1.059713 1
}
// brush 21
{
( 4480 1248 64 ) ( 4448 1184 64 ) ( 4448 1184 0 ) trim_band_teal [ -0.44721359549995826 -0.8944271909999161 0 -232.177 ] [ 0 0 -1 -160 ] 0 0.809016 1
( 4448 1184 64 ) ( 4560 1120 64 ) ( 4560 1120 0 ) 64_cyan_1 [ 0.7926239891046001 -0.6097107608496924 0 -45.37915 ] [ 0 0 -1 0 ] 0 1 1
( 4560 1120 0 ) ( 4592 1184 0 ) ( 4480 1248 0 ) trim_band_teal [ 0.44721359549995804 0.8944271909999162 -4.440892098500626e-16 42.531006 ] [ 0.8944271909999161 -0.44721359549995804 5.551115123125783e-17 -195.5564 ] 0 1.059713 1.0062304
( 4480 1248 64 ) ( 4592 1184 64 ) ( 4560 1120 64 ) trim_band_teal [ 0.44721359549995804 0.8944271909999162 -4.440892098500626e-16 42.531006 ] [ 0.8944271909999161 -0.44721359549995804 5.551115123125783e-17 -195.5564 ] 0 1.059713 1.0062304
( 4592 1184 0 ) ( 4592 1184 64 ) ( 4480 1248 64 ) 64_cyan_1 [ -0.9284766908852594 0.3713906763541039 0 25.617188 ] [ 0 0 -1 0 ] 0 1 1
( 4560 1120 64 ) ( 4592 1184 64 ) ( 4592 1184 0 ) trim_band_teal [ 0.44721359549995754 0.8944271909999161 0 42.53076 ] [ 0 0 -1 -160 ] 0 1.059713 1
}
// brush 22
{
( 4512 1072 0 ) ( 4448 1184 0 ) ( 4448 1184 64 ) 64_cyan_3 [ 0.6097107608496924 -0.7926239891046001 0 -50.14746 ] [ 0 0 -1 0 ] 0 1 1
( 4512 1072 0 ) ( 4560 1120 0 ) ( 4448 1184 0 ) trim_band_teal [ 0.7071067811865477 0.7071067811865478 -3.885780586188048e-16 146.17432 ] [ 0.7071067811865477 -0.7071067811865477 1.1102230246251565e-16 -165.81909 ] 0 1.059713 0.97227144
( 4448 1184 64 ) ( 4560 1120 64 ) ( 4512 1072 64 ) trim_band_teal [ 0.7071067811865477 0.7071067811865478 -3.885780586188048e-16 146.17432 ] [ 0.7071067811865477 -0.7071067811865477 1.1102230246251565e-16 -165.81909 ] 0 1.059713 0.97227144
( 4560 1120 0 ) ( 4560 1120 64 ) ( 4448 1184 64 ) 64_cyan_3 [ -0.7926239891046001 0.6097107608496924 0 45.37915 ] [ 0 0 -1 0 ] 0 1 1
( 4512 1072 64 ) ( 4560 1120 64 ) ( 4560 1120 0 ) trim_band_teal [ 0.7071067811865472 0.7071067811865478 0 146.17432 ] [ 0 0 -1 -160 ] 0 1.059713 1
}
// brush 23
{
( 4448 1040 0 ) ( 4384 1152 0 ) ( 4384 1152 64 ) 64_cyan_2 [ 0.37139067635410367 -0.9284766908852594 0 -51.573303 ] [ 0 0 -1 0 ] 0 1 1
( 4448 1184 0 ) ( 4448 1184 64 ) ( 4384 1152 64 ) trim_band_teal [ -0.8944271909999163 -0.44721359549995776 0 36.120117 ] [ 0 0 -1 -160 ] 0 0.809016 1
( 4448 1040 0 ) ( 4512 1072 0 ) ( 4448 1184 0 ) trim_band_teal [ 0.894427190999916 0.447213595499958 -2.498001805406602e-16 123.515625 ] [ 0.44721359549995804 -0.8944271909999161 5.551115123125783e-17 -252.4444 ] 0 1.059713 1.0062307
( 4448 1184 64 ) ( 4512 1072 64 ) ( 4448 1040 64 ) trim_band_teal [ 0.894427190999916 0.447213595499958 -2.498001805406602e-16 123.515625 ] [ 0.44721359549995804 -0.8944271909999161 5.551115123125783e-17 -252.4444 ] 0 1.059713 1.0062307
( 4448 1040 64 ) ( 4512 1072 64 ) ( 4512 1072 0 ) trim_band_teal [ 0.8944271909999157 0.44721359549995815 0 123.51611 ] [ 0 0 -1 -160 ] 0 1.059713 1
( 4512 1072 0 ) ( 4512 1072 64 ) ( 4448 1184 64 ) 64_cyan_2 [ -0.6097107608496924 0.7926239891046001 0 50.14746 ] [ 0 0 -1 0 ] 0 1 1
}
}
