// entity 0
{
"classname" "func_detail"
// brush 0
{
( 2176 2528 64 ) ( 2176 2529 64 ) ( 2176 2528 65 ) 64_cyan_3 [ 0 -1 0 -32 ] [ 0 0 -1 0 ] 0 1 1
( 2176 2528 64 ) ( 2176 2528 65 ) ( 2177 2528 64 ) trim_band_teal [ 1 0 0 -384 ] [ 0 0 -1 192 ] 0 1 1
( 2176 2528 0 ) ( 2177 2528 0 ) ( 2176 2529 0 ) 64_cyan_3 [ -1 0 0 0 ] [ 0 -1 0 -32 ] 0 1 1
( 2304 2656 128 ) ( 2304 2657 128 ) ( 2305 2656 128 ) trim_band_teal [ 1.0000000000000002 0 0 -384 ] [ 0 -1.0000000000000002 0 96 ] 0 1 1
( 2304 2560 2112 ) ( 2305 2560 2112 ) ( 2304 2560 2113 ) 64_cyan_3 [ -1 0 0 0 ] [ 0 0 -1 0 ] 0 1 1
( 2304 2656 2112 ) ( 2304 2656 2113 ) ( 2304 2657 2112 ) 64_cyan_3 [ 0 1 0 32 ] [ 0 0 -1 0 ] 0 1 1
}
// brush 1
{
( 2176 2496 64 ) ( 2176 2497 64 ) ( 2176 2496 65 ) 64_cyan_3 [ 0 -1 0 0 ] [ 0 0 -1 0 ] 0 1 1
( 2176 2496 64 ) ( 2176 2496 65 ) ( 2177 2496 64 ) trim_band_teal [ 1 0 0 384 ] [ 0 0 -1 176 ] 0 -1 1
( 2176 2496 0 ) ( 2177 2496 0 ) ( 2176 2497 0 ) 64_cyan_3 [ -1 0 0 0 ] [ 0 -1 0 0 ] 0 1 1
( 2304 2624 112 ) ( 2304 2625 112 ) ( 2305 2624 112 ) trim_band_teal [ 1.0000000000000002 0 0 384 ] [ 0 -1.0000000000000002 0 64 ] 0 -1 1
( 2304 2528 2112 ) ( 2305 2528 2112 ) ( 2304 2528 2113 ) 64_cyan_3 [ -1 0 0 0 ] [ 0 0 -1 0 ] 0 1 1
( 2304 2624 2112 ) ( 2304 2624 2113 ) ( 2304 2625 2112 ) 64_cyan_3 [ 0 1 0 0 ] [ 0 0 -1 0 ] 0 1 1
}
// brush 2
{
( 2176 2464 64 ) ( 2176 2465 64 ) ( 2176 2464 65 ) 64_cyan_3 [ 0 -1 0 -32 ] [ 0 0 -1 0 ] 0 1 1
( 2176 2464 64 ) ( 2176 2464 65 ) ( 2177 2464 64 ) trim_band_teal [ 1 0 0 -256 ] [ 0 0 -1 160 ] 0 1 1
( 2176 2464 0 ) ( 2177 2464 0 ) ( 2176 2465 0 ) 64_cyan_3 [ -1 0 0 0 ] [ 0 -1 0 -32 ] 0 1 1
( 2304 2592 96 ) ( 2304 2593 96 ) ( 2305 2592 96 ) trim_band_teal [ 1.0000000000000002 0 0 -256 ] [ 0 -1.0000000000000002 0 32 ] 0 1 1
( 2304 2496 2112 ) ( 2305 2496 2112 ) ( 2304 2496 2113 ) 64_cyan_3 [ -1 0 0 0 ] [ 0 0 -1 0 ] 0 1 1
( 2304 2592 2112 ) ( 2304 2592 2113 ) ( 2304 2593 2112 ) 64_cyan_3 [ 0 1 0 32 ] [ 0 0 -1 0 ] 0 1 1
}
// brush 3
{
( 2176 2432 64 ) ( 2176 2433 64 ) ( 2176 2432 65 ) 64_cyan_3 [ 0 -1 0 0 ] [ 0 0 -1 0 ] 0 1 1
( 2176 2432 64 ) ( 2176 2432 65 ) ( 2177 2432 64 ) trim_band_teal [ 1 0 0 -144 ] [ 0 0 -1 144 ] 0 1 1
( 2176 2432 0 ) ( 2177 2432 0 ) ( 2176 2433 0 ) 64_cyan_3 [ -1 0 0 0 ] [ 0 -1 0 0 ] 0 1 1
( 2304 2560 80 ) ( 2304 2561 80 ) ( 2305 2560 80 ) trim_band_teal [ 1.0000000000000002 0 0 -144 ] [ 0 -1.0000000000000002 0 0 ] 0 1 1
( 2304 2464 2112 ) ( 2305 2464 2112 ) ( 2304 2464 2113 ) 64_cyan_3 [ -1 0 0 0 ] [ 0 0 -1 0 ] 0 1 1
( 2304 2560 2112 ) ( 2304 2560 2113 ) ( 2304 2561 2112 ) 64_cyan_3 [ 0 1 0 0 ] [ 0 0 -1 0 ] 0 1 1
}
// brush 4
{
( 2176 2400 0 ) ( 2176 2401 0 ) ( 2176 2400 1 ) 64_cyan_3 [ 0 -1 0 -32 ] [ 0 0 -1 0 ] 0 1 1
( 2176 2400 0 ) ( 2176 2400 1 ) ( 2177 2400 0 ) trim_band_teal [ 1 0 0 0 ] [ 0 0 -1 128 ] 0 1 1
( 2176 2400 0 ) ( 2177 2400 0 ) ( 2176 2401 0 ) 64_cyan_3 [ -1 0 0 0 ] [ 0 -1 0 -32 ] 0 1 1
( 2304 2528 64 ) ( 2304 2529 64 ) ( 2305 2528 64 ) trim_band_teal [ 1.0000000000000002 0 0 0 ] [ 0 -1.0000000000000002 0 -32 ] 0 1 1
( 2304 2432 2048 ) ( 2305 2432 2048 ) ( 2304 2432 2049 ) 64_cyan_3 [ -1 0 0 0 ] [ 0 0 -1 0 ] 0 1 1
( 2304 2528 2048 ) ( 2304 2528 2049 ) ( 2304 2529 2048 ) 64_cyan_3 [ 0 1 0 32 ] [ 0 0 -1 0 ] 0 1 1
}
// brush 5
{
( 2176 2368 0 ) ( 2176 2369 0 ) ( 2176 2368 1 ) 64_cyan_3 [ 0 -1 0 0 ] [ 0 0 -1 0 ] 0 1 1
( 2176 2368 0 ) ( 2176 2368 1 ) ( 2177 2368 0 ) trim_band_teal [ 1 0 0 144 ] [ 0 0 -1 112 ] 0 -1 1
( 2176 2368 0 ) ( 2177 2368 0 ) ( 2176 2369 0 ) 64_cyan_3 [ -1 0 0 0 ] [ 0 -1 0 0 ] 0 1 1
( 2304 2496 48 ) ( 2304 2497 48 ) ( 2305 2496 48 ) trim_band_teal [ 1.0000000000000002 0 0 144 ] [ 0 -1.0000000000000002 0 -64 ] 0 -1 1
( 2304 2400 2048 ) ( 2305 2400 2048 ) ( 2304 2400 2049 ) 64_cyan_3 [ -1 0 0 0 ] [ 0 0 -1 0 ] 0 1 1
( 2304 2496 2048 ) ( 2304 2496 2049 ) ( 2304 2497 2048 ) 64_cyan_3 [ 0 1 0 0 ] [ 0 0 -1 0 ] 0 1 1
}
// brush 6
{
( 2176 2336 0 ) ( 2176 2337 0 ) ( 2176 2336 1 ) 64_cyan_3 [ 0 -1 0 -32 ] [ 0 0 -1 0 ] 0 1 1
( 2176 2336 0 ) ( 2176 2336 1 ) ( 2177 2336 0 ) trim_band_teal [ 1 0 0 -112 ] [ 0 0 -1 96 ] 0 1 1
( 2176 2336 0 ) ( 2177 2336 0 ) ( 2176 2337 0 ) 64_cyan_3 [ -1 0 0 0 ] [ 0 -1 0 -32 ] 0 1 1
( 2304 2464 32 ) ( 2304 2465 32 ) ( 2305 2464 32 ) trim_band_teal [ 1.0000000000000002 0 0 -112 ] [ 0 -1.0000000000000002 0 416 ] 0 1 1
( 2304 2368 2048 ) ( 2305 2368 2048 ) ( 2304 2368 2049 ) 64_cyan_3 [ -1 0 0 0 ] [ 0 0 -1 0 ] 0 1 1
( 2304 2464 2048 ) ( 2304 2464 2049 ) ( 2304 2465 2048 ) 64_cyan_3 [ 0 1 0 32 ] [ 0 0 -1 0 ] 0 1 1
}
// brush 7
{
( 2176 2304 0 ) ( 2176 2305 0 ) ( 2176 2304 1 ) 64_cyan_3 [ 0 -1 0 0 ] [ 0 0 -1 0 ] 0 1 1
( 2176 2304 0 ) ( 2176 2304 1 ) ( 2177 2304 0 ) trim_band_teal [ 1 0 0 -128 ] [ 0 0 -1 80 ] 0 1 1
( 2176 2304 0 ) ( 2177 2304 0 ) ( 2176 2305 0 ) 64_cyan_3 [ -1 0 0 0 ] [ 0 -1 0 0 ] 0 1 1
( 2304 2432 16 ) ( 2304 2433 16 ) ( 2305 2432 16 ) trim_band_teal [ 1.0000000000000002 0 0 -128 ] [ 0 -1.0000000000000002 0 384 ] 0 1 1
( 2304 2336 2048 ) ( 2305 2336 2048 ) ( 2304 2336 2049 ) 64_cyan_3 [ -1 0 0 0 ] [ 0 0 -1 0 ] 0 1 1
( 2304 2432 2048 ) ( 2304 2432 2049 ) ( 2304 2433 2048 ) 64_cyan_3 [ 0 1 0 0 ] [ 0 0 -1 0 ] 0 1 1
}
}
