// entity 0
{
"classname" "func_detail"
// brush 0
{
( 2736 2368 0 ) ( 2784 2320 16 ) ( 2784 2320 0 ) 64_cyan_3 [ 0.7071067811865476 -0.7071067811865476 0 -629.3333 ] [ 0 0 -1 0 ] 0 1.0606608 1
( 2832 2464 16 ) ( 2784 2416 0 ) ( 2832 2464 0 ) cyan_3 [ -0.7071067811865476 -0.7071067811865476 0 14.592041 ] [ 0 0 -1 0 ] 0 1 1
( 2880 2416 0 ) ( 2784 2416 0 ) ( 2832 2368 0 ) cyan_3 [ -1 0 0 0 ] [ 0 -1 0 8 ] 0 1 1
( 2880 2416 16 ) ( 2784 2416 16 ) ( 2832 2464 16 ) trim_band_teal [ 0.7071067811865478 0.7071067811865478 0 -170.6665 ] [ 0.7071067811865479 -0.7071067811865479 2.220446049250313e-16 -533.3336 ] 0 1.0606604 1.0606589
( 2880 2416 16 ) ( 2832 2368 0 ) ( 2832 2368 16 ) trim_band_teal [ 0.7071067811865477 0.7071067811865477 0 -170.6665 ] [ 0 0 -1.0000000000000002 80 ] 0 1.0606604 1
( 2880 2416 16 ) ( 2832 2464 0 ) ( 2880 2416 0 ) 64_cyan_3 [ 0.7071067811865476 -0.7071067811865476 0 -629.3333 ] [ 0 0 -1 0 ] 0 1.0606608 1
}
// brush 1
{
( 2592 2512 48 ) ( 2640 2464 64 ) ( 2640 2464 48 ) 64_cyan_3 [ 0.7071067811865476 -0.7071067811865476 0 -629.3333 ] [ 0 0 -1 0 ] 0 1.0606608 1
( 2688 2608 64 ) ( 2640 2560 48 ) ( 2688 2608 48 ) 64_cyan_3 [ -0.7071067811865477 -0.7071067811865477 0 10.664551 ] [ 0 0 -1.0000000000000002 0 ] 0 1.0606608 1
( 2736 2560 0 ) ( 2640 2560 0 ) ( 2688 2512 0 ) cyan_3 [ -1 0 0 0 ] [ 0 -1 0 8 ] 0 1 1
( 2736 2560 64 ) ( 2640 2560 64 ) ( 2688 2608 64 ) trim_band_teal [ 0.7071067811865478 0.7071067811865478 0 -426.6665 ] [ 0.7071067811865479 -0.7071067811865479 2.220446049250313e-16 -341.33362 ] 0 1.0606604 1.0606589
( 2736 2560 64 ) ( 2688 2512 48 ) ( 2688 2512 64 ) trim_band_teal [ 0.7071067811865477 0.7071067811865477 0 -426.6665 ] [ 0 0 -1.0000000000000002 128 ] 0 1.0606604 1
( 2736 2560 64 ) ( 2688 2608 48 ) ( 2736 2560 48 ) 64_cyan_3 [ 0.7071067811865476 -0.7071067811865476 0 -629.3333 ] [ 0 0 -1 0 ] 0 1.0606608 1
}
// brush 2
{
( 2640 2464 32 ) ( 2688 2416 48 ) ( 2688 2416 32 ) 64_cyan_3 [ 0.7071067811865476 -0.7071067811865476 0 -629.3333 ] [ 0 0 -1 0 ] 0 1.0606608 1
( 2736 2560 48 ) ( 2688 2512 32 ) ( 2736 2560 32 ) cyan_3 [ -0.7071067811865476 -0.7071067811865476 0 14.592041 ] [ 0 0 -1 0 ] 0 1 1
( 2784 2512 0 ) ( 2688 2512 0 ) ( 2736 2464 0 ) cyan_3 [ -1 0 0 0 ] [ 0 -1 0 8 ] 0 1 1
( 2784 2512 48 ) ( 2688 2512 48 ) ( 2736 2560 48 ) trim_band_teal [ 0.7071067811865478 0.7071067811865478 0 -42.666504 ] [ 0.7071067811865479 -0.7071067811865479 2.220446049250313e-16 -405.33362 ] 0 1.0606604 1.0606589
( 2784 2512 48 ) ( 2736 2464 32 ) ( 2736 2464 48 ) trim_band_teal [ 0.7071067811865477 0.7071067811865477 0 -42.666504 ] [ 0 0 -1.0000000000000002 112 ] 0 1.0606604 1
( 2784 2512 48 ) ( 2736 2560 32 ) ( 2784 2512 32 ) 64_cyan_3 [ 0.7071067811865476 -0.7071067811865476 0 -629.3333 ] [ 0 0 -1 0 ] 0 1.0606608 1
}
// brush 3
{
( 2688 2416 16 ) ( 2736 2368 32 ) ( 2736 2368 16 ) 64_cyan_3 [ 0.7071067811865476 -0.7071067811865476 0 -629.3333 ] [ 0 0 -1 0 ] 0 1.0606608 1
( 2784 2512 32 ) ( 2736 2464 16 ) ( 2784 2512 16 ) cyan_3 [ -0.7071067811865476 -0.7071067811865476 0 14.592041 ] [ 0 0 -1 0 ] 0 1 1
( 2832 2464 0 ) ( 2736 2464 0 ) ( 2784 2416 0 ) cyan_3 [ -1 0 0 0 ] [ 0 -1 0 8 ] 0 1 1
( 2832 2464 32 ) ( 2736 2464 32 ) ( 2784 2512 32 ) trim_band_teal [ 0.7071067811865478 0.7071067811865478 0 -298.6665 ] [ 0.7071067811865479 -0.7071067811865479 2.220446049250313e-16 -469.33362 ] 0 1.0606604 1.0606589
( 2832 2464 32 ) ( 2784 2416 16 ) ( 2784 2416 32 ) trim_band_teal [ 0.7071067811865477 0.7071067811865477 0 -298.6665 ] [ 0 0 -1.0000000000000002 96 ] 0 1.0606604 1
( 2832 2464 32 ) ( 2784 2512 16 ) ( 2832 2464 16 ) 64_cyan_3 [ 0.7071067811865476 -0.7071067811865476 0 -629.3333 ] [ 0 0 -1 0 ] 0 1.0606608 1
}
}
