// entity 0
{
"classname" "func_detail"
// brush 0
{
( 2304 2496 0 ) ( 2304 2497 0 ) ( 2304 2496 1 ) 64_cyan_3 [ 0 -1 0 0 ] [ 0 0 -1 0 ] 0 1 1
( 2304 2496 0 ) ( 2304 2496 1 ) ( 2305 2496 0 ) trim_band_teal [ 1 0 0 128 ] [ 0 0 -1 128 ] 0 1 1
( 2304 2496 0 ) ( 2305 2496 0 ) ( 2304 2497 0 ) 64_cyan_3 [ -1 0 0 0 ] [ 0 -1 0 0 ] 0 1 1
( 2432 2624 64 ) ( 2432 2625 64 ) ( 2433 2624 64 ) trim_band_teal [ 1.0000000000000002 0 0 128 ] [ 0 -1.0000000000000002 0 224 ] 0 1 1
( 2432 2560 2048 ) ( 2433 2560 2048 ) ( 2432 2560 2049 ) 64_cyan_3 [ -1 0 0 0 ] [ 0 0 -1 0 ] 0 1 1
( 2432 2624 2048 ) ( 2432 2624 2049 ) ( 2432 2625 2048 ) 64_cyan_3 [ 0 1 0 0 ] [ 0 0 -1 0 ] 0 1 1
}
// brush 1
{
( 2304 2432 0 ) ( 2304 2433 0 ) ( 2304 2432 1 ) 64_cyan_3 [ 0 -1 0 0 ] [ 0 0 -1 0 ] 0 1 1
( 2304 2432 0 ) ( 2304 2432 1 ) ( 2305 2432 0 ) trim_band_teal [ 1 0 0 192 ] [ 0 0 -1 112 ] 0 -1 1
( 2304 2432 0 ) ( 2305 2432 0 ) ( 2304 2433 0 ) 64_cyan_3 [ -1 0 0 0 ] [ 0 -1 0 0 ] 0 1 1
( 2432 2560 48 ) ( 2432 2561 48 ) ( 2433 2560 48 ) trim_band_teal [ 1.0000000000000002 0 0 192 ] [ 0 -1.0000000000000002 0 160 ] 0 -1 1
( 2432 2496 2048 ) ( 2433 2496 2048 ) ( 2432 2496 2049 ) 64_cyan_3 [ -1 0 0 0 ] [ 0 0 -1 0 ] 0 1 1
( 2432 2560 2048 ) ( 2432 2560 2049 ) ( 2432 2561 2048 ) 64_cyan_3 [ 0 1 0 0 ] [ 0 0 -1 0 ] 0 1 1
}
// brush 2
{
( 2304 2368 0 ) ( 2304 2369 0 ) ( 2304 2368 1 ) 64_cyan_3 [ 0 -1 0 0 ] [ 0 0 -1 0 ] 0 1 1
( 2304 2368 0 ) ( 2304 2368 1 ) ( 2305 2368 0 ) trim_band_teal [ 1 0 0 -128 ] [ 0 0 -1 96 ] 0 1 1
( 2304 2368 0 ) ( 2305 2368 0 ) ( 2304 2369 0 ) 64_cyan_3 [ -1 0 0 0 ] [ 0 -1 0 0 ] 0 1 1
( 2432 2496 32 ) ( 2432 2497 32 ) ( 2433 2496 32 ) trim_band_teal [ 1.0000000000000002 0 0 -128 ] [ 0 -1.0000000000000002 0 96 ] 0 1 1
( 2432 2432 2048 ) ( 2433 2432 2048 ) ( 2432 2432 2049 ) 64_cyan_3 [ -1 0 0 0 ] [ 0 0 -1 0 ] 0 1 1
( 2432 2496 2048 ) ( 2432 2496 2049 ) ( 2432 2497 2048 ) 64_cyan_3 [ 0 1 0 0 ] [ 0 0 -1 0 ] 0 1 1
}
// brush 3
{
( 2304 2304 0 ) ( 2304 2305 0 ) ( 2304 2304 1 ) 64_cyan_3 [ 0 -1 0 0 ] [ 0 0 -1 0 ] 0 1 1
( 2304 2304 0 ) ( 2304 2304 1 ) ( 2305 2304 0 ) trim_band_teal [ 1 0 0 -320 ] [ 0 0 -1 80 ] 0 1 1
( 2304 2304 0 ) ( 2305 2304 0 ) ( 2304 2305 0 ) 64_cyan_3 [ -1 0 0 0 ] [ 0 -1 0 0 ] 0 1 1
( 2432 2432 16 ) ( 2432 2433 16 ) ( 2433 2432 16 ) trim_band_teal [ 1.0000000000000002 0 0 -320 ] [ 0 -1.0000000000000002 0 32 ] 0 1 1
( 2432 2368 2048 ) ( 2433 2368 2048 ) ( 2432 2368 2049 ) 64_cyan_3 [ -1 0 0 0 ] [ 0 0 -1 0 ] 0 1 1
( 2432 2432 2048 ) ( 2432 2432 2049 ) ( 2432 2433 2048 ) 64_cyan_3 [ 0 1 0 0 ] [ 0 0 -1 0 ] 0 1 1
}
}
