// entity 0
{
"classname" "func_detail"
// brush 0
{
( 0 608 64 ) ( 0 609 64 ) ( 0 608 65 ) 64_cyan_3 [ 0 -1 0 -32 ] [ 0 0 -1 0 ] 0 1 1
( 0 608 64 ) ( 0 608 65 ) ( 1 608 64 ) trim_band_teal [ 1 0 0 -256 ] [ 0 0 -1 192 ] 0 1 1
( 0 608 0 ) ( 1 608 0 ) ( 0 609 0 ) 64_cyan_3 [ -1 0 0 0 ] [ 0 -1 0 -32 ] 0 1 1
( 128 736 128 ) ( 128 737 128 ) ( 129 736 128 ) trim_band_teal [ 1.0000000000000002 0 0 -256 ] [ 0 -1.0000000000000002 0 -288 ] 0 1 1
( 128 640 2112 ) ( 129 640 2112 ) ( 128 640 2113 ) 64_cyan_3 [ -1 0 0 0 ] [ 0 0 -1 0 ] 0 1 1
( 128 736 2112 ) ( 128 736 2113 ) ( 128 737 2112 ) 64_cyan_3 [ 0 1 0 32 ] [ 0 0 -1 0 ] 0 1 1
}
// brush 1
{
( 0 576 64 ) ( 0 577 64 ) ( 0 576 65 ) 64_cyan_3 [ 0 -1 0 0 ] [ 0 0 -1 0 ] 0 1 1
( 0 576 64 ) ( 0 576 65 ) ( 1 576 64 ) trim_band_teal [ 1 0 0 -256 ] [ 0 0 -1 176 ] 0 -1 1
( 0 576 0 ) ( 1 576 0 ) ( 0 577 0 ) 64_cyan_3 [ -1 0 0 0 ] [ 0 -1 0 0 ] 0 1 1
( 128 704 112 ) ( 128 705 112 ) ( 129 704 112 ) trim_band_teal [ 1.0000000000000002 0 0 -256 ] [ 0 -1.0000000000000002 0 -320 ] 0 -1 1
( 128 608 2112 ) ( 129 608 2112 ) ( 128 608 2113 ) 64_cyan_3 [ -1 0 0 0 ] [ 0 0 -1 0 ] 0 1 1
( 128 704 2112 ) ( 128 704 2113 ) ( 128 705 2112 ) 64_cyan_3 [ 0 1 0 0 ] [ 0 0 -1 0 ] 0 1 1
}
// brush 2
{
( 0 544 64 ) ( 0 545 64 ) ( 0 544 65 ) 64_cyan_3 [ 0 -1 0 -32 ] [ 0 0 -1 0 ] 0 1 1
( 0 544 64 ) ( 0 544 65 ) ( 1 544 64 ) trim_band_teal [ 1 0 0 -128 ] [ 0 0 -1 160 ] 0 1 1
( 0 544 0 ) ( 1 544 0 ) ( 0 545 0 ) 64_cyan_3 [ -1 0 0 0 ] [ 0 -1 0 -32 ] 0 1 1
( 128 672 96 ) ( 128 673 96 ) ( 129 672 96 ) trim_band_teal [ 1.0000000000000002 0 0 -128 ] [ 0 -1.0000000000000002 0 -352 ] 0 1 1
( 128 576 2112 ) ( 129 576 2112 ) ( 128 576 2113 ) 64_cyan_3 [ -1 0 0 0 ] [ 0 0 -1 0 ] 0 1 1
( 128 672 2112 ) ( 128 672 2113 ) ( 128 673 2112 ) 64_cyan_3 [ 0 1 0 32 ] [ 0 0 -1 0 ] 0 1 1
}
// brush 3
{
( 0 512 64 ) ( 0 513 64 ) ( 0 512 65 ) 64_cyan_3 [ 0 -1 0 0 ] [ 0 0 -1 0 ] 0 1 1
( 0 512 64 ) ( 0 512 65 ) ( 1 512 64 ) trim_band_teal [ 1 0 0 -528 ] [ 0 0 -1 144 ] 0 1 1
( 0 512 0 ) ( 1 512 0 ) ( 0 513 0 ) 64_cyan_3 [ -1 0 0 0 ] [ 0 -1 0 0 ] 0 1 1
( 128 640 80 ) ( 128 641 80 ) ( 129 640 80 ) trim_band_teal [ 1.0000000000000002 0 0 -528 ] [ 0 -1.0000000000000002 0 -384 ] 0 1 1
( 128 544 2112 ) ( 129 544 2112 ) ( 128 544 2113 ) 64_cyan_3 [ -1 0 0 0 ] [ 0 0 -1 0 ] 0 1 1
( 128 640 2112 ) ( 128 640 2113 ) ( 128 641 2112 ) 64_cyan_3 [ 0 1 0 0 ] [ 0 0 -1 0 ] 0 1 1
}
// brush 4
{
( 0 480 0 ) ( 0 481 0 ) ( 0 480 1 ) 64_cyan_3 [ 0 -1 0 -32 ] [ 0 0 -1 0 ] 0 1 1
( 0 480 0 ) ( 0 480 1 ) ( 1 480 0 ) trim_band_teal [ 1 0 0 -384 ] [ 0 0 -1 128 ] 0 1 1
( 0 480 0 ) ( 1 480 0 ) ( 0 481 0 ) 64_cyan_3 [ -1 0 0 0 ] [ 0 -1 0 -32 ] 0 1 1
( 128 608 64 ) ( 128 609 64 ) ( 129 608 64 ) trim_band_teal [ 1.0000000000000002 0 0 -384 ] [ 0 -1.0000000000000002 0 -416 ] 0 1 1
( 128 512 2048 ) ( 129 512 2048 ) ( 128 512 2049 ) 64_cyan_3 [ -1 0 0 0 ] [ 0 0 -1 0 ] 0 1 1
( 128 608 2048 ) ( 128 608 2049 ) ( 128 609 2048 ) 64_cyan_3 [ 0 1 0 32 ] [ 0 0 -1 0 ] 0 1 1
}
// brush 5
{
( 0 448 0 ) ( 0 449 0 ) ( 0 448 1 ) 64_cyan_3 [ 0 -1 0 0 ] [ 0 0 -1 0 ] 0 1 1
( 0 448 0 ) ( 0 448 1 ) ( 1 448 0 ) trim_band_teal [ 1 0 0 -496 ] [ 0 0 -1 112 ] 0 -1 1
( 0 448 0 ) ( 1 448 0 ) ( 0 449 0 ) 64_cyan_3 [ -1 0 0 0 ] [ 0 -1 0 0 ] 0 1 1
( 128 576 48 ) ( 128 577 48 ) ( 129 576 48 ) trim_band_teal [ 1.0000000000000002 0 0 -496 ] [ 0 -1.0000000000000002 0 -448 ] 0 -1 1
( 128 480 2048 ) ( 129 480 2048 ) ( 128 480 2049 ) 64_cyan_3 [ -1 0 0 0 ] [ 0 0 -1 0 ] 0 1 1
( 128 576 2048 ) ( 128 576 2049 ) ( 128 577 2048 ) 64_cyan_3 [ 0 1 0 0 ] [ 0 0 -1 0 ] 0 1 1
}
// brush 6
{
( 0 416 0 ) ( 0 417 0 ) ( 0 416 1 ) 64_cyan_3 [ 0 -1 0 -32 ] [ 0 0 -1 0 ] 0 1 1
( 0 416 0 ) ( 0 416 1 ) ( 1 416 0 ) trim_band_teal [ 1 0 0 -496 ] [ 0 0 -1 96 ] 0 1 1
( 0 416 0 ) ( 1 416 0 ) ( 0 417 0 ) 64_cyan_3 [ -1 0 0 0 ] [ 0 -1 0 -32 ] 0 1 1
( 128 544 32 ) ( 128 545 32 ) ( 129 544 32 ) trim_band_teal [ 1.0000000000000002 0 0 -496 ] [ 0 -1.0000000000000002 0 -480 ] 0 1 1
( 128 448 2048 ) ( 129 448 2048 ) ( 128 448 2049 ) 64_cyan_3 [ -1 0 0 0 ] [ 0 0 -1 0 ] 0 1 1
( 128 544 2048 ) ( 128 544 2049 ) ( 128 545 2048 ) 64_cyan_3 [ 0 1 0 32 ] [ 0 0 -1 0 ] 0 1 1
}
// brush 7
{
( 0 384 0 ) ( 0 385 0 ) ( 0 384 1 ) 64_cyan_3 [ 0 -1 0 0 ] [ 0 0 -1 0 ] 0 1 1
( 0 384 0 ) ( 0 384 1 ) ( 1 384 0 ) trim_band_teal [ 1 0 0 0 ] [ 0 0 -1 80 ] 0 1 1
( 0 384 0 ) ( 1 384 0 ) ( 0 385 0 ) 64_cyan_3 [ -1 0 0 0 ] [ 0 -1 0 0 ] 0 1 1
( 128 512 16 ) ( 128 513 16 ) ( 129 512 16 ) trim_band_teal [ 1.0000000000000002 0 0 0 ] [ 0 -1.0000000000000002 0 0 ] 0 1 1
( 128 416 2048 ) ( 129 416 2048 ) ( 128 416 2049 ) 64_cyan_3 [ -1 0 0 0 ] [ 0 0 -1 0 ] 0 1 1
( 128 512 2048 ) ( 128 512 2049 ) ( 128 513 2048 ) 64_cyan_3 [ 0 1 0 0 ] [ 0 0 -1 0 ] 0 1 1
}
}
