// entity 0
{
"classname" "func_detail"
// brush 0
{
( -128 256 48 ) ( -104 232 64 ) ( -104 232 48 ) cyan_3 [ 0.7071067811865476 -0.7071067811865476 0 -2.9449768 ] [ 0 0 -1 0 ] 0 1 1
( -80 304 48 ) ( -32 352 64 ) ( -80 304 64 ) cyan_3 [ -0.7071067811865476 -0.7071067811865476 0 0.02859497 ] [ 0 0 -1 0 ] 0 1 1
( -8 328 0 ) ( -80 304 0 ) ( -56 280 0 ) cyan_3 [ -1 0 0 0 ] [ 0 -1 0 -8 ] 0 1 1
( -8 328 64 ) ( -80 304 64 ) ( -32 352 64 ) trim_band_teal [ 0.7071067811865476 0.7071067811865478 1.1102230246251565e-16 205.49026 ] [ 0.7071067811865479 -0.7071067811865479 2.220446049250313e-16 -159.99854 ] 0 1 1.0606537
( -8 328 64 ) ( -56 280 48 ) ( -56 280 64 ) trim_band_teal [ 0.7071067811865477 0.7071067811865475 0 205.49026 ] [ 0 0 -1.0000000000000002 128 ] 0 1 1
( -8 328 64 ) ( -32 352 48 ) ( -8 328 48 ) cyan_3 [ -0.7071067811865476 0.7071067811865476 0 2.9449768 ] [ 0 0 -1 0 ] 0 1 1
}
// brush 1
{
( -104 232 32 ) ( -80 208 48 ) ( -80 208 32 ) cyan_3 [ 0.7071067811865476 -0.7071067811865476 0 -4.8861084 ] [ 0 0 -1 0 ] 0 1 1
( -56 280 32 ) ( -8 328 48 ) ( -56 280 48 ) cyan_3 [ -0.7071067811865476 -0.7071067811865476 0 0.02859497 ] [ 0 0 -1 0 ] 0 1 1
( 16 304 0 ) ( -56 280 0 ) ( -32 256 0 ) cyan_3 [ -1 0 0 8 ] [ 0 -1 0 0 ] 0 1 1
( 16 304 48 ) ( -56 280 48 ) ( -8 328 48 ) trim_band_teal [ 0.7071067811865476 0.7071067811865478 1.1102230246251565e-16 477.49026 ] [ 0.7071067811865479 -0.7071067811865479 2.220446049250313e-16 -191.99876 ] 0 1 1.0606537
( 16 304 48 ) ( -32 256 32 ) ( -32 256 48 ) trim_band_teal [ 0.7071067811865477 0.7071067811865475 0 477.49026 ] [ 0 0 -1.0000000000000002 112 ] 0 1 1
( 16 304 48 ) ( -8 328 32 ) ( 16 304 32 ) cyan_3 [ -0.7071067811865476 0.7071067811865476 0 4.8861084 ] [ 0 0 -1 0 ] 0 1 1
}
// brush 2
{
( -80 208 16 ) ( -56 184 32 ) ( -56 184 16 ) cyan_3 [ 0.7071067811865476 -0.7071067811865476 0 -6.8272247 ] [ 0 0 -1 0 ] 0 1 1
( -32 256 16 ) ( 16 304 32 ) ( -32 256 32 ) cyan_3 [ -0.7071067811865476 -0.7071067811865476 0 0.02859497 ] [ 0 0 -1 0 ] 0 1 1
( 40 280 0 ) ( -32 256 0 ) ( -8 232 0 ) cyan_3 [ -1 0 0 0 ] [ 0 -1 0 -8 ] 0 1 1
( 40 280 32 ) ( -32 256 32 ) ( 16 304 32 ) trim_band_teal [ 0.7071067811865476 0.7071067811865478 1.1102230246251565e-16 205.49026 ] [ 0.7071067811865479 -0.7071067811865479 2.220446049250313e-16 -223.99889 ] 0 1 1.0606537
( 40 280 32 ) ( -8 232 16 ) ( -8 232 32 ) trim_band_teal [ 0.7071067811865477 0.7071067811865475 0 205.49026 ] [ 0 0 -1.0000000000000002 96 ] 0 1 1
( 40 280 32 ) ( 16 304 16 ) ( 40 280 16 ) cyan_3 [ -0.7071067811865476 0.7071067811865476 0 6.8272247 ] [ 0 0 -1 0 ] 0 1 1
}
// brush 3
{
( -56 184 0 ) ( -32 160 16 ) ( -32 160 0 ) cyan_3 [ 0.7071067811865476 -0.7071067811865476 0 -8.768356 ] [ 0 0 -1 0 ] 0 1 1
( -8 232 0 ) ( 40 280 16 ) ( -8 232 16 ) cyan_3 [ -0.7071067811865476 -0.7071067811865476 0 0.02859497 ] [ 0 0 -1 0 ] 0 1 1
( 64 256 0 ) ( -8 232 0 ) ( 16 208 0 ) cyan_3 [ -1 0 0 8 ] [ 0 -1 0 0 ] 0 1 1
( 64 256 16 ) ( -8 232 16 ) ( 40 280 16 ) trim_band_teal [ 0.7071067811865476 0.7071067811865478 1.1102230246251565e-16 77.490265 ] [ 0.7071067811865479 -0.7071067811865479 2.220446049250313e-16 -255.99911 ] 0 1 1.0606537
( 64 256 16 ) ( 16 208 0 ) ( 16 208 16 ) trim_band_teal [ 0.7071067811865477 0.7071067811865475 0 77.490265 ] [ 0 0 -1.0000000000000002 80 ] 0 1 1
( 64 256 16 ) ( 40 280 0 ) ( 64 256 0 ) cyan_3 [ -0.7071067811865476 0.7071067811865476 0 8.768356 ] [ 0 0 -1 0 ] 0 1 1
}
}
