// entity 0
{
"classname" "func_detail"
// brush 0
{
( 192 576 0 ) ( 192 577 0 ) ( 192 576 1 ) 64_cyan_3 [ 0 -1 0 0 ] [ 0 0 -1 0 ] 0 1 1
( 192 576 0 ) ( 192 576 1 ) ( 193 576 0 ) trim_band_teal [ 1 0 0 192 ] [ 0 0 -1 128 ] 0 1 1
( 192 576 0 ) ( 193 576 0 ) ( 192 577 0 ) 64_cyan_3 [ -1 0 0 0 ] [ 0 -1 0 0 ] 0 1 1
( 320 704 64 ) ( 320 705 64 ) ( 321 704 64 ) trim_band_teal [ 1.0000000000000002 0 0 192 ] [ 0 -1.0000000000000002 0 -160 ] 0 1 1
( 320 640 2048 ) ( 321 640 2048 ) ( 320 640 2049 ) 64_cyan_3 [ -1 0 0 0 ] [ 0 0 -1 0 ] 0 1 1
( 320 704 2048 ) ( 320 704 2049 ) ( 320 705 2048 ) 64_cyan_3 [ 0 1 0 0 ] [ 0 0 -1 0 ] 0 1 1
}
// brush 1
{
( 192 512 0 ) ( 192 513 0 ) ( 192 512 1 ) 64_cyan_3 [ 0 -1 0 0 ] [ 0 0 -1 0 ] 0 1 1
( 192 512 0 ) ( 192 512 1 ) ( 193 512 0 ) trim_band_teal [ 1 0 0 -384 ] [ 0 0 -1 112 ] 0 -1 1
( 192 512 0 ) ( 193 512 0 ) ( 192 513 0 ) 64_cyan_3 [ -1 0 0 0 ] [ 0 -1 0 0 ] 0 1 1
( 320 640 48 ) ( 320 641 48 ) ( 321 640 48 ) trim_band_teal [ 1.0000000000000002 0 0 -384 ] [ 0 -1.0000000000000002 0 -224 ] 0 -1 1
( 320 576 2048 ) ( 321 576 2048 ) ( 320 576 2049 ) 64_cyan_3 [ -1 0 0 0 ] [ 0 0 -1 0 ] 0 1 1
( 320 640 2048 ) ( 320 640 2049 ) ( 320 641 2048 ) 64_cyan_3 [ 0 1 0 0 ] [ 0 0 -1 0 ] 0 1 1
}
// brush 2
{
( 192 448 0 ) ( 192 449 0 ) ( 192 448 1 ) 64_cyan_3 [ 0 -1 0 0 ] [ 0 0 -1 0 ] 0 1 1
( 192 448 0 ) ( 192 448 1 ) ( 193 448 0 ) trim_band_teal [ 1 0 0 -64 ] [ 0 0 -1 96 ] 0 1 1
( 192 448 0 ) ( 193 448 0 ) ( 192 449 0 ) 64_cyan_3 [ -1 0 0 0 ] [ 0 -1 0 0 ] 0 1 1
( 320 576 32 ) ( 320 577 32 ) ( 321 576 32 ) trim_band_teal [ 1.0000000000000002 0 0 -64 ] [ 0 -1.0000000000000002 0 -288 ] 0 1 1
( 320 512 2048 ) ( 321 512 2048 ) ( 320 512 2049 ) 64_cyan_3 [ -1 0 0 0 ] [ 0 0 -1 0 ] 0 1 1
( 320 576 2048 ) ( 320 576 2049 ) ( 320 577 2048 ) 64_cyan_3 [ 0 1 0 0 ] [ 0 0 -1 0 ] 0 1 1
}
// brush 3
{
( 192 384 0 ) ( 192 385 0 ) ( 192 384 1 ) 64_cyan_3 [ 0 -1 0 0 ] [ 0 0 -1 0 ] 0 1 1
( 192 384 0 ) ( 192 384 1 ) ( 193 384 0 ) trim_band_teal [ 1 0 0 -256 ] [ 0 0 -1 80 ] 0 1 1
( 192 384 0 ) ( 193 384 0 ) ( 192 385 0 ) 64_cyan_3 [ -1 0 0 0 ] [ 0 -1 0 0 ] 0 1 1
( 320 512 16 ) ( 320 513 16 ) ( 321 512 16 ) trim_band_teal [ 1.0000000000000002 0 0 -256 ] [ 0 -1.0000000000000002 0 -352 ] 0 1 1
( 320 448 2048 ) ( 321 448 2048 ) ( 320 448 2049 ) 64_cyan_3 [ -1 0 0 0 ] [ 0 0 -1 0 ] 0 1 1
( 320 512 2048 ) ( 320 512 2049 ) ( 320 513 2048 ) 64_cyan_3 [ 0 1 0 0 ] [ 0 0 -1 0 ] 0 1 1
}
}
