// entity 0
{
"classname" "func_detail"
// brush 0
{
( 1648 1616 128 ) ( 1632 1632 128 ) ( 1632 1632 256 ) 64_cyan_2 [ 0 1 0 -32 ] [ 0 0 -1 0 ] 0 1 1
( 1664 1664 64 ) ( 1664 1664 128 ) ( 1616 1648 128 ) trim_band_teal [ -0.9486832980505135 -0.3162277660168385 0 134.66528 ] [ 0 0 -1 -96 ] 0 0.790558 1
( 1712 1552 64 ) ( 1728 1600 64 ) ( 1712 1648 64 ) trim_band_teal [ -0.9486832980505141 -0.31622776601683805 -5.828670879282072e-16 134.66504 ] [ -0.31622776601683805 0.948683298050514 1.1102230246251565e-16 202.66821 ] 0 0.790558 0.9486847
( 1712 1648 128 ) ( 1728 1600 128 ) ( 1712 1552 128 ) trim_band_teal [ -0.9486832980505141 -0.31622776601683805 -5.828670879282072e-16 134.66504 ] [ -0.31622776601683805 0.948683298050514 1.1102230246251565e-16 202.66821 ] 0 0.790558 0.9486847
( 1664 1600 128 ) ( 1664 1584 128 ) ( 1664 1584 256 ) 64_cyan_2 [ 0 1 0 0 ] [ 0 0 -1 0 ] 0 1 1
}
// brush 1
{
( 1616 1648 64 ) ( 1616 1648 128 ) ( 1600 1600 128 ) trim_band_teal [ -0.31622776601683733 -0.948683298050514 0 -351.73413 ] [ 0 0 -1 -96 ] 0 0.790558 1
( 1648 1600 128 ) ( 1664 1600 256 ) ( 1664 1600 128 ) 64_cyan_3 [ 1 0 0 0 ] [ 0 0 -1 0 ] 0 1 1
( 1712 1552 64 ) ( 1728 1600 64 ) ( 1712 1648 64 ) trim_band_teal [ -0.31622776601683794 -0.948683298050514 -6.38378239159465e-16 -342.62012 ] [ -0.948683298050514 0.31622776601683805 9.020562075079397e-17 330.66803 ] 0 0.7877536 0.9486821
( 1712 1648 128 ) ( 1728 1600 128 ) ( 1712 1552 128 ) trim_band_teal [ -0.31622776601683794 -0.948683298050514 -6.38378239159465e-16 -342.62012 ] [ -0.948683298050514 0.31622776601683805 9.020562075079397e-17 330.66803 ] 0 0.7877536 0.9486821
( 1648 1616 128 ) ( 1632 1632 256 ) ( 1632 1632 128 ) 64_cyan_3 [ 0 1 0 -32 ] [ 0 0 -1 0 ] 0 1 1
}
}
