// entity 0
{
"classname" "func_detail"
"_phong" "1"
// brush 0
{
( 1552 2320 64 ) ( 1600 2368 64 ) ( 1600 2368 192 ) 64_cyan_3 [ 0 1 0 32 ] [ 0 0 -1 0 ] 0 1 1
( 1552 2320 64 ) ( 1600 2304 64 ) ( 1600 2304 0 ) trim_band_teal [ 0.9486832980505139 -0.316227766016838 0 -198.1916 ] [ 0 -0 -1 -160 ] 0 0.790558 1
( 1648 2320 0 ) ( 1664 2368 0 ) ( 1648 2416 0 ) trim_band_teal [ 0.9486832980505141 -0.31622776601683805 2.7755575615628914e-17 -198.1916 ] [ -0.31622776601683805 -0.948683298050514 1.1102230246251565e-16 565.3291 ] 0 0.790558 0.9486847
( 1648 2416 64 ) ( 1664 2368 64 ) ( 1648 2320 64 ) trim_band_teal [ 0.9486832980505141 -0.31622776601683805 2.7755575615628914e-17 -198.1916 ] [ -0.31622776601683805 -0.948683298050514 1.1102230246251565e-16 565.3291 ] 0 0.790558 0.9486847
( 1600 2368 64 ) ( 1600 2352 64 ) ( 1600 2352 192 ) 64_cyan_3 [ 0 1 0 32 ] [ 0 0 -1 0 ] 0 1 1
}
// brush 1
{
( 1552 2320 0 ) ( 1536 2368 0 ) ( 1536 2368 64 ) trim_band_teal [ 0.3162277660168386 -0.9486832980505135 0 -172.53906 ] [ 0 0 -1 -160 ] 0 0.790558 1
( 1648 2320 0 ) ( 1664 2368 0 ) ( 1648 2416 0 ) trim_band_teal [ 0.316227766016838 -0.9486832980505141 -6.938893903907228e-16 -172.53906 ] [ -0.948683298050514 -0.31622776601683805 9.020562075079397e-17 565.32996 ] 0 0.790558 0.9486847
( 1648 2416 64 ) ( 1664 2368 64 ) ( 1648 2320 64 ) trim_band_teal [ 0.316227766016838 -0.9486832980505141 -6.938893903907228e-16 -172.53906 ] [ -0.948683298050514 -0.31622776601683805 9.020562075079397e-17 565.32996 ] 0 0.790558 0.9486847
( 1584 2368 64 ) ( 1600 2368 64 ) ( 1600 2368 192 ) 64_cyan_2 [ 1 0 0 32 ] [ 0 0 -1 0 ] 0 1 1
( 1552 2320 64 ) ( 1600 2368 192 ) ( 1600 2368 64 ) 64_cyan_2 [ 0 1 0 32 ] [ 0 0 -1 0 ] 0 1 1
}
// brush 2
{
( 1552 2416 0 ) ( 1552 2416 64 ) ( 1536 2368 64 ) trim_band_teal [ -0.31622776601683733 -0.948683298050514 0 32.27881 ] [ 0 0 -1 -160 ] 0 0.790558 1
( 1584 2368 64 ) ( 1600 2368 192 ) ( 1600 2368 64 ) 64_cyan_3 [ 1 0 0 32 ] [ 0 0 -1 0 ] 0 1 1
( 1648 2320 0 ) ( 1664 2368 0 ) ( 1648 2416 0 ) trim_band_teal [ -0.31622776601683794 -0.948683298050514 -6.38378239159465e-16 44.58252 ] [ -0.948683298050514 0.31622776601683805 9.020562075079397e-17 522.66766 ] 0 0.7877536 0.9486821
( 1648 2416 64 ) ( 1664 2368 64 ) ( 1648 2320 64 ) trim_band_teal [ -0.31622776601683794 -0.948683298050514 -6.38378239159465e-16 44.58252 ] [ -0.948683298050514 0.31622776601683805 9.020562075079397e-17 522.66766 ] 0 0.7877536 0.9486821
( 1584 2384 64 ) ( 1568 2400 192 ) ( 1568 2400 64 ) 64_cyan_3 [ 0 1 0 32 ] [ 0 0 -1 0 ] 0 1 1
}
// brush 3
{
( 1584 2384 64 ) ( 1568 2400 64 ) ( 1568 2400 192 ) 64_cyan_2 [ 0 1 0 32 ] [ 0 0 -1 0 ] 0 1 1
( 1600 2432 0 ) ( 1600 2432 64 ) ( 1552 2416 64 ) trim_band_teal [ -0.9486832980505135 -0.3162277660168385 0 365.0686 ] [ 0 0 -1 -160 ] 0 0.790558 1
( 1648 2320 0 ) ( 1664 2368 0 ) ( 1648 2416 0 ) trim_band_teal [ -0.9486832980505141 -0.31622776601683805 -5.828670879282072e-16 365.0686 ] [ -0.31622776601683805 0.948683298050514 1.1102230246251565e-16 -586.66394 ] 0 0.790558 0.9486847
( 1648 2416 64 ) ( 1664 2368 64 ) ( 1648 2320 64 ) trim_band_teal [ -0.9486832980505141 -0.31622776601683805 -5.828670879282072e-16 365.0686 ] [ -0.31622776601683805 0.948683298050514 1.1102230246251565e-16 -586.66394 ] 0 0.790558 0.9486847
( 1600 2368 64 ) ( 1600 2352 64 ) ( 1600 2352 192 ) 64_cyan_2 [ 0 1 0 32 ] [ 0 0 -1 0 ] 0 1 1
}
// brush 4
{
( 1600 2368 64 ) ( 1600 2352 192 ) ( 1600 2352 64 ) 64_cyan_3 [ 0 1 0 32 ] [ 0 0 -1 0 ] 0 1 1
( 1648 2320 0 ) ( 1664 2368 0 ) ( 1648 2416 0 ) trim_band_teal [ -0.948683298050514 0.316227766016838 -5.273559366969494e-16 467.44043 ] [ 0.31622776601683805 0.948683298050514 1.1102230246251565e-16 -629.3408 ] 0 0.790558 0.9486809
( 1648 2416 64 ) ( 1664 2368 64 ) ( 1648 2320 64 ) trim_band_teal [ -0.948683298050514 0.316227766016838 -5.273559366969494e-16 467.44043 ] [ 0.31622776601683805 0.948683298050514 1.1102230246251565e-16 -629.3408 ] 0 0.790558 0.9486809
( 1648 2416 0 ) ( 1648 2416 64 ) ( 1600 2432 64 ) trim_band_teal [ -0.948683298050514 0.31622776601683744 0 467.44043 ] [ 0 0 -1 -160 ] 0 0.790558 1
( 1552 2320 64 ) ( 1600 2368 192 ) ( 1600 2368 64 ) 64_cyan_3 [ 0 1 0 32 ] [ 0 0 -1 0 ] 0 1 1
}
// brush 5
{
( 1552 2320 64 ) ( 1600 2368 64 ) ( 1600 2368 192 ) 64_cyan_2 [ 0 1 0 32 ] [ 0 0 -1 0 ] 0 1 1
( 1584 2368 64 ) ( 1600 2368 192 ) ( 1600 2368 64 ) 64_cyan_2 [ 1 0 0 32 ] [ 0 0 -1 0 ] 0 1 1
( 1648 2320 0 ) ( 1664 2368 0 ) ( 1648 2416 0 ) trim_band_teal [ -0.31622776601683805 0.948683298050514 -3.885780586188048e-16 288.19336 ] [ 0.948683298050514 0.31622776601683805 9.020562075079397e-17 -629.3391 ] 0 0.790558 0.94868106
( 1648 2416 64 ) ( 1664 2368 64 ) ( 1648 2320 64 ) trim_band_teal [ -0.31622776601683805 0.948683298050514 -3.885780586188048e-16 288.19336 ] [ 0.948683298050514 0.31622776601683805 9.020562075079397e-17 -629.3391 ] 0 0.790558 0.94868106
( 1664 2368 0 ) ( 1664 2368 64 ) ( 1648 2416 64 ) trim_band_teal [ -0.31622776601683833 0.9486832980505137 0 288.19336 ] [ 0 0 -1 -160 ] 0 0.790558 1
}
// brush 6
{
( 1584 2384 64 ) ( 1568 2400 64 ) ( 1568 2400 192 ) 64_cyan_3 [ 0 1 0 32 ] [ 0 0 -1 0 ] 0 1 1
( 1648 2320 0 ) ( 1664 2368 0 ) ( 1648 2416 0 ) trim_band_teal [ 0.316227766016838 0.9486832980505142 -2.7755575615628914e-16 -19.025879 ] [ 0.948683298050514 -0.31622776601683805 9.020562075079397e-17 -74.66553 ] 0 0.790558 0.94868463
( 1648 2416 64 ) ( 1664 2368 64 ) ( 1648 2320 64 ) trim_band_teal [ 0.316227766016838 0.9486832980505142 -2.7755575615628914e-16 -19.025879 ] [ 0.948683298050514 -0.31622776601683805 9.020562075079397e-17 -74.66553 ] 0 0.790558 0.94868463
( 1584 2368 64 ) ( 1600 2368 64 ) ( 1600 2368 192 ) 64_cyan_3 [ 1 0 0 32 ] [ 0 0 -1 0 ] 0 1 1
( 1648 2320 64 ) ( 1664 2368 64 ) ( 1664 2368 0 ) trim_band_teal [ 0.3162277660168377 0.948683298050514 0 -19.025879 ] [ 0 0 -1 -160 ] 0 0.790558 1
}
// brush 7
{
( 1600 2368 64 ) ( 1600 2352 192 ) ( 1600 2352 64 ) 64_cyan_2 [ 0 1 0 32 ] [ 0 0 -1 0 ] 0 1 1
( 1648 2320 0 ) ( 1664 2368 0 ) ( 1648 2416 0 ) trim_band_teal [ 0.948683298050514 0.31622776601683805 -1.1102230246251565e-16 -505.4182 ] [ 0.31622776601683805 -0.948683298050514 1.1102230246251565e-16 522.6676 ] 0 0.790558 0.9486828
( 1648 2416 64 ) ( 1664 2368 64 ) ( 1648 2320 64 ) trim_band_teal [ 0.948683298050514 0.31622776601683805 -1.1102230246251565e-16 -505.4182 ] [ 0.31622776601683805 -0.948683298050514 1.1102230246251565e-16 522.6676 ] 0 0.790558 0.9486828
( 1600 2304 64 ) ( 1648 2320 64 ) ( 1648 2320 0 ) trim_band_teal [ 0.9486832980505138 0.31622776601683805 0 -505.4182 ] [ 0 0 -1 -160 ] 0 0.790558 1
( 1584 2384 64 ) ( 1568 2400 192 ) ( 1568 2400 64 ) 64_cyan_2 [ 0 1 0 32 ] [ 0 0 -1 0 ] 0 1 1
}
}
