// entity 0
{
"classname" "func_detail"
// brush 0
{
( 1600 1664 192 ) ( 1600 1600 192 ) ( 1600 1600 128 ) trim_band_teal [ 0 -1 0 -256 ] [ 0 0 -1 -32 ] 0 1 1
( 1600 1600 128 ) ( 1616 1648 128 ) ( 1600 1664 128 ) trim_band_teal [ -0.31622776601683794 -0.948683298050514 -6.38378239159465e-16 -342.62012 ] [ -0.948683298050514 0.31622776601683805 9.020562075079397e-17 330.6671 ] 0 0.7877536 0.9486821
( 1600 1664 192 ) ( 1616 1648 192 ) ( 1600 1600 192 ) trim_band_teal [ -0.31622776601683794 -0.948683298050514 -6.38378239159465e-16 -342.62012 ] [ -0.948683298050514 0.31622776601683805 9.020562075079397e-17 330.6671 ] 0 0.7877536 0.9486821
( 1616 1648 128 ) ( 1616 1648 192 ) ( 1600 1664 192 ) trim_band_teal [ -0.7071067811865476 0.7071067811865476 0 76.31286 ] [ 0 0 -1 128 ] 0 1 1
( 1600 1600 192 ) ( 1616 1648 192 ) ( 1616 1648 128 ) trim_band_teal [ -0.31622776601683733 -0.948683298050514 0 -351.73413 ] [ 0 0 -1 -32 ] 0 0.790558 1
}
// brush 1
{
( 1616 1648 128 ) ( 1600 1664 192 ) ( 1616 1648 192 ) trim_band_teal [ 0.7071067811865476 -0.7071067811865476 0 -76.31286 ] [ 0 0 -1 128 ] 0 1 1
( 1664 1664 128 ) ( 1600 1664 128 ) ( 1616 1648 128 ) trim_band_teal [ -0.9486832980505141 -0.31622776601683805 -5.828670879282072e-16 134.66504 ] [ -0.31622776601683805 0.948683298050514 1.1102230246251565e-16 202.66821 ] 0 0.790558 0.9486847
( 1600 1664 192 ) ( 1664 1664 192 ) ( 1616 1648 192 ) trim_band_teal [ -0.9486832980505141 -0.31622776601683805 -5.828670879282072e-16 134.66504 ] [ -0.31622776601683805 0.948683298050514 1.1102230246251565e-16 202.66821 ] 0 0.790558 0.9486847
( 1600 1664 192 ) ( 1664 1664 128 ) ( 1664 1664 192 ) trim_band_teal [ -1.0000000000000002 0 0 -320 ] [ 0 0 -1.0000000000000002 -32 ] 0 1 1
( 1664 1664 192 ) ( 1616 1648 128 ) ( 1616 1648 192 ) trim_band_teal [ -0.9486832980505135 -0.3162277660168385 0 134.66528 ] [ 0 0 -1 -32 ] 0 0.790558 1
}
}
