// brush 0
{
( -832 -1344 128 ) ( -960 -1216 128 ) ( -960 -1216 192 ) 128_honey_2 [ 0 1 0 0 ] [ 0 0 -1 0 ] 0 1 1
( -832 -1088 128 ) ( -832 -1088 192 ) ( -960 -1216 192 ) 128_honey_2 [ 0 1 0 0 ] [ 0 0 -1 0 ] 0 1 1
( -832 -1344 128 ) ( -704 -1216 128 ) ( -832 -1088 128 ) 128_honey_2 [ 1 0 0 0 ] [ 0 -1 0 0 ] 0 1 1
( -832 -1088 192 ) ( -704 -1216 192 ) ( -832 -1344 192 ) 128_grey_3 [ 1 0 0 0 ] [ 0 -1 0 0 ] 0 1 1
( -832 -1344 192 ) ( -704 -1216 192 ) ( -704 -1216 128 ) 128_honey_2 [ 0 1 0 0 ] [ 0 0 -1 0 ] 0 1 1
( -704 -1216 128 ) ( -704 -1216 192 ) ( -832 -1088 192 ) 128_honey_2 [ 0 1 0 0 ] [ 0 0 -1 0 ] 0 1 1
}

