// entity 0
{
"classname" "func_door"
"_dirt" "-1"
"minlight" "200"
// brush 0
{
( -512 -448 0 ) ( -512 -447 0 ) ( -512 -448 1 ) 128_blue_2 [ 0 -1 0 0 ] [ 0 0 -1 0 ] 0 1 1
( -512 -416 0 ) ( -512 -416 1 ) ( -511 -416 0 ) 128_blue_2 [ 1 0 0 0 ] [ 0 0 -1 0 ] 0 1 1
( -512 -448 0 ) ( -511 -448 0 ) ( -512 -447 0 ) 128_blue_2 [ -1 0 0 0 ] [ 0 -1 0 0 ] 0 1 1
( -320 -384 64 ) ( -320 -383 64 ) ( -319 -384 64 ) 128_blue_2 [ 1 0 0 0 ] [ 0 -1 0 0 ] 0 1 1
( -320 -384 64 ) ( -319 -384 64 ) ( -320 -384 65 ) 128_blue_2 [ -1 0 0 0 ] [ 0 0 -1 0 ] 0 1 1
( -320 -384 64 ) ( -320 -384 65 ) ( -320 -383 64 ) 128_blue_2 [ 0 1 0 0 ] [ 0 0 -1 0 ] 0 1 1
}
}
