// entity 0
{
"classname" "func_detail"
// brush 0
{
( 240 144 0 ) ( 288 96 16 ) ( 288 96 0 ) cyan_3 [ 0.7071067811865476 -0.7071067811865476 0 -6.356056 ] [ 0 0 -1 0 ] 0 1 1
( 336 240 16 ) ( 288 192 0 ) ( 336 240 0 ) cyan_3 [ -0.7071067811865476 -0.7071067811865476 0 5.047943 ] [ 0 0 -1 0 ] 0 1 1
( 384 192 0 ) ( 288 192 0 ) ( 336 144 0 ) cyan_3 [ -1 0 0 0 ] [ 0 -1 0 8 ] 0 1 1
( 384 192 16 ) ( 288 192 16 ) ( 336 240 16 ) trim_band_teal [ 0.7071067657322371 0.7071067966408574 0 -10.01004 ] [ 0.7071067966408574 -0.7071067657322371 0 -351.38428 ] 315 1 1.0657883
( 384 192 16 ) ( 336 144 0 ) ( 336 144 16 ) trim_band_teal [ 0.7071067811865477 0.7071067811865475 0 -183.52908 ] [ 0 0 -1.0000000000000002 80 ] 0 1 1
( 384 192 16 ) ( 336 240 0 ) ( 384 192 0 ) cyan_3 [ -0.7071067811865476 0.7071067811865476 0 6.356056 ] [ 0 0 -1 0 ] 0 1 1
}
// brush 1
{
( 96 288 48 ) ( 144 240 64 ) ( 144 240 48 ) cyan_3 [ 0.7071067811865476 -0.7071067811865476 0 5.2906647 ] [ 0 0 -1 0 ] 0 1 1
( 192 384 64 ) ( 144 336 48 ) ( 192 384 48 ) cyan_3 [ -0.7071067811865476 -0.7071067811865476 0 5.047943 ] [ 0 0 -1 0 ] 0 1 1
( 240 336 0 ) ( 144 336 0 ) ( 192 288 0 ) cyan_3 [ -1 0 0 0 ] [ 0 -1 0 8 ] 0 1 1
( 240 336 64 ) ( 144 336 64 ) ( 192 384 64 ) trim_band_teal [ 0.7071067657322371 0.7071067966408574 0 -298.01004 ] [ 0.7071067966408574 -0.7071067657322371 0 -160.3081 ] 315 1 1.0657883
( 240 336 64 ) ( 192 288 48 ) ( 192 288 64 ) trim_band_teal [ 0.7071067811865477 0.7071067811865475 0 -471.52908 ] [ 0 0 -1.0000000000000002 128 ] 0 1 1
( 240 336 64 ) ( 192 384 48 ) ( 240 336 48 ) cyan_3 [ -0.7071067811865476 0.7071067811865476 0 -5.2906647 ] [ 0 0 -1 0 ] 0 1 1
}
// brush 2
{
( 144 240 32 ) ( 192 192 48 ) ( 192 192 32 ) cyan_3 [ 0.7071067811865476 -0.7071067811865476 0 1.4084091 ] [ 0 0 -1 0 ] 0 1 1
( 240 336 48 ) ( 192 288 32 ) ( 240 336 32 ) cyan_3 [ -0.7071067811865476 -0.7071067811865476 0 5.047943 ] [ 0 0 -1 0 ] 0 1 1
( 288 288 0 ) ( 192 288 0 ) ( 240 240 0 ) cyan_3 [ -1 0 0 0 ] [ 0 -1 0 8 ] 0 1 1
( 288 288 48 ) ( 192 288 48 ) ( 240 336 48 ) trim_band_teal [ 0.7071067657322371 0.7071067966408574 0 517.99 ] [ 0.7071067966408574 -0.7071067657322371 0 -224.00017 ] 315 1 1.0657883
( 288 288 48 ) ( 240 240 32 ) ( 240 240 48 ) trim_band_teal [ 0.7071067811865477 0.7071067811865475 0 344.47092 ] [ 0 0 -1.0000000000000002 112 ] 0 1 1
( 288 288 48 ) ( 240 336 32 ) ( 288 288 32 ) cyan_3 [ -0.7071067811865476 0.7071067811865476 0 -1.4084091 ] [ 0 0 -1 0 ] 0 1 1
}
// brush 3
{
( 192 192 16 ) ( 240 144 32 ) ( 240 144 16 ) cyan_3 [ 0.7071067811865476 -0.7071067811865476 0 -2.4738655 ] [ 0 0 -1 0 ] 0 1 1
( 288 288 32 ) ( 240 240 16 ) ( 288 288 16 ) cyan_3 [ -0.7071067811865476 -0.7071067811865476 0 5.047943 ] [ 0 0 -1 0 ] 0 1 1
( 336 240 0 ) ( 240 240 0 ) ( 288 192 0 ) cyan_3 [ -1 0 0 0 ] [ 0 -1 0 8 ] 0 1 1
( 336 240 32 ) ( 240 240 32 ) ( 288 288 32 ) trim_band_teal [ 0.7071067657322371 0.7071067966408574 0 197.98996 ] [ 0.7071067966408574 -0.7071067657322371 0 -287.69223 ] 315 1 1.0657883
( 336 240 32 ) ( 288 192 16 ) ( 288 192 32 ) trim_band_teal [ 0.7071067811865477 0.7071067811865475 0 24.470917 ] [ 0 0 -1.0000000000000002 96 ] 0 1 1
( 336 240 32 ) ( 288 288 16 ) ( 336 240 16 ) cyan_3 [ -0.7071067811865476 0.7071067811865476 0 2.4738655 ] [ 0 0 -1 0 ] 0 1 1
}
}
