// entity 0
{
"classname" "func_detail"
// brush 0
{
( -1152 896 32 ) ( -1088 640 160 ) ( -1088 640 32 ) 64_cyan_3 [ 0.24253562503633297 -0.9701425001453319 0 54.59247 ] [ 0 0 -1 0 ] 0 1 1
( -992 864 64 ) ( -992 864 65 ) ( -991 864 64 ) 64_cyan_3 [ -1 -2.465190328815662e-32 0 -32 ] [ 0 0 -1 0 ] 0 1 1
( -1248 640 0 ) ( -1247 640 0 ) ( -1248 641 0 ) 64_cyan_3 [ -1 -2.465190328815662e-32 0 -32 ] [ 2.465190328815662e-32 -1 0 0 ] 0 1 1
( -992 896 64 ) ( -992 897 64 ) ( -991 896 64 ) 64_cyan_3 [ 1 2.465190328815662e-32 0 32 ] [ 2.465190328815662e-32 -1 0 0 ] 0 1 1
( -992 896 64 ) ( -991 896 64 ) ( -992 896 65 ) 64_cyan_3 [ -1 -2.465190328815662e-32 0 -32 ] [ 0 0 -1 0 ] 0 1 1
( -1120 880 64 ) ( -1120 864 64 ) ( -1120 864 192 ) 64_cyan_3 [ -6.123233995736766e-17 1 0 54.063477 ] [ 0 0 -1 0 ] 0 1 1
}
// brush 1
{
( -1216 864 32 ) ( -1024 672 160 ) ( -1024 672 32 ) 64_cyan_1 [ 0.7071067811865476 -0.7071067811865476 0 8.202148 ] [ 0 0 -1 0 ] 0 1 1
( -1216 864 32 ) ( -1152 896 32 ) ( -1152 896 160 ) 64_cyan_1 [ -0.894427190999916 -0.447213595499958 0 -8.7282715 ] [ 0 0 -1 0 ] 0 1 1
( -1248 640 0 ) ( -1247 640 0 ) ( -1248 641 0 ) 64_cyan_1 [ -1 -2.465190328815662e-32 0 -32 ] [ 2.465190328815662e-32 -1 0 0 ] 0 1 1
( -992 896 64 ) ( -992 897 64 ) ( -991 896 64 ) 64_cyan_1 [ 1 2.465190328815662e-32 0 32 ] [ 2.465190328815662e-32 -1 0 0 ] 0 1 1
( -1201.6000000000004 835.1999999999998 32 ) ( -1137.6000000000004 867.1999999999998 160 ) ( -1137.6000000000004 867.1999999999998 32 ) 64_cyan_1 [ -0.894427190999916 -0.447213595499958 0 -8.7282715 ] [ 0 0 -1 0 ] 0 1 1
( -1152 896 32 ) ( -1088 640 32 ) ( -1088 640 160 ) 64_cyan_1 [ -0.24253562503633297 0.9701425001453319 0 -54.59247 ] [ 0 0 -1 0 ] 0 1 1
}
// brush 2
{
( -1248 800 32 ) ( -1216 864 32 ) ( -1216 864 160 ) 64_cyan_2 [ -0.447213595499958 -0.894427190999916 0 -17.12439 ] [ 0 0 -1 0 ] 0 1 1
( -992 736 32 ) ( -1248 800 32 ) ( -1248 800 160 ) 64_cyan_2 [ 0.9701425001453319 -0.24253562503633297 0 2.4101562 ] [ 0 0 -1 0 ] 0 1 1
( -1248 640 0 ) ( -1247 640 0 ) ( -1248 641 0 ) 64_cyan_2 [ -1 -2.465190328815662e-32 0 -32 ] [ 2.465190328815662e-32 -1 0 0 ] 0 1 1
( -992 896 64 ) ( -992 897 64 ) ( -991 896 64 ) 64_cyan_2 [ 1 2.465190328815662e-32 0 32 ] [ 2.465190328815662e-32 -1 0 0 ] 0 1 1
( -1216 864 32 ) ( -1024 672 32 ) ( -1024 672 160 ) 64_cyan_2 [ -0.7071067811865476 0.7071067811865476 0 -8.202148 ] [ 0 0 -1 0 ] 0 1 1
( -1219.1999999999998 785.6000000000004 32 ) ( -1187.1999999999998 849.6000000000004 160 ) ( -1187.1999999999998 849.6000000000004 32 ) 64_cyan_2 [ -0.447213595499958 -0.894427190999916 0 -17.124268 ] [ 0 0 -1 0 ] 0 1 1
}
// brush 3
{
( -1248 640 0 ) ( -1248 641 0 ) ( -1248 640 1 ) 64_cyan_3 [ 2.465190328815662e-32 -1 0 0 ] [ 0 0 -1 0 ] 0 1 1
( -1232 768 64 ) ( -1224 768 192 ) ( -1224 768 64 ) 64_cyan_3 [ 1 6.123233995736766e-17 0 56.855957 ] [ 0 0 -1 0 ] 0 1 1
( -1248 640 0 ) ( -1247 640 0 ) ( -1248 641 0 ) 64_cyan_3 [ -1 -2.465190328815662e-32 0 -32 ] [ 2.465190328815662e-32 -1 0 0 ] 0 1 1
( -992 896 64 ) ( -992 897 64 ) ( -991 896 64 ) 64_cyan_3 [ 1 2.465190328815662e-32 0 32 ] [ 2.465190328815662e-32 -1 0 0 ] 0 1 1
( -992 736 32 ) ( -1248 800 160 ) ( -1248 800 32 ) 64_cyan_3 [ -0.9701425001453319 0.24253562503633297 0 -2.4101562 ] [ 0 0 -1 0 ] 0 1 1
( -1216 640 0 ) ( -1216 640 1 ) ( -1216 641 0 ) 64_cyan_3 [ 2.465190328815662e-32 -1 0 0 ] [ 0 0 -1 0 ] 0 1 1
}
}
