// entity 0
{
"classname" "func_detail"
// brush 0
{
( -1408 800 32 ) ( -1376 864 32 ) ( -1376 864 160 ) 64_cyan_2 [ -0.447213595499958 -0.894427190999916 0 39.321426 ] [ 0 0 -1 0 ] 0 1 1
( -1152 736 32 ) ( -1408 800 32 ) ( -1408 800 160 ) 64_cyan_2 [ 0.9701425001453319 -0.24253562503633297 0 -34.36682 ] [ 0 0 -1 0 ] 0 1 1
( -1408 640 0 ) ( -1407 640 0 ) ( -1408 641 0 ) 64_cyan_2 [ -1 0 0 63.999878 ] [ 0 -1 0 -63.99994 ] 0 1 1
( -1152 896 64 ) ( -1152 897 64 ) ( -1151 896 64 ) 64_cyan_2 [ 1 0 0 -63.999878 ] [ 0 -1 0 -63.99994 ] 0 1 1
( -1376 864 32 ) ( -1184 672 32 ) ( -1184 672 160 ) 64_cyan_2 [ -0.7071067811865476 0.7071067811865476 0 6.6607666 ] [ 0 0 -1 0 ] 0 1 1
}
// brush 1
{
( -1376 864 32 ) ( -1184 672 160 ) ( -1184 672 32 ) 64_cyan_1 [ 0.7071067811865476 -0.7071067811865476 0 -6.6607666 ] [ 0 0 -1 0 ] 0 1 1
( -1376 864 32 ) ( -1312 896 32 ) ( -1312 896 160 ) 64_cyan_1 [ -0.894427190999916 -0.447213595499958 0 40.16339 ] [ 0 0 -1 0 ] 0 1 1
( -1408 640 0 ) ( -1407 640 0 ) ( -1408 641 0 ) 64_cyan_1 [ -1 0 0 63.999878 ] [ 0 -1 0 -63.99994 ] 0 1 1
( -1152 896 64 ) ( -1152 897 64 ) ( -1151 896 64 ) 64_cyan_1 [ 1 0 0 -63.999878 ] [ 0 -1 0 -63.99994 ] 0 1 1
( -1312 896 32 ) ( -1248 640 32 ) ( -1248 640 160 ) 64_cyan_1 [ -0.24253562503633297 0.9701425001453319 0 34.602173 ] [ 0 0 -1 0 ] 0 1 1
}
// brush 2
{
( -1312 896 32 ) ( -1248 640 160 ) ( -1248 640 32 ) 64_cyan_2 [ 0.24253562503633297 -0.9701425001453319 0 -34.602173 ] [ 0 0 -1 0 ] 0 1 1
( -1408 640 0 ) ( -1407 640 0 ) ( -1408 641 0 ) 64_cyan_2 [ -1 0 0 0 ] [ 0 -1 0 -63.99994 ] 0 1 1
( -1152 896 64 ) ( -1152 897 64 ) ( -1151 896 64 ) 64_cyan_2 [ 1 0 0 0 ] [ 0 -1 0 -63.99994 ] 0 1 1
( -1152 896 64 ) ( -1151 896 64 ) ( -1152 896 65 ) 64_cyan_2 [ -1 0 0 0 ] [ 0 0 -1 0 ] 0 1 1
( -1280 864 64 ) ( -1280 800 64 ) ( -1280 800 192 ) 64_cyan_2 [ 0 1 0 12.170898 ] [ 0 0 -1 0 ] 0 1 1
}
// brush 3
{
( -1408 640 0 ) ( -1408 641 0 ) ( -1408 640 1 ) 64_cyan_1 [ 0 -1 0 0 ] [ 0 0 -1 0 ] 0 1 1
( -1408 768 64 ) ( -1344 768 192 ) ( -1344 768 64 ) 64_cyan_1 [ 1 0 0 0 ] [ 0 0 -1 0 ] 0 1 1
( -1408 640 0 ) ( -1407 640 0 ) ( -1408 641 0 ) 64_cyan_1 [ -1 0 0 63.999878 ] [ 0 -1 0 -63.99994 ] 0 1 1
( -1152 896 64 ) ( -1152 897 64 ) ( -1151 896 64 ) 64_cyan_1 [ 1 0 0 -63.999878 ] [ 0 -1 0 -63.99994 ] 0 1 1
( -1152 736 32 ) ( -1408 800 160 ) ( -1408 800 32 ) 64_cyan_1 [ -0.9701425001453319 0.24253562503633297 0 34.36682 ] [ 0 0 -1 0 ] 0 1 1
}
}
