// entity 0
{
"classname" "func_detail"
// brush 0
{
( -1408 864 32 ) ( -1408 832 160 ) ( -1408 832 32 ) 64_cyan_1 [ 0 -1 0 -23.271973 ] [ 0 0 -1 0 ] 0 1 1
( -1408 800 0 ) ( -1376 864 0 ) ( -1440 928 0 ) 64_cyan_1 [ -1 0 0 63.999878 ] [ 0 -1 0 -63.99994 ] 0 1 1
( -1440 928 64 ) ( -1376 864 64 ) ( -1408 800 64 ) 64_cyan_1 [ 1 0 0 -63.999878 ] [ 0 -1 0 -63.99994 ] 0 1 1
( -1376 864 0 ) ( -1376 864 64 ) ( -1440 928 64 ) 64_cyan_1 [ -0.7071067811865476 0.7071067811865476 0 6.661377 ] [ 0 0 -1 0 ] 0 1 1
( -1408 800 64 ) ( -1376 864 64 ) ( -1376 864 0 ) 64_cyan_1 [ -0.447213595499958 -0.894427190999916 0 39.321426 ] [ 0 0 -1 0 ] 0 1 1
}
// brush 1
{
( -1376 864 0 ) ( -1440 928 0 ) ( -1440 928 64 ) 64_cyan_3 [ 0.7071067811865476 -0.7071067811865476 0 -6.661377 ] [ 0 0 -1 0 ] 0 1 1
( -1376 864 0 ) ( -1312 896 0 ) ( -1320 928 0 ) 64_cyan_3 [ -1 0 0 63.999878 ] [ 0 -1 0 -63.99994 ] 0 1 1
( -1320 928 64 ) ( -1312 896 64 ) ( -1376 864 64 ) 64_cyan_3 [ 1 0 0 -63.999878 ] [ 0 -1 0 -63.99994 ] 0 1 1
( -1376 896 32 ) ( -1344 896 32 ) ( -1344 896 160 ) 64_cyan_3 [ -1 0 0 26.229004 ] [ 0 0 -1 0 ] 0 1 1
( -1376 864 64 ) ( -1312 896 64 ) ( -1312 896 0 ) 64_cyan_3 [ -0.894427190999916 -0.447213595499958 0 40.16339 ] [ 0 0 -1 0 ] 0 1 1
}
}
