// entity 0
{
"classname" "func_detail"
// brush 0
{
( -1024 1024 32 ) ( -992 1088 32 ) ( -992 1088 160 ) 64_cyan_1 [ -0.447213595499958 -0.894427190999916 0 17.079895 ] [ 0 0 -1 0 ] 0 1 1
( -768 960 32 ) ( -1008 1056 32 ) ( -1008 1056 160 ) 64_cyan_1 [ 0.9284766908852594 -0.3713906763541038 0 -7.052246 ] [ 0 0 -1 0 ] 0 1 1
( -1024 960 0 ) ( -1023 960 0 ) ( -1024 961 0 ) 64_cyan_1 [ -1 0 0 63.99994 ] [ 0 -1 0 -63.999878 ] 0 1 1
( -768 1216 64 ) ( -768 1217 64 ) ( -767 1216 64 ) 64_cyan_1 [ 1 0 0 -63.99994 ] [ 0 -1 0 -63.999878 ] 0 1 1
( -976 1120 32 ) ( -768 960 32 ) ( -768 960 160 ) 64_cyan_1 [ -0.7926239891046001 0.6097107608496924 0 27.895508 ] [ 0 0 -1 0 ] 0 1 1
}
// brush 1
{
( -1024 960 0 ) ( -1024 961 0 ) ( -1024 960 1 ) 64_cyan_3 [ 0 -1 0 0 ] [ 0 0 -1 0 ] 0 1 1
( -1024 960 0 ) ( -1024 960 1 ) ( -1023 960 0 ) 64_cyan_3 [ 1 0 0 0 ] [ 0 0 -1 0 ] 0 1 1
( -1024 960 0 ) ( -1023 960 0 ) ( -1024 961 0 ) 64_cyan_3 [ -1 0 0 63.99994 ] [ 0 -1 0 -63.99994 ] 0 1 1
( -768 1216 64 ) ( -768 1217 64 ) ( -767 1216 64 ) 64_cyan_3 [ 1 0 0 -63.99994 ] [ 0 -1 0 -63.99994 ] 0 1 1
( -1024 992 32 ) ( -768 960 32 ) ( -768 960 160 ) 64_cyan_3 [ -0.9922778767136677 0.12403473458920847 0 14.455383 ] [ 0 0 -1 0 ] 0 1 1
}
// brush 2
{
( -1008 1056 32 ) ( -1024 992 160 ) ( -1024 992 32 ) 64_cyan_2 [ -0.24253562503633297 -0.9701425001453319 0 38.21759 ] [ 0 0 -1 0 ] 0 1 1
( -1024 992 32 ) ( -768 960 160 ) ( -768 960 32 ) 64_cyan_2 [ 0.9922778767136677 -0.12403473458920847 0 -14.455383 ] [ 0 0 -1 0 ] 0 1 1
( -1024 960 0 ) ( -1023 960 0 ) ( -1024 961 0 ) 64_cyan_2 [ -1 0 0 63.99994 ] [ 0 -1 0 -63.99994 ] 0 1 1
( -768 1216 64 ) ( -768 1217 64 ) ( -767 1216 64 ) 64_cyan_2 [ 1 0 0 -63.99994 ] [ 0 -1 0 -63.99994 ] 0 1 1
( -768 960 32 ) ( -1008 1056 160 ) ( -1008 1056 32 ) 64_cyan_2 [ -0.9284766908852594 0.3713906763541038 0 7.052246 ] [ 0 0 -1 0 ] 0 1 1
}
// brush 3
{
( -976 1120 32 ) ( -928 1168 32 ) ( -928 1168 160 ) 64_cyan_3 [ -0.7071067811865476 -0.7071067811865476 0 53.019333 ] [ 0 0 -1 0 ] 0 1 1
( -976 1120 32 ) ( -768 960 160 ) ( -768 960 32 ) 64_cyan_3 [ 0.7926239891046001 -0.6097107608496924 0 -27.895508 ] [ 0 0 -1 0 ] 0 1 1
( -1024 960 0 ) ( -1023 960 0 ) ( -1024 961 0 ) 64_cyan_3 [ -1 0 0 63.99994 ] [ 0 -1 0 0 ] 0 1 1
( -768 1216 64 ) ( -768 1217 64 ) ( -767 1216 64 ) 64_cyan_3 [ 1 0 0 -63.99994 ] [ 0 -1 0 0 ] 0 1 1
( -928 1168 32 ) ( -768 960 32 ) ( -768 960 160 ) 64_cyan_3 [ -0.6097107608496924 0.7926239891046001 0 45.069946 ] [ 0 0 -1 0 ] 0 1 1
}
// brush 4
{
( -928 1168 32 ) ( -768 960 160 ) ( -768 960 32 ) 64_cyan_2 [ 0.6097107608496924 -0.7926239891046001 0 -45.069946 ] [ 0 0 -1 0 ] 0 1 1
( -832 1216 32 ) ( -896 1184 160 ) ( -896 1184 32 ) 64_cyan_2 [ -0.894427190999916 -0.447213595499958 0 6.3801575 ] [ 0 0 -1 0 ] 0 1 1
( -1024 960 0 ) ( -1023 960 0 ) ( -1024 961 0 ) 64_cyan_2 [ -1 0 0 63.99994 ] [ 0 -1 0 -63.999878 ] 0 1 1
( -768 1216 64 ) ( -768 1217 64 ) ( -767 1216 64 ) 64_cyan_2 [ 1 0 0 -63.99994 ] [ 0 -1 0 -63.999878 ] 0 1 1
( -864 1200 32 ) ( -768 960 32 ) ( -768 960 160 ) 64_cyan_2 [ -0.3713906763541038 0.9284766908852594 0 56.438477 ] [ 0 0 -1 0 ] 0 1 1
}
// brush 5
{
( -864 1200 32 ) ( -768 960 160 ) ( -768 960 32 ) 64_cyan_1 [ 0.3713906763541038 -0.9284766908852594 0 -56.438477 ] [ 0 0 -1 0 ] 0 1 1
( -800 1216 32 ) ( -864 1200 160 ) ( -864 1200 32 ) 64_cyan_1 [ -0.9701425001453319 -0.24253562503633297 0 16.228027 ] [ 0 0 -1 0 ] 0 1 1
( -1024 960 0 ) ( -1023 960 0 ) ( -1024 961 0 ) 64_cyan_1 [ -1 0 0 63.99994 ] [ 0 -1 0 -63.999878 ] 0 1 1
( -768 1216 64 ) ( -768 1217 64 ) ( -767 1216 64 ) 64_cyan_1 [ 1 0 0 -63.99994 ] [ 0 -1 0 -63.999878 ] 0 1 1
( -800 1216 32 ) ( -768 960 32 ) ( -768 960 160 ) 64_cyan_1 [ -0.12403473458920847 0.9922778767136677 0 48.18506 ] [ 0 0 -1 0 ] 0 1 1
}
// brush 6
{
( -800 1216 32 ) ( -768 960 160 ) ( -768 960 32 ) 64_cyan_3 [ 0.12403473458920847 -0.9922778767136677 0 -48.18506 ] [ 0 0 -1 0 ] 0 1 1
( -1024 960 0 ) ( -1023 960 0 ) ( -1024 961 0 ) 64_cyan_3 [ -1 0 0 63.99994 ] [ 0 -1 0 0 ] 0 1 1
( -768 1216 64 ) ( -768 1217 64 ) ( -767 1216 64 ) 64_cyan_3 [ 1 0 0 -63.99994 ] [ 0 -1 0 0 ] 0 1 1
( -768 1216 64 ) ( -767 1216 64 ) ( -768 1216 65 ) 64_cyan_3 [ -1 0 0 0 ] [ 0 0 -1 0 ] 0 1 1
( -768 1216 64 ) ( -768 1216 65 ) ( -768 1217 64 ) 64_cyan_3 [ 0 1 0 0 ] [ 0 0 -1 0 ] 0 1 1
}
}
