// entity 0
{
"classname" "func_detail"
"_phong" "1"
// brush 0
{
( 1992 1520 128 ) ( 1984 1600 128 ) ( 1984 1600 192 ) 64_cyan_2 [ 0.09950371902099889 -0.9950371902099894 0 20.375122 ] [ 0 0 -1 0 ] 25.584814 1 1
( 1992 1520 128 ) ( 2008 1552 128 ) ( 1984 1600 128 ) trim_band_teal [ -0.447213595499958 -0.8944271909999161 -1.7486012637846216e-15 -290.45337 ] [ -0.8944271909999161 0.44721359549995804 5.551115123125783e-17 429.93433 ] 0 1.059713 1
( 1984 1600 192 ) ( 2008 1552 192 ) ( 1992 1520 192 ) trim_band_teal [ -0.447213595499958 -0.8944271909999161 1.7486012637846216e-15 -290.45337 ] [ 0.8944271909999161 -0.44721359549995804 5.551115123125783e-17 -301.93433 ] 0 1.059713 1
( 1992 1520 192 ) ( 2008 1552 192 ) ( 2008 1552 128 ) trim_band_teal [ -0.4472135954999564 -0.8944271909999166 0 -290.45337 ] [ 0 0 -1 -32 ] 0 1.059713 1
( 1984 1600 192 ) ( 1984 1600 128 ) ( 2008 1552 128 ) 64_cyan_2 [ -0.4472135954999578 0.894427190999916 0 -56.02484 ] [ 0 0 -1 0 ] 104.29694 1 1
}
// brush 1
{
( 1984 1600 192 ) ( 2064 1592 128 ) ( 1984 1600 128 ) 64_cyan_2 [ 0.995037190209989 -0.09950371902099894 0 -42.70349 ] [ 0 0 -1 0 ] 16.971758 1 1
( 2096 1600 128 ) ( 1984 1600 128 ) ( 2064 1592 128 ) trim_band_teal [ -0.9701425001453319 -0.24253562503633294 -1.4155343563970746e-15 252.3252 ] [ -0.242535625036333 0.970142500145332 -5.551115123125783e-17 -179.87329 ] 0 1.059713 1
( 1984 1600 192 ) ( 2096 1600 192 ) ( 2064 1592 192 ) trim_band_teal [ -0.9701425001453319 -0.24253562503633294 1.4155343563970746e-15 252.3252 ] [ 0.242535625036333 -0.970142500145332 -5.551115123125783e-17 307.8733 ] 0 1.059713 1
( 1984 1600 192 ) ( 2096 1600 128 ) ( 2096 1600 192 ) trim_band_teal [ 0.9999999999999998 1.2351231148954867e-15 0 -426.59863 ] [ 0 0 -1 -32 ] 0 1.059713 1
( 2096 1600 192 ) ( 2064 1592 128 ) ( 2064 1592 192 ) trim_band_teal [ -0.9701425001453314 -0.2425356250363343 0 252.3252 ] [ 0 0 -1 -32 ] 0 1.059713 1
}
// brush 2
{
( 1984 1600 192 ) ( 1984 1488 192 ) ( 1984 1488 128 ) trim_band_teal [ -2.123301534595612e-15 1 0 -203.05469 ] [ 0 0 -1 -32 ] 0 1.059713 1
( 1984 1488 128 ) ( 1992 1520 128 ) ( 1984 1600 128 ) trim_band_teal [ -0.242535625036333 -0.970142500145332 -1.9567680809018384e-15 -54.595337 ] [ -0.970142500145332 0.242535625036333 -5.898059818321144e-17 379.86975 ] 0 1.059713 1
( 1984 1600 192 ) ( 1992 1520 192 ) ( 1984 1488 192 ) trim_band_teal [ -0.242535625036333 -0.970142500145332 1.9567680809018384e-15 -54.595337 ] [ 0.970142500145332 -0.242535625036333 -5.898059818321144e-17 -251.86975 ] 0 1.059713 1
( 1984 1488 192 ) ( 1992 1520 192 ) ( 1992 1520 128 ) trim_band_teal [ -0.24253562503633108 -0.9701425001453323 0 -54.595337 ] [ 0 0 -1 -32 ] 0 1.059713 1
( 1984 1600 192 ) ( 1984 1600 128 ) ( 1992 1520 128 ) 64_cyan_3 [ -0.09950371902099889 0.9950371902099894 0 -20.375122 ] [ 0 0 -1 0 ] 25.584814 1 1
}
// brush 3
{
( 2008 1552 128 ) ( 1984 1600 128 ) ( 1984 1600 192 ) 64_cyan_1 [ 0.4472135954999578 -0.894427190999916 0 56.02484 ] [ 0 0 -1 0 ] 104.29694 1 1
( 2008 1552 128 ) ( 2032 1576 128 ) ( 1984 1600 128 ) trim_band_teal [ -0.7071067811865477 -0.7071067811865476 -1.7486012637846216e-15 -72.33374 ] [ -0.7071067811865477 0.7071067811865477 1.1102230246251565e-16 162.4407 ] 0 1.059713 1
( 1984 1600 192 ) ( 2032 1576 192 ) ( 2008 1552 192 ) trim_band_teal [ -0.7071067811865477 -0.7071067811865476 1.7486012637846216e-15 -72.33374 ] [ 0.7071067811865477 -0.7071067811865477 1.1102230246251565e-16 -34.440674 ] 0 1.059713 1
( 1984 1600 192 ) ( 1984 1600 128 ) ( 2032 1576 128 ) 64_cyan_1 [ -0.8944271909999156 0.447213595499958 0 -26.184692 ] [ 0 0 -1 0 ] 103.149895 1 1
( 2008 1552 192 ) ( 2032 1576 192 ) ( 2032 1576 128 ) trim_band_teal [ -0.7071067811865462 -0.7071067811865487 0 -72.33374 ] [ 0 0 -1 -32 ] 0 1.059713 1
}
// brush 4
{
( 1984 1600 192 ) ( 2032 1576 128 ) ( 1984 1600 128 ) 64_cyan_3 [ 0.8944271909999156 -0.447213595499958 0 26.184692 ] [ 0 0 -1 0 ] 103.149895 1 1
( 2064 1592 128 ) ( 1984 1600 128 ) ( 2032 1576 128 ) trim_band_teal [ -0.8944271909999161 -0.44721359549995804 -1.582067810090848e-15 -99.65869 ] [ -0.44721359549995804 0.8944271909999161 5.551115123125783e-17 -148.87927 ] 0 1.059713 1
( 1984 1600 192 ) ( 2064 1592 192 ) ( 2032 1576 192 ) trim_band_teal [ -0.8944271909999161 -0.44721359549995804 1.582067810090848e-15 -99.65869 ] [ 0.44721359549995804 -0.8944271909999161 5.551115123125783e-17 276.87927 ] 0 1.059713 1
( 2064 1592 128 ) ( 1984 1600 192 ) ( 1984 1600 128 ) 64_cyan_3 [ -0.995037190209989 0.09950371902099894 0 42.70349 ] [ 0 0 -1 0 ] 16.971758 1 1
( 2064 1592 192 ) ( 2032 1576 128 ) ( 2032 1576 192 ) trim_band_teal [ -0.8944271909999151 -0.4472135954999593 0 -99.65869 ] [ 0 0 -1 -32 ] 0 1.059713 1
}
}
