// entity 0
{
"classname" "func_detail"
"_phong" "1"
// brush 0
{
( 2000 2304 0 ) ( 1984 2464 0 ) ( 1984 2464 64 ) 64_cyan_2 [ 0.04975185951049943 -0.49751859510499463 0 8.90918 ] [ 0 0 -1 0 ] 15.521589 1 1
( 2000 2304 0 ) ( 2032 2368 0 ) ( 1984 2464 0 ) trim_band_teal [ -0.447213595499958 -0.8944271909999161 1.7486012637846216e-15 392.4148 ] [ 0.8944271909999161 -0.44721359549995804 5.551115123125783e-17 -470.47424 ] 0 1.059713 1
( 1984 2464 64 ) ( 2032 2368 64 ) ( 2000 2304 64 ) trim_band_teal [ -0.447213595499958 -0.8944271909999161 1.7486012637846216e-15 392.4148 ] [ 0.8944271909999161 -0.44721359549995804 5.551115123125783e-17 -470.47424 ] 0 1.059713 1
( 2000 2304 64 ) ( 2032 2368 64 ) ( 2032 2368 0 ) trim_band_teal [ -0.4472135954999564 -0.8944271909999166 0 392.4148 ] [ 0 0 -1 -160 ] 0 1.059713 1
( 1984 2464 64 ) ( 1984 2464 0 ) ( 2032 2368 0 ) 64_cyan_2 [ -0.22360679774997888 0.44721359549995804 0 21.488525 ] [ 0 0 -1 0 ] 68.70571 1 1
}
// brush 1
{
( 1984 2464 64 ) ( 2144 2448 0 ) ( 1984 2464 0 ) 64_cyan_2 [ 0.49751859510499435 -0.049751859510499465 0 11.755981 ] [ 0 0 -1 0 ] 10.668662 1 1
( 2208 2464 0 ) ( 1984 2464 0 ) ( 2144 2448 0 ) trim_band_teal [ -0.9701425001453319 -0.24253562503633294 1.4155343563970746e-15 439.69946 ] [ 0.242535625036333 -0.970142500145332 -5.551115123125783e-17 94.912476 ] 0 1.059713 1
( 1984 2464 64 ) ( 2208 2464 64 ) ( 2144 2448 64 ) trim_band_teal [ -0.9701425001453319 -0.24253562503633294 1.4155343563970746e-15 439.69946 ] [ 0.242535625036333 -0.970142500145332 -5.551115123125783e-17 94.912476 ] 0 1.059713 1
( 1984 2464 64 ) ( 2208 2464 0 ) ( 2208 2464 64 ) trim_band_teal [ 0.9999999999999998 1.2351231148954867e-15 0 -133.18945 ] [ 0 0 -1 -160 ] 0 1.059713 1
( 2208 2464 64 ) ( 2144 2448 0 ) ( 2144 2448 64 ) trim_band_teal [ -0.9701425001453314 -0.2425356250363343 0 439.69946 ] [ 0 0 -1 -160 ] 0 1.059713 1
}
// brush 2
{
( 1984 2464 64 ) ( 1984 2240 64 ) ( 1984 2240 0 ) trim_band_teal [ -2.123301534595612e-15 1 0 -351.78027 ] [ 0 0 -1 -160 ] 0 1.059713 1
( 1984 2240 0 ) ( 2000 2304 0 ) ( 1984 2464 0 ) trim_band_teal [ -0.242535625036333 -0.970142500145332 1.9567680809018384e-15 170.7439 ] [ 0.970142500145332 -0.242535625036333 -5.898059818321144e-17 -69.48291 ] 0 1.059713 1
( 1984 2464 64 ) ( 2000 2304 64 ) ( 1984 2240 64 ) trim_band_teal [ -0.242535625036333 -0.970142500145332 1.9567680809018384e-15 170.7439 ] [ 0.970142500145332 -0.242535625036333 -5.898059818321144e-17 -69.48291 ] 0 1.059713 1
( 1984 2240 64 ) ( 2000 2304 64 ) ( 2000 2304 0 ) trim_band_teal [ -0.24253562503633108 -0.9701425001453323 0 170.7439 ] [ 0 0 -1 -160 ] 0 1.059713 1
( 1984 2464 64 ) ( 1984 2464 0 ) ( 2000 2304 0 ) 64_cyan_3 [ -0.04975185951049943 0.49751859510499463 0 -8.90918 ] [ 0 0 -1 0 ] 15.521589 1 1
}
// brush 3
{
( 2032 2368 0 ) ( 1984 2464 0 ) ( 1984 2464 64 ) 64_cyan_1 [ 0.22360679774997888 -0.44721359549995804 0 -21.488525 ] [ 0 0 -1 0 ] 68.70571 1 1
( 2032 2368 0 ) ( 2080 2416 0 ) ( 1984 2464 0 ) trim_band_teal [ -0.7071067811865477 -0.7071067811865476 1.7486012637846216e-15 472.18018 ] [ 0.7071067811865477 -0.7071067811865477 1.1102230246251565e-16 13.587891 ] 0 1.059713 1
( 1984 2464 64 ) ( 2080 2416 64 ) ( 2032 2368 64 ) trim_band_teal [ -0.7071067811865477 -0.7071067811865476 1.7486012637846216e-15 472.18018 ] [ 0.7071067811865477 -0.7071067811865477 1.1102230246251565e-16 13.587891 ] 0 1.059713 1
( 1984 2464 64 ) ( 1984 2464 0 ) ( 2080 2416 0 ) 64_cyan_1 [ -0.44721359549995776 0.22360679774997902 0 19.118225 ] [ 0 0 -1 0 ] 73.46177 1 1
( 2032 2368 64 ) ( 2080 2416 64 ) ( 2080 2416 0 ) trim_band_teal [ -0.7071067811865462 -0.7071067811865487 0 472.18018 ] [ 0 0 -1 -160 ] 0 1.059713 1
}
// brush 4
{
( 1984 2464 64 ) ( 2080 2416 0 ) ( 1984 2464 0 ) 64_cyan_3 [ 0.44721359549995776 -0.22360679774997902 0 -19.118225 ] [ 0 0 -1 0 ] 73.46177 1 1
( 2144 2448 0 ) ( 1984 2464 0 ) ( 2080 2416 0 ) trim_band_teal [ -0.8944271909999161 -0.44721359549995804 1.582067810090848e-15 247.3313 ] [ 0.44721359549995804 -0.8944271909999161 5.551115123125783e-17 494.7318 ] 0 1.059713 1
( 1984 2464 64 ) ( 2144 2448 64 ) ( 2080 2416 64 ) trim_band_teal [ -0.8944271909999161 -0.44721359549995804 1.582067810090848e-15 247.3313 ] [ 0.44721359549995804 -0.8944271909999161 5.551115123125783e-17 494.7318 ] 0 1.059713 1
( 2144 2448 0 ) ( 1984 2464 64 ) ( 1984 2464 0 ) 64_cyan_3 [ -0.49751859510499435 0.049751859510499465 0 -11.755981 ] [ 0 0 -1 0 ] 10.668662 1 1
( 2144 2448 64 ) ( 2080 2416 0 ) ( 2080 2416 64 ) trim_band_teal [ -0.8944271909999151 -0.4472135954999593 0 247.3313 ] [ 0 0 -1 -160 ] 0 1.059713 1
}
}
