// entity 0
{
"classname" "func_group"
// brush 0
{
( 120 1328 204 ) ( 96 1280 252 ) ( 96 1280 204 ) 64_cyan_1 [ -0.447213595499958 -0.894427190999916 0 0 ] [ -0 0 -1 0 ] 0 1 1
( 168 1280 192 ) ( 192 1280 240 ) ( 192 1280 192 ) 64_cyan_1 [ 1 0 -0 0 ] [ 0 -0 -1 0 ] 0 1 1
( 96 1184 160 ) ( 96.37499999999999 1184 160 ) ( 96 1184.375 160 ) 64_cyan_1 [ -1 0 0 0 ] [ -0 -1 -0 0 ] 0 1 1
( 288 1376 192 ) ( 288 1376.375 192 ) ( 288.37499999999994 1376 192 ) 64_cyan_1 [ 1 0 0 0 ] [ 0 -1 0 0 ] 0 1 1
( 246 1196 192 ) ( 192 1280 240 ) ( 192 1280 192 ) 64_cyan_1 [ -0.5407575913134988 0.8411784753765537 0 0 ] [ 0 0 -1 0 ] 0 1 1
}
// brush 1
{
( 138 1196 192 ) ( 192 1280 192 ) ( 192 1280 240 ) 64_cyan_1 [ -0.5407575913134988 -0.8411784753765537 0 0 ] [ -0 0 -1 0 ] 0 1 1
( 168 1280 192 ) ( 192 1280 240 ) ( 192 1280 192 ) 64_cyan_1 [ 1 0 -0 0 ] [ 0 -0 -1 0 ] 0 1 1
( 96 1184 160 ) ( 96.37499999999999 1184 160 ) ( 96 1184.375 160 ) 64_cyan_1 [ -1 0 0 0 ] [ -0 -1 -0 0 ] 0 1 1
( 288 1376 192 ) ( 288 1376.375 192 ) ( 288.37499999999994 1376 192 ) 64_cyan_1 [ 1 0 0 0 ] [ 0 -1 0 0 ] 0 1 1
( 288 1280 204 ) ( 264 1328 252 ) ( 264 1328 204 ) 64_cyan_1 [ -0.447213595499958 0.894427190999916 0 0 ] [ 0 0 -1 0 ] 0 1 1
}
// brush 2
{
( 96 1280 204 ) ( 120 1232 252 ) ( 120 1232 204 ) 64_cyan_1 [ 0.447213595499958 -0.894427190999916 0 0 ] [ 0 -0 -1 0 ] 0 1 1
( 96 1184 160 ) ( 96.37499999999999 1184 160 ) ( 96 1184.375 160 ) 64_cyan_1 [ -1 0 0 0 ] [ -0 -1 -0 0 ] 0 1 1
( 288 1376 192 ) ( 288 1376.375 192 ) ( 288.37499999999994 1376 192 ) 64_cyan_1 [ 1 0 0 0 ] [ 0 -1 0 0 ] 0 1 1
( 168 1280 192 ) ( 192 1280 192 ) ( 192 1280 240 ) 64_cyan_1 [ -1 0 0 0 ] [ 0 0 -1 0 ] 0 1 1
( 138 1196 192 ) ( 192 1280 240 ) ( 192 1280 192 ) 64_cyan_1 [ 0.5407575913134988 0.8411784753765537 -0 0 ] [ 0 -0 -1 0 ] 0 1 1
}
// brush 3
{
( 246 1196 192 ) ( 192 1280 192 ) ( 192 1280 240 ) 64_cyan_1 [ 0.5407575913134988 -0.8411784753765537 0 0 ] [ 0 -0 -1 0 ] 0 1 1
( 96 1184 160 ) ( 96.37499999999999 1184 160 ) ( 96 1184.375 160 ) 64_cyan_1 [ -1 0 0 0 ] [ -0 -1 -0 0 ] 0 1 1
( 288 1376 192 ) ( 288 1376.375 192 ) ( 288.37499999999994 1376 192 ) 64_cyan_1 [ 1 0 0 0 ] [ 0 -1 0 0 ] 0 1 1
( 288 1364 204 ) ( 288.37499999999994 1364 204 ) ( 288 1364 204.375 ) 64_cyan_1 [ -1 0 0 0 ] [ 0 0 -1 0 ] 0 1 1
( 138 1196 192 ) ( 192 1280 240 ) ( 192 1280 192 ) 64_cyan_1 [ 0.5407575913134988 0.8411784753765537 -0 0 ] [ 0 -0 -1 0 ] 0 1 1
}
// brush 4
{
( 138 1196 192 ) ( 192 1280 192 ) ( 192 1280 240 ) 64_cyan_1 [ -0.5407575913134988 -0.8411784753765537 0 0 ] [ -0 0 -1 0 ] 0 1 1
( 96 1196 180 ) ( 96 1196 180.375 ) ( 96.37499999999999 1196 180 ) 64_cyan_1 [ 1 0 -0 0 ] [ 0 -0 -1 0 ] 0 1 1
( 96 1184 160 ) ( 96.37499999999999 1184 160 ) ( 96 1184.375 160 ) 64_cyan_1 [ -1 0 0 0 ] [ -0 -1 -0 0 ] 0 1 1
( 288 1376 192 ) ( 288 1376.375 192 ) ( 288.37499999999994 1376 192 ) 64_cyan_1 [ 1 0 0 0 ] [ 0 -1 0 0 ] 0 1 1
( 246 1196 192 ) ( 192 1280 240 ) ( 192 1280 192 ) 64_cyan_1 [ -0.5407575913134988 0.8411784753765537 0 0 ] [ 0 0 -1 0 ] 0 1 1
}
// brush 5
{
( 246 1196 192 ) ( 192 1280 192 ) ( 192 1280 240 ) 64_cyan_1 [ 0.5407575913134988 -0.8411784753765537 0 0 ] [ 0 -0 -1 0 ] 0 1 1
( 96 1184 160 ) ( 96.37499999999999 1184 160 ) ( 96 1184.375 160 ) 64_cyan_1 [ -1 0 0 0 ] [ -0 -1 -0 0 ] 0 1 1
( 288 1376 192 ) ( 288 1376.375 192 ) ( 288.37499999999994 1376 192 ) 64_cyan_1 [ 1 0 0 0 ] [ 0 -1 0 0 ] 0 1 1
( 168 1280 192 ) ( 192 1280 192 ) ( 192 1280 240 ) 64_cyan_1 [ -1 0 0 0 ] [ 0 0 -1 0 ] 0 1 1
( 288 1280 204 ) ( 264 1232 204 ) ( 264 1232 252 ) 64_cyan_1 [ 0.447213595499958 0.894427190999916 -0 0 ] [ 0 -0 -1 0 ] 0 1 1
}
}
