// entity 0
{
"classname" "func_group"
// brush 0
{
( 72 1360 148 ) ( 32 1280 228 ) ( 32 1280 148 ) 64_cyan_3 [ -0.447213595499958 -0.894427190999916 0 0 ] [ -0 0 -1 0 ] 0 1 1
( 152 1280 128 ) ( 192 1280 208 ) ( 192 1280 128 ) 64_cyan_3 [ 1 0 -0 0 ] [ 0 -0 -1 0 ] 0 1 1
( 32 1120 96 ) ( 32.625 1120 96 ) ( 32 1120.625 96 ) 64_cyan_3 [ -1 0 0 0 ] [ -0 -1 -0 0 ] 0 1 1
( 352 1440 128 ) ( 352 1440.625 128 ) ( 352.62499999999994 1440 128 ) 64_cyan_3 [ 1 0 0 0 ] [ 0 -1 0 0 ] 0 1 1
( 282 1140 128 ) ( 192 1280 208 ) ( 192 1280 128 ) 64_cyan_3 [ -0.5407575913134988 0.8411784753765537 0 0 ] [ 0 0 -1 0 ] 0 1 1
}
// brush 1
{
( 102 1140 128 ) ( 192 1280 128 ) ( 192 1280 208 ) 64_cyan_3 [ -0.5407575913134988 -0.8411784753765537 0 0 ] [ -0 0 -1 0 ] 0 1 1
( 152 1280 128 ) ( 192 1280 208 ) ( 192 1280 128 ) 64_cyan_3 [ 1 0 -0 0 ] [ 0 -0 -1 0 ] 0 1 1
( 32 1120 96 ) ( 32.625 1120 96 ) ( 32 1120.625 96 ) 64_cyan_3 [ -1 0 0 0 ] [ -0 -1 -0 0 ] 0 1 1
( 352 1440 128 ) ( 352 1440.625 128 ) ( 352.62499999999994 1440 128 ) 64_cyan_3 [ 1 0 0 0 ] [ 0 -1 0 0 ] 0 1 1
( 352 1280 148 ) ( 312 1360 228 ) ( 312 1360 148 ) 64_cyan_3 [ -0.447213595499958 0.894427190999916 0 0 ] [ 0 0 -1 0 ] 0 1 1
}
// brush 2
{
( 32 1280 148 ) ( 72 1200 228 ) ( 72 1200 148 ) 64_cyan_3 [ 0.447213595499958 -0.894427190999916 0 0 ] [ 0 -0 -1 0 ] 0 1 1
( 32 1120 96 ) ( 32.625 1120 96 ) ( 32 1120.625 96 ) 64_cyan_3 [ -1 0 0 0 ] [ -0 -1 -0 0 ] 0 1 1
( 352 1440 128 ) ( 352 1440.625 128 ) ( 352.62499999999994 1440 128 ) 64_cyan_3 [ 1 0 0 0 ] [ 0 -1 0 0 ] 0 1 1
( 152 1280 128 ) ( 192 1280 128 ) ( 192 1280 208 ) 64_cyan_3 [ -1 0 0 0 ] [ 0 0 -1 0 ] 0 1 1
( 102 1140 128 ) ( 192 1280 208 ) ( 192 1280 128 ) 64_cyan_3 [ 0.5407575913134988 0.8411784753765537 -0 0 ] [ 0 -0 -1 0 ] 0 1 1
}
// brush 3
{
( 282 1140 128 ) ( 192 1280 128 ) ( 192 1280 208 ) 64_cyan_3 [ 0.5407575913134988 -0.8411784753765537 0 0 ] [ 0 -0 -1 0 ] 0 1 1
( 32 1120 96 ) ( 32.625 1120 96 ) ( 32 1120.625 96 ) 64_cyan_3 [ -1 0 0 0 ] [ -0 -1 -0 0 ] 0 1 1
( 352 1440 128 ) ( 352 1440.625 128 ) ( 352.62499999999994 1440 128 ) 64_cyan_3 [ 1 0 0 0 ] [ 0 -1 0 0 ] 0 1 1
( 352 1420 148 ) ( 352.62499999999994 1420 148 ) ( 352 1420 148.625 ) 64_cyan_3 [ -1 0 0 0 ] [ 0 0 -1 0 ] 0 1 1
( 102 1140 128 ) ( 192 1280 208 ) ( 192 1280 128 ) 64_cyan_3 [ 0.5407575913134988 0.8411784753765537 -0 0 ] [ 0 -0 -1 0 ] 0 1 1
}
// brush 4
{
( 102 1140 128 ) ( 192 1280 128 ) ( 192 1280 208 ) 64_cyan_3 [ -0.5407575913134988 -0.8411784753765537 0 0 ] [ -0 0 -1 0 ] 0 1 1
( 32 1140 108 ) ( 32 1140 108.625 ) ( 32.625 1140 108 ) 64_cyan_3 [ 1 0 -0 0 ] [ 0 -0 -1 0 ] 0 1 1
( 32 1120 96 ) ( 32.625 1120 96 ) ( 32 1120.625 96 ) 64_cyan_3 [ -1 0 0 0 ] [ -0 -1 -0 0 ] 0 1 1
( 352 1440 128 ) ( 352 1440.625 128 ) ( 352.62499999999994 1440 128 ) 64_cyan_3 [ 1 0 0 0 ] [ 0 -1 0 0 ] 0 1 1
( 282 1140 128 ) ( 192 1280 208 ) ( 192 1280 128 ) 64_cyan_3 [ -0.5407575913134988 0.8411784753765537 0 0 ] [ 0 0 -1 0 ] 0 1 1
}
// brush 5
{
( 282 1140 128 ) ( 192 1280 128 ) ( 192 1280 208 ) 64_cyan_3 [ 0.5407575913134988 -0.8411784753765537 0 0 ] [ 0 -0 -1 0 ] 0 1 1
( 32 1120 96 ) ( 32.625 1120 96 ) ( 32 1120.625 96 ) 64_cyan_3 [ -1 0 0 0 ] [ -0 -1 -0 0 ] 0 1 1
( 352 1440 128 ) ( 352 1440.625 128 ) ( 352.62499999999994 1440 128 ) 64_cyan_3 [ 1 0 0 0 ] [ 0 -1 0 0 ] 0 1 1
( 152 1280 128 ) ( 192 1280 128 ) ( 192 1280 208 ) 64_cyan_3 [ -1 0 0 0 ] [ 0 0 -1 0 ] 0 1 1
( 352 1280 148 ) ( 312 1200 148 ) ( 312 1200 228 ) 64_cyan_3 [ 0.447213595499958 0.894427190999916 -0 0 ] [ 0 -0 -1 0 ] 0 1 1
}
}
