// entity 0
{
"classname" "func_group"
// brush 0
{
( -1344 -256 0 ) ( -1360 -224 0 ) ( -1360 -224 32 ) trim_band_teal [ 1.4432899320127035e-15 1.0000000000000004 0 256 ] [ 0 0 -1.0000000000000002 160 ] 0 1 1
( -1344 -240 32 ) ( -1216 -240 32 ) ( -1216 -240 0 ) trim_band_teal [ 1 -1.3877787807814457e-15 0 320.00018 ] [ 0 0 -1 80 ] 0 1 1
( -1216 -256 0 ) ( -1216 -224 0 ) ( -1360 -224 0 ) trim_band_teal [ 1.0000000000000002 0 1.3877787807814459e-15 320.00018 ] [ 0 -1.0000000000000002 0 -176 ] 0 1 1
( -1360 -224 16 ) ( -1216 -224 16 ) ( -1216 -256 16 ) trim_band_teal [ 1.0000000000000002 0 1.3877787807814459e-15 320.00018 ] [ 0 -1.0000000000000002 0 -176 ] 0 1 1
( -1216 -224 0 ) ( -1216 -224 32 ) ( -1360 -224 32 ) trim_band_teal [ 1.0000000000000002 1.387778780781446e-15 0 320.00018 ] [ 0 0 1.0000000000000002 32 ] 0 1 1
( -1280 -256 32 ) ( -1280 -224 32 ) ( -1280 -224 0 ) trim_band_teal [ 1.4432899320127035e-15 0 -1.0000000000000004 -431.99982 ] [ 0 -1.0000000000000002 0 -176 ] 0 1 1
}
// brush 1
{
( -1384 -296 0 ) ( -1408 -272 0 ) ( -1408 -272 32 ) trim_band_teal [ -1.1657341758564144e-15 -9.43689570931383e-16 1.0000000000000004 -86.22522 ] [ 0.7071067811865477 -0.7071067811865479 -5.551115123125783e-17 338.30273 ] 0 1 1
( -1392 -256 32 ) ( -1392 -256 0 ) ( -1360 -224 0 ) trim_band_teal [ 0.7071067811865469 0.7071067811865488 -5.551115123125783e-17 93.71423 ] [ -2.220446049250313e-16 2.220446049250313e-16 1.0000000000000004 -480.97058 ] 0 1 1
( -1368 -280 0 ) ( -1344 -256 0 ) ( -1360 -224 0 ) trim_band_teal [ 0.7071067811865477 0.7071067811865478 1.4155343563970746e-15 93.71423 ] [ 0.7071067811865477 -0.7071067811865477 1.1102230246251565e-16 338.30273 ] 0 1 1
( -1360 -224 16 ) ( -1344 -256 16 ) ( -1368 -280 16 ) trim_band_teal [ 0.7071066649524093 0.7071068974206668 9.813076253700886e-16 80.056946 ] [ 0.7071068974206668 -0.7071066649524093 9.813079479846033e-16 805.3316 ] -45.000008 1 1.0606629
( -1380 -268 32 ) ( -1356 -244 32 ) ( -1356 -244 0 ) trim_band_teal [ 0.7071067811865486 0.7071067811865466 0 93.71411 ] [ 0 0 -1 80 ] 0 1 1
( -1344 -256 0 ) ( -1344 -256 32 ) ( -1360 -224 32 ) trim_band_teal [ 3.090862038535038e-08 -3.090862038535038e-08 0.9999999999999996 -16.000113 ] [ -0.7071067811865472 0.7071067811865472 4.371139006309478e-08 426.6662 ] 270 1 1.0606599
}
}
