// entity 0
{
"classname" "func_group"
// brush 0
{
( -1344 -328 0 ) ( -1360 -296 0 ) ( -1360 -296 32 ) trim_band_teal [ 1.4432899320127035e-15 1.0000000000000004 0 328 ] [ 0 0 -1.0000000000000002 160 ] 0 1 1
( -1344 -300 32 ) ( -1216 -300 32 ) ( -1216 -300 0 ) trim_band_teal [ 1.0000000000000002 1.387778780781446e-15 0 320.00018 ] [ 0 0 1.0000000000000002 -32 ] 0 1 1
( -1216 -328 0 ) ( -1216 -296 0 ) ( -1360 -296 0 ) trim_band_teal [ 1.0000000000000002 0 1.3877787807814459e-15 320.00018 ] [ 0 -1.0000000000000002 0 -324 ] 0 1 1
( -1360 -296 4 ) ( -1216 -296 4 ) ( -1216 -328 4 ) trim_band_teal [ 1.0000000000000002 0 1.3877787807814459e-15 320.00018 ] [ 0 -1.0000000000000002 0 -324 ] 0 1 1
( -1216 -296 0 ) ( -1216 -296 32 ) ( -1360 -296 32 ) trim_band_teal [ 1.0000000000000002 1.387778780781446e-15 0 320.00018 ] [ 0 0 1.0000000000000002 -32 ] 0 1 1
( -1280 -328 32 ) ( -1280 -296 32 ) ( -1280 -296 0 ) trim_band_teal [ 1.4432899320127035e-15 0 -1.0000000000000004 -443.99982 ] [ 0 -1.0000000000000002 0 -324 ] 0 1 1
}
// brush 1
{
( -1384 -368 0 ) ( -1408 -344 0 ) ( -1408 -344 32 ) trim_band_teal [ -3.6124284757965697e-07 3.6124284613636704e-07 0.9999999999998697 -87.88257 ] [ 0.7071067811864546 -0.7071067811864561 5.108745333437525e-07 169.33087 ] 314.99997 1 1.0606638
( -1392 -328 32 ) ( -1392 -328 0 ) ( -1360 -296 0 ) trim_band_teal [ -0.7071067811865466 -0.7071067811865488 0 -172.62549 ] [ 0 0 1.0000000000000002 -32 ] 0 1 1
( -1368 -352 0 ) ( -1344 -328 0 ) ( -1360 -296 0 ) trim_band_teal [ 0.7071064805318362 0.7071070818411296 9.81307369435131e-16 130.96875 ] [ 0.7071070818411296 -0.7071064805318362 9.813082039194094e-16 248.36218 ] 314.99997 1 1
( -1360 -296 4 ) ( -1344 -328 4 ) ( -1368 -352 4 ) trim_band_teal [ 0.7071064199436083 0.7071071424293021 9.81307285352074e-16 130.96869 ] [ 0.7071071424293021 -0.7071064199436083 9.813082880023887e-16 681.3315 ] 314.99997 1 1.0606638
( -1389 -331 32 ) ( -1365 -307 32 ) ( -1365 -307 0 ) trim_band_teal [ 0.7071067811865466 0.7071067811865487 0 134.3833 ] [ 0 0 1.0000000000000002 -32 ] 0 1 1
( -1344 -328 0 ) ( -1344 -328 32 ) ( -1360 -296 32 ) trim_band_teal [ 3.090862038535038e-08 -3.090862038535038e-08 0.9999999999999996 -16.000114 ] [ -0.7071067811865472 0.7071067811865472 4.371139006309478e-08 474.66626 ] 270 1 1.0606599
}
}
