// entity 0
{
"classname" "func_group"
// brush 0
{
( 16 1960 160 ) ( -56 2032 160 ) ( -56 2032 416 ) 64_cyan_3 [ 0 1 0 0 ] [ 0 0 -1 0 ] 0 1 1
( 184 2128 128 ) ( 64 2080 256 ) ( 64 2080 128 ) 64_cyan_3 [ 1 0 0 0 ] [ 0 0 -1 0 ] 0 1 1
( -104 1960 64 ) ( -102.49999999999983 1960 64 ) ( -104 1961.500000000001 64 ) 64_cyan_3 [ 1 0 0 0 ] [ 0 -1 0 0 ] 0 1 1
( 88 2248 128 ) ( 88 2249.5000000000005 128 ) ( 89.5 2248 128 ) 64_cyan_3 [ 1 0 0 0 ] [ 0 -1 0 0 ] 0 1 1
( 64 2080 128 ) ( 16 1960 128 ) ( 16 1960 256 ) 64_cyan_3 [ 0 1 0 0 ] [ 0 0 -1 0 ] 0 1 1
}
// brush 1
{
( 64 2080 128 ) ( 16 1960 256 ) ( 16 1960 128 ) 64_cyan_2 [ 0 1 0 0 ] [ 0 0 -1 0 ] 0 1 1
( -104 1960 32 ) ( -104 1960 34 ) ( -102.49999999999983 1960 32 ) 64_cyan_2 [ 1 0 0 0 ] [ 0 0 -1 0 ] 0 1 1
( -104 1960 64 ) ( -102.49999999999983 1960 64 ) ( -104 1961.500000000001 64 ) 64_cyan_2 [ 1 0 0 0 ] [ 0 -1 0 0 ] 0 1 1
( 88 2248 128 ) ( 88 2249.5000000000005 128 ) ( 89.5 2248 128 ) 64_cyan_2 [ 1 0 0 0 ] [ 0 -1 0 0 ] 0 1 1
( 112 1960 64 ) ( 64 2080 256 ) ( 64 2080 128 ) 64_cyan_2 [ 0 1 0 0 ] [ 0 0 -1 0 ] 0 1 1
}
// brush 2
{
( 112 1960 64 ) ( 64 2080 128 ) ( 64 2080 256 ) 64_cyan_3 [ 0 1 0 0 ] [ 0 0 -1 0 ] 0 1 1
( -104 1960 64 ) ( -102.49999999999983 1960 64 ) ( -104 1961.500000000001 64 ) 64_cyan_3 [ 1 0 0 0 ] [ 0 -1 0 0 ] 0 1 1
( 88 2248 128 ) ( 88 2249.5000000000005 128 ) ( 89.5 2248 128 ) 64_cyan_3 [ 1 0 0 0 ] [ 0 -1 0 0 ] 0 1 1
( 184 2032 128 ) ( 64 2080 256 ) ( 64 2080 128 ) 64_cyan_3 [ 1 0 0 0 ] [ 0 0 -1 0 ] 0 1 1
( 112 1960 160 ) ( 184 2032 416 ) ( 184 2032 160 ) 64_cyan_3 [ 0 1 0 0 ] [ 0 0 -1 0 ] 0 1 1
}
// brush 3
{
( 112 1960 64 ) ( 64 2080 128 ) ( 64 2080 256 ) 64_cyan_2 [ 0 1 0 0 ] [ 0 0 -1 0 ] 0 1 1
( -104 1960 64 ) ( -102.49999999999983 1960 64 ) ( -104 1961.500000000001 64 ) 64_cyan_2 [ 1 0 0 0 ] [ 0 -1 0 0 ] 0 1 1
( 88 2248 128 ) ( 88 2249.5000000000005 128 ) ( 89.5 2248 128 ) 64_cyan_2 [ 1 0 0 0 ] [ 0 -1 0 0 ] 0 1 1
( 112 2200 160 ) ( 88 2200 416 ) ( 88 2200 160 ) 64_cyan_2 [ 1 0 0 0 ] [ 0 0 -1 0 ] 0 1 1
( 64 2080 128 ) ( 16 1960 128 ) ( 16 1960 256 ) 64_cyan_2 [ 0 1 0 0 ] [ 0 0 -1 0 ] 0 1 1
}
// brush 4
{
( 184 2032 128 ) ( 64 2080 128 ) ( 64 2080 256 ) 64_cyan_2 [ 1 0 0 0 ] [ 0 0 -1 0 ] 0 1 1
( 184 2128 128 ) ( 64 2080 256 ) ( 64 2080 128 ) 64_cyan_2 [ 1 0 0 0 ] [ 0 0 -1 0 ] 0 1 1
( -104 1960 64 ) ( -102.49999999999983 1960 64 ) ( -104 1961.500000000001 64 ) 64_cyan_2 [ 1 0 0 0 ] [ 0 -1 0 0 ] 0 1 1
( 88 2248 128 ) ( 88 2249.5000000000005 128 ) ( 89.5 2248 128 ) 64_cyan_2 [ 1 0 0 0 ] [ 0 -1 0 0 ] 0 1 1
( 184 2248 160 ) ( 184 2248 162 ) ( 184 2249.5000000000005 160 ) 64_cyan_2 [ 0 1 0 0 ] [ 0 0 -1 0 ] 0 1 1
}
// brush 5
{
( -56 2032 160 ) ( -56 2080 160 ) ( -56 2080 416 ) 64_cyan_2 [ 0 1 0 0 ] [ 0 0 -1 0 ] 0 1 1
( -104 1960 64 ) ( -102.49999999999983 1960 64 ) ( -104 1961.500000000001 64 ) 64_cyan_2 [ 1 0 0 0 ] [ 0 -1 0 0 ] 0 1 1
( 88 2248 128 ) ( 88 2249.5000000000005 128 ) ( 89.5 2248 128 ) 64_cyan_2 [ 1 0 0 0 ] [ 0 -1 0 0 ] 0 1 1
( 184 2128 128 ) ( 64 2080 128 ) ( 64 2080 256 ) 64_cyan_2 [ 1 0 0 0 ] [ 0 0 -1 0 ] 0 1 1
( 184 2032 128 ) ( 64 2080 256 ) ( 64 2080 128 ) 64_cyan_2 [ 1 0 0 0 ] [ 0 0 -1 0 ] 0 1 1
}
// brush 6
{
( -56 2128 160 ) ( -32 2152 160 ) ( -32 2152 416 ) 64_cyan_3 [ 0 1 0 0 ] [ 0 0 -1 0 ] 0 1 1
( 184 2032 128 ) ( 64 2080 128 ) ( 64 2080 256 ) 64_cyan_3 [ 1 0 0 0 ] [ 0 0 -1 0 ] 0 1 1
( -104 1960 64 ) ( -102.49999999999983 1960 64 ) ( -104 1961.500000000001 64 ) 64_cyan_3 [ 1 0 0 0 ] [ 0 -1 0 0 ] 0 1 1
( 88 2248 128 ) ( 88 2249.5000000000005 128 ) ( 89.5 2248 128 ) 64_cyan_3 [ 1 0 0 0 ] [ 0 -1 0 0 ] 0 1 1
( 112 1960 64 ) ( 64 2080 256 ) ( 64 2080 128 ) 64_cyan_3 [ 0 1 0 0 ] [ 0 0 -1 0 ] 0 1 1
}
// brush 7
{
( 64 2080 128 ) ( 16 1960 256 ) ( 16 1960 128 ) 64_cyan_3 [ 0 1 0 0 ] [ 0 0 -1 0 ] 0 1 1
( -104 1960 64 ) ( -102.49999999999983 1960 64 ) ( -104 1961.500000000001 64 ) 64_cyan_3 [ 1 0 0 0 ] [ 0 -1 0 0 ] 0 1 1
( 88 2248 128 ) ( 88 2249.5000000000005 128 ) ( 89.5 2248 128 ) 64_cyan_3 [ 1 0 0 0 ] [ 0 -1 0 0 ] 0 1 1
( 184 2128 128 ) ( 64 2080 128 ) ( 64 2080 256 ) 64_cyan_3 [ 1 0 0 0 ] [ 0 0 -1 0 ] 0 1 1
( 160 2152 160 ) ( 184 2128 160 ) ( 184 2128 416 ) 64_cyan_3 [ 0 1 0 0 ] [ 0 0 -1 0 ] 0 1 1
}
}
