// entity 0
{
"classname" "func_group"
// brush 0
{
( 290 2526 96 ) ( 322 2558 96 ) ( 322 2558 352 ) 64_cyan_3 [ 0 1 0 0 ] [ 0 0 -1 0 ] 0 1 1
( 608 2404 64 ) ( 448 2464 64 ) ( 448 2464 192 ) 64_cyan_3 [ 1 0 0 0 ] [ 0 0 -1 0 ] 0 1 1
( 224 2304 0 ) ( 226 2304 0 ) ( 224 2306 0 ) 64_cyan_3 [ 1 0 0 0 ] [ 0 -1 0 0 ] 0 1 1
( 480 2688 64 ) ( 480 2690 64 ) ( 482 2688 64 ) 64_cyan_3 [ 1 0 0 0 ] [ 0 -1 0 0 ] 0 1 1
( 508 2304 64 ) ( 448 2464 192 ) ( 448 2464 64 ) 64_cyan_3 [ 0 1 0 0 ] [ 0 0 -1 0 ] 0 1 1
}
// brush 1
{
( 608 2404 64 ) ( 448 2464 64 ) ( 448 2464 192 ) 64_cyan_2 [ 1 0 0 0 ] [ 0 0 -1 0 ] 0 1 1
( 288 2404 64 ) ( 448 2464 64 ) ( 448 2464 192 ) 64_cyan_2 [ 1 0 0 0 ] [ 0 0 -1 0 ] 0 1 1
( 224 2304 0 ) ( 226 2304 0 ) ( 224 2306 0 ) 64_cyan_2 [ 1 0 0 0 ] [ 0 -1 0 0 ] 0 1 1
( 480 2688 64 ) ( 480 2690 64 ) ( 482 2688 64 ) 64_cyan_2 [ 1 0 0 0 ] [ 0 -1 0 0 ] 0 1 1
( 608 2688 96 ) ( 608 2688 98 ) ( 608 2690 96 ) 64_cyan_2 [ 0 1 0 0 ] [ 0 0 -1 0 ] 0 1 1
}
// brush 2
{
( 508 2304 64 ) ( 448 2464 64 ) ( 448 2464 192 ) 64_cyan_2 [ 0 1 0 0 ] [ 0 0 -1 0 ] 0 1 1
( 224 2304 0 ) ( 226 2304 0 ) ( 224 2306 0 ) 64_cyan_2 [ 1 0 0 0 ] [ 0 -1 0 0 ] 0 1 1
( 480 2688 64 ) ( 480 2690 64 ) ( 482 2688 64 ) 64_cyan_2 [ 1 0 0 0 ] [ 0 -1 0 0 ] 0 1 1
( 512 2624 96 ) ( 480 2624 352 ) ( 480 2624 96 ) 64_cyan_2 [ 1 0 0 0 ] [ 0 0 -1 0 ] 0 1 1
( 388 2304 64 ) ( 448 2464 192 ) ( 448 2464 64 ) 64_cyan_2 [ 0 1 0 0 ] [ 0 0 -1 0 ] 0 1 1
}
// brush 3
{
( 388 2304 64 ) ( 448 2464 64 ) ( 448 2464 192 ) 64_cyan_3 [ 0 1 0 0 ] [ 0 0 -1 0 ] 0 1 1
( 224 2304 0 ) ( 226 2304 0 ) ( 224 2306 0 ) 64_cyan_3 [ 1 0 0 0 ] [ 0 -1 0 0 ] 0 1 1
( 480 2688 64 ) ( 480 2690 64 ) ( 482 2688 64 ) 64_cyan_3 [ 1 0 0 0 ] [ 0 -1 0 0 ] 0 1 1
( 288 2404 64 ) ( 448 2464 192 ) ( 448 2464 64 ) 64_cyan_3 [ 1 0 0 0 ] [ 0 0 -1 0 ] 0 1 1
( 574 2558 96 ) ( 606 2526 96 ) ( 606 2526 352 ) 64_cyan_3 [ 0 1 0 0 ] [ 0 0 -1 0 ] 0 1 1
}
// brush 4
{
( 508 2304 64 ) ( 448 2464 64 ) ( 448 2464 192 ) 64_cyan_3 [ 0 1 0 0 ] [ 0 0 -1 0 ] 0 1 1
( 224 2304 0 ) ( 226 2304 0 ) ( 224 2306 0 ) 64_cyan_3 [ 1 0 0 0 ] [ 0 -1 0 0 ] 0 1 1
( 480 2688 64 ) ( 480 2690 64 ) ( 482 2688 64 ) 64_cyan_3 [ 1 0 0 0 ] [ 0 -1 0 0 ] 0 1 1
( 608 2404 64 ) ( 448 2464 192 ) ( 448 2464 64 ) 64_cyan_3 [ 1 0 0 0 ] [ 0 0 -1 0 ] 0 1 1
( 510 2306 96 ) ( 606 2402 352 ) ( 606 2402 96 ) 64_cyan_3 [ 0 1 0 0 ] [ 0 0 -1 0 ] 0 1 1
}
// brush 5
{
( 288 2400 96 ) ( 288 2464 96 ) ( 288 2464 352 ) 64_cyan_2 [ 0 1 0 0 ] [ 0 0 -1 0 ] 0 1 1
( 224 2304 0 ) ( 226 2304 0 ) ( 224 2306 0 ) 64_cyan_2 [ 1 0 0 0 ] [ 0 -1 0 0 ] 0 1 1
( 480 2688 64 ) ( 480 2690 64 ) ( 482 2688 64 ) 64_cyan_2 [ 1 0 0 0 ] [ 0 -1 0 0 ] 0 1 1
( 288 2404 64 ) ( 448 2464 192 ) ( 448 2464 64 ) 64_cyan_2 [ 1 0 0 0 ] [ 0 0 -1 0 ] 0 1 1
( 608 2404 64 ) ( 448 2464 192 ) ( 448 2464 64 ) 64_cyan_2 [ 1 0 0 0 ] [ 0 0 -1 0 ] 0 1 1
}
// brush 6
{
( 388 2304 64 ) ( 448 2464 64 ) ( 448 2464 192 ) 64_cyan_2 [ 0 1 0 0 ] [ 0 0 -1 0 ] 0 1 1
( 224 2304 -32 ) ( 224 2304 -30 ) ( 226 2304 -32 ) 64_cyan_2 [ 1 0 0 0 ] [ 0 0 -1 0 ] 0 1 1
( 224 2304 0 ) ( 226 2304 0 ) ( 224 2306 0 ) 64_cyan_2 [ 1 0 0 0 ] [ 0 -1 0 0 ] 0 1 1
( 480 2688 64 ) ( 480 2690 64 ) ( 482 2688 64 ) 64_cyan_2 [ 1 0 0 0 ] [ 0 -1 0 0 ] 0 1 1
( 508 2304 64 ) ( 448 2464 192 ) ( 448 2464 64 ) 64_cyan_2 [ 0 1 0 0 ] [ 0 0 -1 0 ] 0 1 1
}
// brush 7
{
( 386 2306 96 ) ( 290 2402 96 ) ( 290 2402 352 ) 64_cyan_3 [ 0 1 0 0 ] [ 0 0 -1 0 ] 0 1 1
( 288 2404 64 ) ( 448 2464 64 ) ( 448 2464 192 ) 64_cyan_3 [ 1 0 0 0 ] [ 0 0 -1 0 ] 0 1 1
( 224 2304 0 ) ( 226 2304 0 ) ( 224 2306 0 ) 64_cyan_3 [ 1 0 0 0 ] [ 0 -1 0 0 ] 0 1 1
( 480 2688 64 ) ( 480 2690 64 ) ( 482 2688 64 ) 64_cyan_3 [ 1 0 0 0 ] [ 0 -1 0 0 ] 0 1 1
( 388 2304 64 ) ( 448 2464 192 ) ( 448 2464 64 ) 64_cyan_3 [ 0 1 0 0 ] [ 0 0 -1 0 ] 0 1 1
}
}
