// entity 0
{
"classname" "func_detail"
"_phong" "1"
// brush 0
{
( 2944 2336 128 ) ( 2944 2272 128 ) ( 2944 2272 64 ) trim_band_teal [ 2.0122792321330962e-15 -1 0 382.37012 ] [ 0 0 -1 -96 ] 0 1.059713 1
( 2976 2304 128 ) ( 3008 2304 256 ) ( 3008 2304 128 ) 64_cyan_3 [ 1 0 -0 0 ] [ 0 -0 -1 0 ] 0 1 1
( 3072 2272 64 ) ( 3072 2336 64 ) ( 2944 2336 64 ) trim_band_teal [ 0 -1.0000000000000002 -2.0122792321330966e-15 382.37012 ] [ -1.0000000000000002 0 0 160 ] 0 1.059713 1
( 2944 2336 128 ) ( 3072 2336 128 ) ( 3072 2272 128 ) trim_band_teal [ 0 -1.0000000000000002 -2.0122792321330966e-15 382.37012 ] [ -1.0000000000000002 0 0 160 ] 0 1.059713 1
( 3072 2336 64 ) ( 3072 2336 128 ) ( 2944 2336 128 ) 64_cyan_3 [ -0.9922778767136677 0.12403473458920869 0 -46.456543 ] [ 0 0 -1 0 ] 0 1 1
( 3072 2272 128 ) ( 3072 2336 128 ) ( 3072 2336 64 ) trim_band_teal [ 5.551115123125783e-16 -1.0000000000000004 0 312.26074 ] [ 0 0 -1 -96 ] 0 1.078689 1
}
// brush 1
{
( 2960 2400 128 ) ( 2944 2336 128 ) ( 2944 2336 64 ) trim_band_teal [ -0.24253562503633108 -0.9701425001453323 0 478.344 ] [ 0 0 -1 -96 ] 0 1.059713 1
( 2944 2336 128 ) ( 3072 2336 128 ) ( 3072 2336 64 ) 64_cyan_2 [ 0.9922778767136677 -0.12403473458920869 0 46.456543 ] [ 0 0 -1 0 ] 0 1 1
( 2944 2336 64 ) ( 3072 2336 64 ) ( 2960 2400 64 ) trim_band_teal [ -0.242535625036333 -0.970142500145332 -1.9567680809018384e-15 478.344 ] [ -0.970142500145332 0.242535625036333 -5.898059818321144e-17 87.99536 ] 0 1.059713 0.9701442
( 2960 2400 128 ) ( 3072 2336 128 ) ( 2944 2336 128 ) trim_band_teal [ -0.242535625036333 -0.970142500145332 -1.9567680809018384e-15 478.344 ] [ -0.970142500145332 0.242535625036333 -5.898059818321144e-17 87.99536 ] 0 1.059713 0.9701442
( 3072 2336 64 ) ( 3072 2336 128 ) ( 2960 2400 128 ) 64_cyan_2 [ -0.9284766908852594 0.371390676354104 0 -40.825195 ] [ 0 0 -1 0 ] 0 1 1
}
// brush 2
{
( 2992 2464 128 ) ( 2960 2400 128 ) ( 2960 2400 64 ) trim_band_teal [ -0.4472135954999564 -0.8944271909999166 0 366.57495 ] [ 0 0 -1 -96 ] 0 1.059713 1
( 2960 2400 128 ) ( 3072 2336 128 ) ( 3072 2336 64 ) 64_cyan_1 [ 0.9284766908852594 -0.371390676354104 0 40.825195 ] [ 0 0 -1 0 ] 0 1 1
( 3072 2336 64 ) ( 3104 2400 64 ) ( 2992 2464 64 ) trim_band_teal [ -0.447213595499958 -0.8944271909999161 -1.7486012637846216e-15 366.57495 ] [ -0.8944271909999161 0.44721359549995804 5.551115123125783e-17 316.44397 ] 0 1.059713 1.0062308
( 2992 2464 128 ) ( 3104 2400 128 ) ( 3072 2336 128 ) trim_band_teal [ -0.447213595499958 -0.8944271909999161 -1.7486012637846216e-15 366.57495 ] [ -0.8944271909999161 0.44721359549995804 5.551115123125783e-17 316.44397 ] 0 1.059713 1.0062308
( 3104 2400 64 ) ( 3104 2400 128 ) ( 2992 2464 128 ) 64_cyan_1 [ -0.7926239891046001 0.6097107608496924 0 -20.686157 ] [ 0 0 -1 0 ] 0 1 1
( 3072 2336 128 ) ( 3104 2400 128 ) ( 3104 2400 64 ) trim_band_teal [ -0.4472135954999576 -0.8944271909999164 0 333.25342 ] [ 0 0 -1 -96 ] 0 1.078689 1
}
// brush 3
{
( 3040 2512 128 ) ( 2992 2464 128 ) ( 2992 2464 64 ) trim_band_teal [ -0.7071067811865462 -0.7071067811865487 0 152.80957 ] [ 0 0 -1 -96 ] 0 1.059713 1
( 2992 2464 128 ) ( 3104 2400 128 ) ( 3104 2400 64 ) 64_cyan_3 [ 0.7926239891046001 -0.6097107608496924 0 20.686157 ] [ 0 0 -1 0 ] 0 1 1
( 2992 2464 64 ) ( 3104 2400 64 ) ( 3040 2512 64 ) trim_band_teal [ -0.7071067811865477 -0.7071067811865476 -1.7486012637846216e-15 152.80957 ] [ -0.7071067811865477 0.7071067811865477 1.1102230246251565e-16 159.99988 ] 0 1.059713 0.97227216
( 3040 2512 128 ) ( 3104 2400 128 ) ( 2992 2464 128 ) trim_band_teal [ -0.7071067811865477 -0.7071067811865476 -1.7486012637846216e-15 152.80957 ] [ -0.7071067811865477 0.7071067811865477 1.1102230246251565e-16 159.99988 ] 0 1.059713 0.97227216
( 3040 2512 128 ) ( 3040 2512 64 ) ( 3104 2400 64 ) 64_cyan_3 [ -0.6097107608496924 0.7926239891046001 0 -14.376144 ] [ 0 0 -1 0 ] 0 1 1
}
// brush 4
{
( 3104 2400 64 ) ( 3040 2512 64 ) ( 3040 2512 128 ) 64_cyan_2 [ 0.6097107608496924 -0.7926239891046001 0 14.376144 ] [ 0 0 -1 0 ] 0 1 1
( 3104 2544 64 ) ( 3104 2544 128 ) ( 3040 2512 128 ) trim_band_teal [ -0.8944271909999151 -0.4472135954999593 0 74.11133 ] [ 0 0 -1 -96 ] 0 1.059713 1
( 3104 2400 64 ) ( 3168 2432 64 ) ( 3104 2544 64 ) trim_band_teal [ -0.8944271909999161 -0.44721359549995804 -1.582067810090848e-15 74.11133 ] [ -0.44721359549995804 0.8944271909999161 5.551115123125783e-17 -81.77759 ] 0 1.059713 1.0062308
( 3104 2544 128 ) ( 3168 2432 128 ) ( 3104 2400 128 ) trim_band_teal [ -0.8944271909999161 -0.44721359549995804 -1.582067810090848e-15 74.11133 ] [ -0.44721359549995804 0.8944271909999161 5.551115123125783e-17 -81.77759 ] 0 1.059713 1.0062308
( 3104 2400 128 ) ( 3168 2432 128 ) ( 3168 2432 64 ) trim_band_teal [ -0.894427190999916 -0.4472135954999584 0 113.12451 ] [ 0 0 -1 -96 ] 0 1.078689 1
( 3168 2432 64 ) ( 3168 2432 128 ) ( 3104 2544 128 ) 64_cyan_2 [ -0.37139067635410355 0.9284766908852594 0 1.5085449 ] [ 0 0 -1 0 ] 0 1 1
}
// brush 5
{
( 3168 2432 64 ) ( 3104 2544 64 ) ( 3104 2544 128 ) 64_cyan_1 [ 0.37139067635410355 -0.9284766908852594 0 -1.5085449 ] [ 0 0 -1 0 ] 0 1 1
( 3168 2560 64 ) ( 3168 2560 128 ) ( 3104 2544 128 ) trim_band_teal [ -0.9701425001453314 -0.2425356250363343 0 316.52832 ] [ 0 0 -1 -96 ] 0 1.059713 1
( 3168 2432 64 ) ( 3168 2560 64 ) ( 3104 2544 64 ) trim_band_teal [ -0.9701425001453319 -0.24253562503633294 -1.4155343563970746e-15 316.52856 ] [ -0.242535625036333 0.970142500145332 -5.551115123125783e-17 -455.9995 ] 0 1.059713 0.97014284
( 3104 2544 128 ) ( 3168 2560 128 ) ( 3168 2432 128 ) trim_band_teal [ -0.9701425001453319 -0.24253562503633294 -1.4155343563970746e-15 316.52856 ] [ -0.242535625036333 0.970142500145332 -5.551115123125783e-17 -455.9995 ] 0 1.059713 0.97014284
( 3168 2432 128 ) ( 3168 2560 128 ) ( 3168 2560 64 ) 64_cyan_1 [ -0.12403473458920825 0.9922778767136677 0 -45.59143 ] [ 0 0 -1 0 ] 0 1 1
}
// brush 6
{
( 3168 2560 128 ) ( 3168 2432 128 ) ( 3168 2432 64 ) 64_cyan_3 [ 0.12403473458920825 -0.9922778767136677 0 45.59143 ] [ 0 0 -1 0 ] 0 1 1
( 3168 2432 128 ) ( 3232 2432 128 ) ( 3232 2432 64 ) trim_band_teal [ -1.0000000000000002 -3.3306690738754696e-16 0 -73.10156 ] [ 0 0 -1 -96 ] 0 1.078689 1
( 3232 2432 64 ) ( 3232 2560 64 ) ( 3168 2560 64 ) trim_band_teal [ -1 0 -1.3183898417423736e-15 331.88232 ] [ 0 1.0000000000000002 0 -224 ] 0 1.059713 1
( 3168 2560 128 ) ( 3232 2560 128 ) ( 3232 2432 128 ) trim_band_teal [ -1 0 -1.3183898417423736e-15 331.88232 ] [ 0 1.0000000000000002 0 -224 ] 0 1.059713 1
( 3232 2560 64 ) ( 3232 2560 128 ) ( 3168 2560 128 ) trim_band_teal [ -0.9999999999999998 -1.3183898417423734e-15 0 331.88232 ] [ 0 0 -1 -96 ] 0 1.059713 1
( 3200 2432 128 ) ( 3200 2528 256 ) ( 3200 2528 128 ) 64_cyan_3 [ 0 1 0 0 ] [ 0 0 -1 0 ] 0 1 1
}
}
