// entity 0
{
"classname" "func_detail"
"_phong" "1"
// brush 0
{
( 3232 2176 64 ) ( 3232 2048 64 ) ( 3232 2048 0 ) 64_cyan_1 [ 0.12403473458920836 -0.9922778767136677 0 21.002808 ] [ 0 0 -1 0 ] 0 1 1
( 3232 2048 0 ) ( 3296 2064 0 ) ( 3232 2176 0 ) trim_band_teal [ 0.970142500145332 0.242535625036333 -8.326672684688674e-17 -197.15088 ] [ 0.242535625036333 -0.970142500145332 -5.551115123125783e-17 -8.000488 ] 0 1.059713 0.97014284
( 3232 2176 64 ) ( 3296 2064 64 ) ( 3232 2048 64 ) trim_band_teal [ 0.970142500145332 0.242535625036333 -8.326672684688674e-17 -197.15088 ] [ 0.242535625036333 -0.970142500145332 -5.551115123125783e-17 -8.000488 ] 0 1.059713 0.97014284
( 3232 2048 64 ) ( 3296 2064 64 ) ( 3296 2064 0 ) trim_band_teal [ 0.9701425001453319 0.24253562503633305 0 -197.15088 ] [ 0 0 -1 -160 ] 0 1.059713 1
( 3232 2176 64 ) ( 3232 2176 0 ) ( 3296 2064 0 ) 64_cyan_1 [ -0.37139067635410367 0.9284766908852594 0 -47.02887 ] [ 0 0 -1 0 ] 0 1 1
}
// brush 1
{
( 3168 2176 64 ) ( 3168 2048 64 ) ( 3168 2048 0 ) 64_cyan_3 [ -0.12403473458920852 -0.9922778767136677 0 3.1499023 ] [ 0 0 -1 0 ] 0 1 1
( 3168 2048 64 ) ( 3232 2048 64 ) ( 3232 2048 0 ) trim_band_teal [ 1 0 0 -331.48877 ] [ 0 0 -1 -160 ] 0 1.059713 1
( 3232 2048 0 ) ( 3232 2176 0 ) ( 3168 2176 0 ) trim_band_teal [ 1.0000000000000002 0 0 -331.48877 ] [ 0 -1.0000000000000002 0 288 ] 0 1.059713 1
( 3168 2176 64 ) ( 3232 2176 64 ) ( 3232 2048 64 ) trim_band_teal [ 1.0000000000000002 0 0 -331.48877 ] [ 0 -1.0000000000000002 0 288 ] 0 1.059713 1
( 3232 2176 0 ) ( 3232 2176 64 ) ( 3168 2176 64 ) trim_band_teal [ 1 0 0 -246.22974 ] [ 0 0 -1 -160 ] 0 1.078689 1
( 3232 2048 64 ) ( 3232 2176 64 ) ( 3232 2176 0 ) 64_cyan_3 [ -0.12403473458920836 0.9922778767136677 0 -21.002808 ] [ 0 0 -1 0 ] 0 1 1
}
// brush 2
{
( 3104 2064 64 ) ( 3104 2064 0 ) ( 3168 2176 0 ) 64_cyan_2 [ -0.37139067635410383 -0.9284766908852594 0 19.393799 ] [ 0 0 -1 0 ] 0 1 1
( 3168 2048 0 ) ( 3104 2064 0 ) ( 3104 2064 64 ) trim_band_teal [ 0.9701425001453319 -0.24253562503633305 0 -285.50586 ] [ 0 0 -1 -160 ] 0 1.059713 1
( 3168 2048 0 ) ( 3168 2176 0 ) ( 3104 2064 0 ) trim_band_teal [ 0.970142500145332 -0.242535625036333 8.326672684688674e-17 -285.50586 ] [ -0.242535625036333 -0.970142500145332 -5.551115123125783e-17 56.00049 ] 0 1.059713 0.97014236
( 3104 2064 64 ) ( 3168 2176 64 ) ( 3168 2048 64 ) trim_band_teal [ 0.970142500145332 -0.242535625036333 8.326672684688674e-17 -285.50586 ] [ -0.242535625036333 -0.970142500145332 -5.551115123125783e-17 56.00049 ] 0 1.059713 0.97014236
( 3168 2048 64 ) ( 3168 2176 64 ) ( 3168 2176 0 ) 64_cyan_2 [ 0.12403473458920852 0.9922778767136677 0 -3.1499023 ] [ 0 0 -1 0 ] 0 1 1
}
// brush 3
{
( 3104 2208 0 ) ( 3104 2208 64 ) ( 3040 2096 64 ) 64_cyan_1 [ -0.6097107608496924 -0.7926239891046001 0 0.97094727 ] [ 0 0 -1 0 ] 0 1 1
( 3104 2064 0 ) ( 3040 2096 0 ) ( 3040 2096 64 ) trim_band_teal [ 0.8944271909999169 -0.44721359549995576 0 -177.07812 ] [ 0 0 -1 -160 ] 0 1.059713 1
( 3104 2064 0 ) ( 3168 2176 0 ) ( 3104 2208 0 ) trim_band_teal [ 0.8944271909999161 -0.4472135954999581 -2.3869795029440866e-15 -177.07812 ] [ -0.44721359549995804 -0.8944271909999161 5.551115123125783e-17 430.2229 ] 0 1.059713 1.0062304
( 3104 2208 64 ) ( 3168 2176 64 ) ( 3104 2064 64 ) trim_band_teal [ 0.8944271909999161 -0.4472135954999581 -2.3869795029440866e-15 -177.07812 ] [ -0.44721359549995804 -0.8944271909999161 5.551115123125783e-17 430.2229 ] 0 1.059713 1.0062304
( 3168 2176 0 ) ( 3168 2176 64 ) ( 3104 2208 64 ) trim_band_teal [ 0.8944271909999166 -0.44721359549995754 0 -314.02527 ] [ 0 0 -1 -160 ] 0 1.078689 1
( 3104 2064 64 ) ( 3168 2176 64 ) ( 3168 2176 0 ) 64_cyan_1 [ 0.37139067635410383 0.9284766908852594 0 -19.393799 ] [ 0 0 -1 0 ] 0 1 1
}
// brush 4
{
( 3040 2096 0 ) ( 2992 2144 0 ) ( 2992 2144 64 ) trim_band_teal [ 0.7071067811865491 -0.7071067811865458 0 -149.6706 ] [ 0 0 -1 -160 ] 0 1.059713 1
( 3104 2208 0 ) ( 3104 2208 64 ) ( 2992 2144 64 ) 64_cyan_3 [ -0.7926239891046001 -0.6097107608496924 0 -38.074707 ] [ 0 0 -1 0 ] 0 1 1
( 3040 2096 0 ) ( 3104 2208 0 ) ( 2992 2144 0 ) trim_band_teal [ 0.7071067811865477 -0.7071067811865477 -2.3592239273284576e-15 -149.6706 ] [ -0.7071067811865477 -0.7071067811865477 1.1102230246251565e-16 -72.7312 ] 0 1.059713 0.9722729
( 2992 2144 64 ) ( 3104 2208 64 ) ( 3040 2096 64 ) trim_band_teal [ 0.7071067811865477 -0.7071067811865477 -2.3592239273284576e-15 -149.6706 ] [ -0.7071067811865477 -0.7071067811865477 1.1102230246251565e-16 -72.7312 ] 0 1.059713 0.9722729
( 3040 2096 64 ) ( 3104 2208 64 ) ( 3104 2208 0 ) 64_cyan_3 [ 0.6097107608496924 0.7926239891046001 0 -0.97094727 ] [ 0 0 -1 0 ] 0 1 1
}
// brush 5
{
( 2992 2144 0 ) ( 2960 2208 0 ) ( 2960 2208 64 ) trim_band_teal [ 0.44721359549996 -0.8944271909999149 0 451.09805 ] [ 0 0 -1 -160 ] 0 1.059713 1
( 3072 2272 0 ) ( 3072 2272 64 ) ( 2960 2208 64 ) 64_cyan_2 [ -0.9284766908852594 -0.3713906763541037 0 -20.921875 ] [ 0 0 -1 0 ] 0 1 1
( 2992 2144 0 ) ( 3104 2208 0 ) ( 3072 2272 0 ) trim_band_teal [ 0.4472135954999581 -0.8944271909999162 -2.248201624865942e-15 451.0981 ] [ -0.8944271909999161 -0.44721359549995804 5.551115123125783e-17 316.4419 ] 0 1.059713 1.0062313
( 3072 2272 64 ) ( 3104 2208 64 ) ( 2992 2144 64 ) trim_band_teal [ 0.4472135954999581 -0.8944271909999162 -2.248201624865942e-15 451.0981 ] [ -0.8944271909999161 -0.44721359549995804 5.551115123125783e-17 316.4419 ] 0 1.059713 1.0062313
( 2992 2144 64 ) ( 3104 2208 64 ) ( 3104 2208 0 ) 64_cyan_2 [ 0.7926239891046001 0.6097107608496924 0 38.074707 ] [ 0 0 -1 0 ] 0 1 1
( 3104 2208 0 ) ( 3104 2208 64 ) ( 3072 2272 64 ) trim_band_teal [ 0.4472135954999587 -0.8944271909999161 0 352.2766 ] [ 0 0 -1 -160 ] 0 1.078689 1
}
// brush 6
{
( 2960 2208 0 ) ( 2944 2272 0 ) ( 2944 2272 64 ) trim_band_teal [ 0.24253562503633502 -0.9701425001453314 0 156.56567 ] [ 0 0 -1 -160 ] 0 1.059713 1
( 2960 2208 0 ) ( 3072 2272 0 ) ( 2944 2272 0 ) trim_band_teal [ 0.242535625036333 -0.970142500145332 -2.095545958979983e-15 156.56567 ] [ -0.970142500145332 -0.242535625036333 -5.898059818321144e-17 216.00049 ] 0 1.059713 0.97014236
( 2944 2272 64 ) ( 3072 2272 64 ) ( 2960 2208 64 ) trim_band_teal [ 0.242535625036333 -0.970142500145332 -2.095545958979983e-15 156.56567 ] [ -0.970142500145332 -0.242535625036333 -5.898059818321144e-17 216.00049 ] 0 1.059713 0.97014236
( 3072 2272 0 ) ( 3072 2272 64 ) ( 2944 2272 64 ) 64_cyan_1 [ -0.9922778767136677 -0.12403473458920841 0 -7.22876 ] [ 0 0 -1 0 ] 0 1 1
( 2960 2208 64 ) ( 3072 2272 64 ) ( 3072 2272 0 ) 64_cyan_1 [ 0.9284766908852594 0.3713906763541037 0 20.921875 ] [ 0 0 -1 0 ] 0 1 1
}
// brush 7
{
( 2944 2336 64 ) ( 2944 2272 64 ) ( 2944 2272 0 ) trim_band_teal [ 2.0122792321330962e-15 -1 0 382.37012 ] [ 0 0 -1 -160 ] 0 1.059713 1
( 2944 2272 64 ) ( 3072 2272 64 ) ( 3072 2272 0 ) 64_cyan_3 [ 0.9922778767136677 0.12403473458920841 0 7.22876 ] [ 0 0 -1 0 ] 0 1 1
( 3072 2272 0 ) ( 3072 2336 0 ) ( 2944 2336 0 ) trim_band_teal [ 0 -1.0000000000000002 -2.0122792321330966e-15 382.37012 ] [ -1.0000000000000002 0 0 160 ] 0 1.059713 1
( 2944 2336 64 ) ( 3072 2336 64 ) ( 3072 2272 64 ) trim_band_teal [ 0 -1.0000000000000002 -2.0122792321330966e-15 382.37012 ] [ -1.0000000000000002 0 0 160 ] 0 1.059713 1
( 3072 2336 0 ) ( 3072 2336 64 ) ( 2944 2336 64 ) 64_cyan_3 [ -0.9922778767136677 0.12403473458920869 0 -46.456543 ] [ 0 0 -1 0 ] 0 1 1
( 3072 2272 64 ) ( 3072 2336 64 ) ( 3072 2336 0 ) trim_band_teal [ 5.551115123125783e-16 -1.0000000000000004 0 312.26074 ] [ 0 0 -1 -160 ] 0 1.078689 1
}
// brush 8
{
( 2960 2400 64 ) ( 2944 2336 64 ) ( 2944 2336 0 ) trim_band_teal [ -0.24253562503633108 -0.9701425001453323 0 478.344 ] [ 0 0 -1 -160 ] 0 1.059713 1
( 2944 2336 64 ) ( 3072 2336 64 ) ( 3072 2336 0 ) 64_cyan_2 [ 0.9922778767136677 -0.12403473458920869 0 46.456543 ] [ 0 0 -1 0 ] 0 1 1
( 2944 2336 0 ) ( 3072 2336 0 ) ( 2960 2400 0 ) trim_band_teal [ -0.242535625036333 -0.970142500145332 -1.9567680809018384e-15 478.344 ] [ -0.970142500145332 0.242535625036333 -5.898059818321144e-17 87.99536 ] 0 1.059713 0.9701442
( 2960 2400 64 ) ( 3072 2336 64 ) ( 2944 2336 64 ) trim_band_teal [ -0.242535625036333 -0.970142500145332 -1.9567680809018384e-15 478.344 ] [ -0.970142500145332 0.242535625036333 -5.898059818321144e-17 87.99536 ] 0 1.059713 0.9701442
( 3072 2336 0 ) ( 3072 2336 64 ) ( 2960 2400 64 ) 64_cyan_2 [ -0.9284766908852594 0.371390676354104 0 -40.825195 ] [ 0 0 -1 0 ] 0 1 1
}
// brush 9
{
( 2992 2464 64 ) ( 2960 2400 64 ) ( 2960 2400 0 ) trim_band_teal [ -0.4472135954999564 -0.8944271909999166 0 366.57495 ] [ 0 0 -1 -160 ] 0 1.059713 1
( 2960 2400 64 ) ( 3072 2336 64 ) ( 3072 2336 0 ) 64_cyan_1 [ 0.9284766908852594 -0.371390676354104 0 40.825195 ] [ 0 0 -1 0 ] 0 1 1
( 3072 2336 0 ) ( 3104 2400 0 ) ( 2992 2464 0 ) trim_band_teal [ -0.447213595499958 -0.8944271909999161 -1.7486012637846216e-15 366.57495 ] [ -0.8944271909999161 0.44721359549995804 5.551115123125783e-17 316.44397 ] 0 1.059713 1.0062308
( 2992 2464 64 ) ( 3104 2400 64 ) ( 3072 2336 64 ) trim_band_teal [ -0.447213595499958 -0.8944271909999161 -1.7486012637846216e-15 366.57495 ] [ -0.8944271909999161 0.44721359549995804 5.551115123125783e-17 316.44397 ] 0 1.059713 1.0062308
( 3104 2400 0 ) ( 3104 2400 64 ) ( 2992 2464 64 ) 64_cyan_1 [ -0.7926239891046001 0.6097107608496924 0 -20.686157 ] [ 0 0 -1 0 ] 0 1 1
( 3072 2336 64 ) ( 3104 2400 64 ) ( 3104 2400 0 ) trim_band_teal [ -0.4472135954999576 -0.8944271909999164 0 333.25342 ] [ 0 0 -1 -160 ] 0 1.078689 1
}
// brush 10
{
( 3040 2512 64 ) ( 2992 2464 64 ) ( 2992 2464 0 ) trim_band_teal [ -0.7071067811865462 -0.7071067811865487 0 152.80957 ] [ 0 0 -1 -160 ] 0 1.059713 1
( 2992 2464 64 ) ( 3104 2400 64 ) ( 3104 2400 0 ) 64_cyan_3 [ 0.7926239891046001 -0.6097107608496924 0 20.686157 ] [ 0 0 -1 0 ] 0 1 1
( 2992 2464 0 ) ( 3104 2400 0 ) ( 3040 2512 0 ) trim_band_teal [ -0.7071067811865477 -0.7071067811865476 -1.7486012637846216e-15 152.80957 ] [ -0.7071067811865477 0.7071067811865477 1.1102230246251565e-16 159.99988 ] 0 1.059713 0.97227216
( 3040 2512 64 ) ( 3104 2400 64 ) ( 2992 2464 64 ) trim_band_teal [ -0.7071067811865477 -0.7071067811865476 -1.7486012637846216e-15 152.80957 ] [ -0.7071067811865477 0.7071067811865477 1.1102230246251565e-16 159.99988 ] 0 1.059713 0.97227216
( 3040 2512 64 ) ( 3040 2512 0 ) ( 3104 2400 0 ) 64_cyan_3 [ -0.6097107608496924 0.7926239891046001 0 -14.376144 ] [ 0 0 -1 0 ] 0 1 1
}
// brush 11
{
( 3104 2400 0 ) ( 3040 2512 0 ) ( 3040 2512 64 ) 64_cyan_2 [ 0.6097107608496924 -0.7926239891046001 0 14.376144 ] [ 0 0 -1 0 ] 0 1 1
( 3104 2544 0 ) ( 3104 2544 64 ) ( 3040 2512 64 ) trim_band_teal [ -0.8944271909999151 -0.4472135954999593 0 74.11133 ] [ 0 0 -1 -160 ] 0 1.059713 1
( 3104 2400 0 ) ( 3168 2432 0 ) ( 3104 2544 0 ) trim_band_teal [ -0.8944271909999161 -0.44721359549995804 -1.582067810090848e-15 74.11133 ] [ -0.44721359549995804 0.8944271909999161 5.551115123125783e-17 -81.77759 ] 0 1.059713 1.0062308
( 3104 2544 64 ) ( 3168 2432 64 ) ( 3104 2400 64 ) trim_band_teal [ -0.8944271909999161 -0.44721359549995804 -1.582067810090848e-15 74.11133 ] [ -0.44721359549995804 0.8944271909999161 5.551115123125783e-17 -81.77759 ] 0 1.059713 1.0062308
( 3104 2400 64 ) ( 3168 2432 64 ) ( 3168 2432 0 ) trim_band_teal [ -0.894427190999916 -0.4472135954999584 0 113.12451 ] [ 0 0 -1 -160 ] 0 1.078689 1
( 3168 2432 0 ) ( 3168 2432 64 ) ( 3104 2544 64 ) 64_cyan_2 [ -0.37139067635410355 0.9284766908852594 0 1.5085449 ] [ 0 0 -1 0 ] 0 1 1
}
// brush 12
{
( 3168 2432 0 ) ( 3104 2544 0 ) ( 3104 2544 64 ) 64_cyan_1 [ 0.37139067635410355 -0.9284766908852594 0 -1.5085449 ] [ 0 0 -1 0 ] 0 1 1
( 3168 2560 0 ) ( 3168 2560 64 ) ( 3104 2544 64 ) trim_band_teal [ -0.9701425001453314 -0.2425356250363343 0 316.52832 ] [ 0 0 -1 -160 ] 0 1.059713 1
( 3168 2432 0 ) ( 3168 2560 0 ) ( 3104 2544 0 ) trim_band_teal [ -0.9701425001453319 -0.24253562503633294 -1.4155343563970746e-15 316.52856 ] [ -0.242535625036333 0.970142500145332 -5.551115123125783e-17 -455.9995 ] 0 1.059713 0.97014284
( 3104 2544 64 ) ( 3168 2560 64 ) ( 3168 2432 64 ) trim_band_teal [ -0.9701425001453319 -0.24253562503633294 -1.4155343563970746e-15 316.52856 ] [ -0.242535625036333 0.970142500145332 -5.551115123125783e-17 -455.9995 ] 0 1.059713 0.97014284
( 3168 2432 64 ) ( 3168 2560 64 ) ( 3168 2560 0 ) 64_cyan_1 [ -0.12403473458920825 0.9922778767136677 0 -45.59143 ] [ 0 0 -1 0 ] 0 1 1
}
// brush 13
{
( 3168 2560 64 ) ( 3168 2432 64 ) ( 3168 2432 0 ) 64_cyan_3 [ 0.12403473458920825 -0.9922778767136677 0 45.59143 ] [ 0 0 -1 0 ] 0 1 1
( 3168 2432 64 ) ( 3232 2432 64 ) ( 3232 2432 0 ) trim_band_teal [ -1.0000000000000002 -3.3306690738754696e-16 0 -73.10156 ] [ 0 0 -1 -160 ] 0 1.078689 1
( 3232 2432 0 ) ( 3232 2560 0 ) ( 3168 2560 0 ) trim_band_teal [ -1 0 -1.3183898417423736e-15 331.88232 ] [ 0 1.0000000000000002 0 -224 ] 0 1.059713 1
( 3168 2560 64 ) ( 3232 2560 64 ) ( 3232 2432 64 ) trim_band_teal [ -1 0 -1.3183898417423736e-15 331.88232 ] [ 0 1.0000000000000002 0 -224 ] 0 1.059713 1
( 3232 2560 0 ) ( 3232 2560 64 ) ( 3168 2560 64 ) trim_band_teal [ -0.9999999999999998 -1.3183898417423734e-15 0 331.88232 ] [ 0 0 -1 -160 ] 0 1.059713 1
( 3232 2432 64 ) ( 3232 2560 64 ) ( 3232 2560 0 ) 64_cyan_3 [ 0.12403473458920863 0.9922778767136677 0 12.911133 ] [ 0 0 -1 0 ] 0 1 1
}
// brush 14
{
( 3232 2560 64 ) ( 3232 2432 64 ) ( 3232 2432 0 ) 64_cyan_2 [ -0.12403473458920863 -0.9922778767136677 0 -12.911133 ] [ 0 0 -1 0 ] 0 1 1
( 3232 2432 0 ) ( 3296 2544 0 ) ( 3232 2560 0 ) trim_band_teal [ -0.970142500145332 0.242535625036333 -1.2906342661267445e-15 166.91553 ] [ 0.242535625036333 0.970142500145332 -5.551115123125783e-17 -7.963379 ] 0 1.059713 0.97015345
( 3232 2560 64 ) ( 3296 2544 64 ) ( 3232 2432 64 ) trim_band_teal [ -0.970142500145332 0.242535625036333 -1.2906342661267445e-15 166.91553 ] [ 0.242535625036333 0.970142500145332 -5.551115123125783e-17 -7.963379 ] 0 1.059713 0.97015345
( 3296 2544 0 ) ( 3296 2544 64 ) ( 3232 2560 64 ) trim_band_teal [ -0.970142500145332 0.2425356250363317 0 166.91553 ] [ 0 0 -1 -160 ] 0 1.059713 1
( 3232 2432 64 ) ( 3296 2544 64 ) ( 3296 2544 0 ) 64_cyan_2 [ 0.37139067635410394 0.9284766908852594 0 20.072998 ] [ 0 0 -1 0 ] 0 1 1
}
// brush 15
{
( 3296 2544 0 ) ( 3296 2544 64 ) ( 3232 2432 64 ) 64_cyan_1 [ -0.37139067635410394 -0.9284766908852594 0 -20.072998 ] [ 0 0 -1 0 ] 0 1 1
( 3296 2400 0 ) ( 3232 2432 0 ) ( 3232 2432 64 ) trim_band_teal [ -0.8944271909999163 0.44721359549995776 0 138.29529 ] [ 0 0 -1 -160 ] 0 1.078689 1
( 3296 2400 0 ) ( 3360 2512 0 ) ( 3296 2544 0 ) trim_band_teal [ -0.894427190999916 0.44721359549995804 -1.0824674490095276e-15 -47.940308 ] [ 0.44721359549995804 0.8944271909999161 5.551115123125783e-17 -366.22314 ] 0 1.059713 1.0062304
( 3296 2544 64 ) ( 3360 2512 64 ) ( 3296 2400 64 ) trim_band_teal [ -0.894427190999916 0.44721359549995804 -1.0824674490095276e-15 -47.940308 ] [ 0.44721359549995804 0.8944271909999161 5.551115123125783e-17 -366.22314 ] 0 1.059713 1.0062304
( 3360 2512 0 ) ( 3360 2512 64 ) ( 3296 2544 64 ) trim_band_teal [ -0.8944271909999162 0.4472135954999569 0 -47.940308 ] [ 0 0 -1 -160 ] 0 1.059713 1
( 3296 2400 64 ) ( 3360 2512 64 ) ( 3360 2512 0 ) 64_cyan_1 [ 0.6097107608496924 0.7926239891046001 0 -1.5893555 ] [ 0 0 -1 0 ] 0 1 1
}
// brush 16
{
( 3360 2512 64 ) ( 3296 2400 64 ) ( 3296 2400 0 ) 64_cyan_3 [ -0.6097107608496924 -0.7926239891046001 0 1.5893555 ] [ 0 0 -1 0 ] 0 1 1
( 3296 2400 0 ) ( 3408 2464 0 ) ( 3360 2512 0 ) trim_band_teal [ -0.7071067811865475 0.7071067811865476 -1.0824674490095276e-15 278.06403 ] [ 0.7071067811865477 0.7071067811865477 1.1102230246251565e-16 -398.54883 ] 0 1.059713 0.97227097
( 3360 2512 64 ) ( 3408 2464 64 ) ( 3296 2400 64 ) trim_band_teal [ -0.7071067811865475 0.7071067811865476 -1.0824674490095276e-15 278.06403 ] [ 0.7071067811865477 0.7071067811865477 1.1102230246251565e-16 -398.54883 ] 0 1.059713 0.97227097
( 3296 2400 64 ) ( 3408 2464 64 ) ( 3408 2464 0 ) 64_cyan_3 [ 0.7926239891046001 0.6097107608496924 0 15.583984 ] [ 0 0 -1 0 ] 0 1 1
( 3408 2464 0 ) ( 3408 2464 64 ) ( 3360 2512 64 ) trim_band_teal [ -0.7071067811865481 0.7071067811865466 0 278.06403 ] [ 0 0 -1 -160 ] 0 1.059713 1
}
// brush 17
{
( 3328 2336 0 ) ( 3296 2400 0 ) ( 3296 2400 64 ) trim_band_teal [ -0.44721359549995826 0.8944271909999161 0 -175.20886 ] [ 0 0 -1 -160 ] 0 1.078689 1
( 3408 2464 0 ) ( 3408 2464 64 ) ( 3296 2400 64 ) 64_cyan_2 [ -0.7926239891046001 -0.6097107608496924 0 -15.583984 ] [ 0 0 -1 0 ] 0 1 1
( 3328 2336 0 ) ( 3440 2400 0 ) ( 3408 2464 0 ) trim_band_teal [ -0.447213595499958 0.894427190999916 -9.43689570931383e-16 30.707153 ] [ 0.8944271909999161 0.44721359549995804 5.551115123125783e-17 -252.44531 ] 0 1.059713 1.0062304
( 3408 2464 64 ) ( 3440 2400 64 ) ( 3328 2336 64 ) trim_band_teal [ -0.447213595499958 0.894427190999916 -9.43689570931383e-16 30.707153 ] [ 0.8944271909999161 0.44721359549995804 5.551115123125783e-17 -252.44531 ] 0 1.059713 1.0062304
( 3328 2336 64 ) ( 3440 2400 64 ) ( 3440 2400 0 ) 64_cyan_2 [ 0.9284766908852594 0.3713906763541036 0 5.4592285 ] [ 0 0 -1 0 ] 0 1 1
( 3440 2400 0 ) ( 3440 2400 64 ) ( 3408 2464 64 ) trim_band_teal [ -0.4472135954999587 0.8944271909999153 0 30.707092 ] [ 0 0 -1 -160 ] 0 1.059713 1
}
// brush 18
{
( 3440 2400 64 ) ( 3328 2336 64 ) ( 3328 2336 0 ) 64_cyan_1 [ -0.9284766908852594 -0.3713906763541036 0 -5.4592285 ] [ 0 0 -1 0 ] 0 1 1
( 3328 2336 64 ) ( 3456 2336 64 ) ( 3456 2336 0 ) 64_cyan_1 [ 0.9922778767136677 0.1240347345892083 0 46.640625 ] [ 0 0 -1 0 ] 0 1 1
( 3328 2336 0 ) ( 3456 2336 0 ) ( 3440 2400 0 ) trim_band_teal [ -0.24253562503633297 0.9701425001453319 -7.771561172376096e-16 -293.1881 ] [ 0.970142500145332 0.242535625036333 -5.898059818321144e-17 -168.00073 ] 0 1.059713 0.97014236
( 3440 2400 64 ) ( 3456 2336 64 ) ( 3328 2336 64 ) trim_band_teal [ -0.24253562503633297 0.9701425001453319 -7.771561172376096e-16 -293.1881 ] [ 0.970142500145332 0.242535625036333 -5.898059818321144e-17 -168.00073 ] 0 1.059713 0.97014236
( 3456 2336 0 ) ( 3456 2336 64 ) ( 3440 2400 64 ) trim_band_teal [ -0.2425356250363337 0.9701425001453315 0 -293.188 ] [ 0 0 -1 -160 ] 0 1.059713 1
}
// brush 19
{
( 3328 2336 64 ) ( 3328 2272 64 ) ( 3328 2272 0 ) trim_band_teal [ -1.6653345369377348e-16 1.0000000000000002 0 -247.5918 ] [ 0 0 -1 -160 ] 0 1.078689 1
( 3328 2272 64 ) ( 3456 2272 64 ) ( 3456 2272 0 ) 64_cyan_3 [ 0.9922778767136677 -0.12403473458920858 0 62.51758 ] [ 0 0 -1 0 ] 0 1 1
( 3456 2272 0 ) ( 3456 2336 0 ) ( 3328 2336 0 ) trim_band_teal [ 0 1 -6.938893903907229e-16 -125.97681 ] [ 1.0000000000000002 0 0 -96 ] 0 1.059713 1
( 3328 2336 64 ) ( 3456 2336 64 ) ( 3456 2272 64 ) trim_band_teal [ 0 1 -6.938893903907229e-16 -125.97681 ] [ 1.0000000000000002 0 0 -96 ] 0 1.059713 1
( 3456 2336 0 ) ( 3456 2336 64 ) ( 3328 2336 64 ) 64_cyan_3 [ -0.9922778767136677 -0.1240347345892083 0 -46.640625 ] [ 0 0 -1 0 ] 0 1 1
( 3456 2272 64 ) ( 3456 2336 64 ) ( 3456 2336 0 ) trim_band_teal [ -6.938893903907228e-16 0.9999999999999999 0 -125.97681 ] [ 0 0 -1 -160 ] 0 1.059713 1
}
// brush 20
{
( 3440 2208 0 ) ( 3328 2272 0 ) ( 3328 2272 64 ) 64_cyan_2 [ 0.9284766908852594 -0.3713906763541039 0 16.291992 ] [ 0 0 -1 0 ] 0 1 1
( 3440 2208 0 ) ( 3456 2272 0 ) ( 3328 2272 0 ) trim_band_teal [ 0.242535625036333 0.970142500145332 -6.38378239159465e-16 -340.9348 ] [ 0.970142500145332 -0.242535625036333 -5.898059818321144e-17 -40.00586 ] 0 1.059713 0.9701405
( 3328 2272 64 ) ( 3456 2272 64 ) ( 3440 2208 64 ) trim_band_teal [ 0.242535625036333 0.970142500145332 -6.38378239159465e-16 -340.9348 ] [ 0.970142500145332 -0.242535625036333 -5.898059818321144e-17 -40.00586 ] 0 1.059713 0.9701405
( 3456 2272 0 ) ( 3456 2272 64 ) ( 3328 2272 64 ) 64_cyan_2 [ -0.9922778767136677 0.12403473458920858 0 -62.51758 ] [ 0 0 -1 0 ] 0 1 1
( 3440 2208 64 ) ( 3456 2272 64 ) ( 3456 2272 0 ) trim_band_teal [ 0.24253562503633236 0.970142500145332 0 -340.9348 ] [ 0 0 -1 -160 ] 0 1.059713 1
}
// brush 21
{
( 3328 2272 64 ) ( 3296 2208 64 ) ( 3296 2208 0 ) trim_band_teal [ 0.44721359549995787 0.8944271909999161 0 -380.98315 ] [ 0 0 -1 -160 ] 0 1.078689 1
( 3296 2208 64 ) ( 3408 2144 64 ) ( 3408 2144 0 ) 64_cyan_1 [ 0.7926239891046001 -0.6097107608496924 0 20.067505 ] [ 0 0 -1 0 ] 0 1 1
( 3408 2144 0 ) ( 3440 2208 0 ) ( 3328 2272 0 ) trim_band_teal [ 0.44721359549995804 0.8944271909999162 -4.440892098500626e-16 -335.5935 ] [ 0.8944271909999161 -0.44721359549995804 5.551115123125783e-17 -252.44507 ] 0 1.059713 1.0062304
( 3328 2272 64 ) ( 3440 2208 64 ) ( 3408 2144 64 ) trim_band_teal [ 0.44721359549995804 0.8944271909999162 -4.440892098500626e-16 -335.5935 ] [ 0.8944271909999161 -0.44721359549995804 5.551115123125783e-17 -252.44507 ] 0 1.059713 1.0062304
( 3440 2208 0 ) ( 3440 2208 64 ) ( 3328 2272 64 ) 64_cyan_1 [ -0.9284766908852594 0.3713906763541039 0 -16.291992 ] [ 0 0 -1 0 ] 0 1 1
( 3408 2144 64 ) ( 3440 2208 64 ) ( 3440 2208 0 ) trim_band_teal [ 0.44721359549995754 0.8944271909999161 0 -335.5935 ] [ 0 0 -1 -160 ] 0 1.059713 1
}
// brush 22
{
( 3360 2096 0 ) ( 3296 2208 0 ) ( 3296 2208 64 ) 64_cyan_3 [ 0.6097107608496924 -0.7926239891046001 0 55.886322 ] [ 0 0 -1 0 ] 0 1 1
( 3360 2096 0 ) ( 3408 2144 0 ) ( 3296 2208 0 ) trim_band_teal [ 0.7071067811865477 0.7071067811865478 -3.885780586188048e-16 -280.41626 ] [ 0.7071067811865477 -0.7071067811865477 1.1102230246251565e-16 -119.27301 ] 0 1.059713 0.97227144
( 3296 2208 64 ) ( 3408 2144 64 ) ( 3360 2096 64 ) trim_band_teal [ 0.7071067811865477 0.7071067811865478 -3.885780586188048e-16 -280.41626 ] [ 0.7071067811865477 -0.7071067811865477 1.1102230246251565e-16 -119.27301 ] 0 1.059713 0.97227144
( 3408 2144 0 ) ( 3408 2144 64 ) ( 3296 2208 64 ) 64_cyan_3 [ -0.7926239891046001 0.6097107608496924 0 -20.067505 ] [ 0 0 -1 0 ] 0 1 1
( 3360 2096 64 ) ( 3408 2144 64 ) ( 3408 2144 0 ) trim_band_teal [ 0.7071067811865472 0.7071067811865478 0 -280.41626 ] [ 0 0 -1 -160 ] 0 1.059713 1
}
// brush 23
{
( 3296 2064 0 ) ( 3232 2176 0 ) ( 3232 2176 64 ) 64_cyan_2 [ 0.37139067635410367 -0.9284766908852594 0 47.02887 ] [ 0 0 -1 0 ] 0 1 1
( 3296 2208 0 ) ( 3296 2208 64 ) ( 3232 2176 64 ) trim_band_teal [ 0.894427190999916 0.447213595499958 0 -320.05713 ] [ 0 0 -1 -160 ] 0 1.078689 1
( 3296 2064 0 ) ( 3360 2096 0 ) ( 3296 2208 0 ) trim_band_teal [ 0.894427190999916 0.447213595499958 -2.498001805406602e-16 -360.3064 ] [ 0.44721359549995804 -0.8944271909999161 5.551115123125783e-17 145.77765 ] 0 1.059713 1.0062307
( 3296 2208 64 ) ( 3360 2096 64 ) ( 3296 2064 64 ) trim_band_teal [ 0.894427190999916 0.447213595499958 -2.498001805406602e-16 -360.3064 ] [ 0.44721359549995804 -0.8944271909999161 5.551115123125783e-17 145.77765 ] 0 1.059713 1.0062307
( 3296 2064 64 ) ( 3360 2096 64 ) ( 3360 2096 0 ) trim_band_teal [ 0.8944271909999157 0.44721359549995815 0 -360.30615 ] [ 0 0 -1 -160 ] 0 1.059713 1
( 3360 2096 0 ) ( 3360 2096 64 ) ( 3296 2208 64 ) 64_cyan_2 [ -0.6097107608496924 0.7926239891046001 0 -55.886322 ] [ 0 0 -1 0 ] 0 1 1
}
}
