// entity 0
{
"classname" "func_group"
// brush 0
{
( -1968 384 160 ) ( -1968 256 160 ) ( -1968 256 96 ) trim_band_teal [ -1.8369701987210297e-16 -1 0 -320 ] [ 0 0 -1 160 ] 0 1 1
( -2016 256 96 ) ( -2016 256 160 ) ( -1952 192 160 ) 64_cyan_3 [ 1 -3.67394039744206e-16 0 -32 ] [ 0 0 -1 32 ] 0 1 1
( -1952 448 160 ) ( -2016 384 160 ) ( -2016 384 96 ) 64_cyan_3 [ -1 3.67394039744206e-16 0 32 ] [ 0 0 -1 32 ] 0 1 1
( -2016 384 96 ) ( -2016 256 96 ) ( -1952 192 96 ) trim_band_teal [ -1.8369701987210302e-16 -1.0000000000000002 0 -320 ] [ 1.0000000000000002 -1.8369701987210302e-16 0 -16 ] 270 1 1
( -1952 192 112 ) ( -2016 256 112 ) ( -2016 384 112 ) trim_band_teal [ -1.8369701987210302e-16 -1.0000000000000002 0 -320 ] [ -1.0000000000000002 1.8369701987210302e-16 0 -384 ] 90 1 1
( -1952 192 160 ) ( -1952 448 160 ) ( -1952 448 96 ) trim_band_teal [ -1.8369701987210302e-16 -1.0000000000000002 0 -320 ] [ 0 0 1.0000000000000002 -16 ] 0 1 1
}
// brush 1
{
( -2208 448 160 ) ( -2144 384 160 ) ( -2144 384 96 ) 64_cyan_3 [ -1.8369701987210297e-16 -1 0 0 ] [ 0 0 -1 32 ] 0 1 1
( -2144 432 160 ) ( -2016 432 160 ) ( -2016 432 96 ) trim_band_teal [ 1 0 0 -96 ] [ 0 0 -1 160 ] 0 1 1
( -2144 384 96 ) ( -2016 384 96 ) ( -1952 448 96 ) trim_band_teal [ 1.0000000000000002 0 0 -96 ] [ 0 1.0000000000000002 0 144 ] 0 1 1
( -1952 448 112 ) ( -2016 384 112 ) ( -2144 384 112 ) trim_band_teal [ 1.0000000000000002 0 0 -96 ] [ 0 -1.0000000000000002 0 -32 ] 0 1 1
( -1952 448 160 ) ( -2208 448 160 ) ( -2208 448 96 ) trim_band_teal [ 1.0000000000000002 0 0 -96 ] [ 0 0 1.0000000000000002 -16 ] 0 1 1
( -2016 384 96 ) ( -2016 384 160 ) ( -1952 448 160 ) 64_cyan_3 [ 1.8369701987210297e-16 1 0 0 ] [ 0 0 -1 32 ] 0 1 1
}
}
