// entity 0
{
"classname" "func_group"
// brush 0
{
( -1984 384 128 ) ( -1984 256 128 ) ( -1984 256 64 ) trim_band_teal [ -1.8369701987210297e-16 -1 0 -320 ] [ 0 0 -1 224 ] 0 1 1
( -2016 256 64 ) ( -2016 256 128 ) ( -1952 192 128 ) 64_cyan_3 [ 1 -3.67394039744206e-16 0 -32 ] [ 0 0 -1 0 ] 0 1 1
( -1952 448 128 ) ( -2016 384 128 ) ( -2016 384 64 ) 64_cyan_3 [ -1 3.67394039744206e-16 0 32 ] [ 0 0 -1 0 ] 0 1 1
( -2016 384 64 ) ( -2016 256 64 ) ( -1952 192 64 ) trim_band_teal [ -1.8369701987210302e-16 -1.0000000000000002 0 -320 ] [ 1.0000000000000002 -1.8369701987210302e-16 0 96 ] 270 1 1
( -1952 192 96 ) ( -2016 256 96 ) ( -2016 384 96 ) trim_band_teal [ -1.8369701987210302e-16 -1.0000000000000002 0 -320 ] [ -1.0000000000000002 1.8369701987210302e-16 0 -320 ] 90 1 1
( -1952 192 128 ) ( -1952 448 128 ) ( -1952 448 64 ) trim_band_teal [ -1.8369701987210302e-16 -1.0000000000000002 0 -320 ] [ 0 0 1.0000000000000002 -384 ] 0 1 1
}
// brush 1
{
( -2208 448 128 ) ( -2144 384 128 ) ( -2144 384 64 ) 64_cyan_3 [ -1.8369701987210297e-16 -1 0 0 ] [ 0 0 -1 0 ] 0 1 1
( -2144 416 128 ) ( -2016 416 128 ) ( -2016 416 64 ) trim_band_teal [ 1 0 0 -96 ] [ 0 0 -1 224 ] 0 1 1
( -2144 384 64 ) ( -2016 384 64 ) ( -1952 448 64 ) trim_band_teal [ 1.0000000000000002 0 0 -96 ] [ 0 1.0000000000000002 0 256 ] 0 1 1
( -1952 448 96 ) ( -2016 384 96 ) ( -2144 384 96 ) trim_band_teal [ 1.0000000000000002 0 0 -96 ] [ 0 -1.0000000000000002 0 -480 ] 0 1 1
( -1952 448 128 ) ( -2208 448 128 ) ( -2208 448 64 ) trim_band_teal [ 1.0000000000000002 0 0 -96 ] [ 0 0 1.0000000000000002 -384 ] 0 1 1
( -2016 384 64 ) ( -2016 384 128 ) ( -1952 448 128 ) 64_cyan_3 [ 1.8369701987210297e-16 1 0 0 ] [ 0 0 -1 0 ] 0 1 1
}
}
