// entity 0
{
"classname" "func_group"
// brush 0
{
( -3040 -384 184 ) ( -3040 -640 184 ) ( -3040 -640 120 ) trim_band_teal [ 0 0.9999999999999768 -2.202553357142863e-07 -124 ] [ 0 2.202553357142863e-07 0.9999999999999768 371.99994 ] 0 1 1
( -2976 -576 120 ) ( -2976 -448 120 ) ( -3040 -384 120 ) trim_band_teal [ -2.546534998704164e-07 0.9999999999999679 0 -2172.0007 ] [ 0.9999999999999679 2.546534998704164e-07 0 3520.0002 ] -90 1 1
( -3040 -384 124 ) ( -2976 -448 124 ) ( -2976 -576 124 ) trim_band_teal [ -2.546534998704164e-07 0.9999999999999679 0 -2172.0007 ] [ 0.9999999999999679 2.546534998704164e-07 0 3520.0002 ] -90 1 1
( -3040 -640 184 ) ( -2976 -576 184 ) ( -2976 -576 120 ) 64_cyan_3 [ 1 -2.4492935982947064e-16 0 32 ] [ 0 0 -1 -8 ] 0 1 1
( -2976 -448 120 ) ( -2976 -448 184 ) ( -3040 -384 184 ) 64_cyan_3 [ -1 2.4492935982947064e-16 0 -32 ] [ 0 0 -1 -8 ] 0 1 1
( -3036 -576 184 ) ( -3036 -448 184 ) ( -3036 -448 120 ) trim_band_teal [ 6.123233995736767e-17 1.0000000000000002 0 112 ] [ 0 0 -1.0000000000000002 96 ] 0 1 1
}
// brush 1
{
( -3040 -384 184 ) ( -2976 -448 184 ) ( -2976 -448 120 ) 64_cyan_3 [ -4.2862637970157366e-16 -1 0 0 ] [ 0 0 -1 -8 ] 0 1 1
( -2976 -388 184 ) ( -2848 -388 184 ) ( -2848 -388 120 ) trim_band_teal [ 1.0000000000000002 -6.123233995736767e-17 0 200 ] [ 0 0 -1.0000000000000002 96 ] 0 1 1
( -2976 -448 120 ) ( -2848 -448 120 ) ( -2784 -384 120 ) trim_band_teal [ 0.9999999999999765 2.2025533571428622e-07 0 484 ] [ 2.2025533571428622e-07 -0.9999999999999765 0 96.00052 ] 0 1 1
( -2784 -384 124 ) ( -2848 -448 124 ) ( -2976 -448 124 ) trim_band_teal [ 0.9999999999999765 2.2025533571428622e-07 0 484 ] [ 2.2025533571428622e-07 -0.9999999999999765 0 96.00052 ] 0 1 1
( -2784 -384 184 ) ( -3040 -384 184 ) ( -3040 -384 120 ) trim_band_teal [ 0.9999999999999769 0 -2.2025533571428635e-07 484 ] [ 2.2025533571428635e-07 0 0.9999999999999769 372.00052 ] 0 1 1
( -2848 -448 120 ) ( -2848 -448 184 ) ( -2784 -384 184 ) 64_cyan_3 [ 4.2862637970157366e-16 1 0 0 ] [ 0 0 -1 -8 ] 0 1 1
}
}
