// entity 0
{
"classname" "func_group"
// brush 0
{
( -2016 384 64 ) ( -2016 256 64 ) ( -2016 256 0 ) trim_band_teal [ 0 -0.9999999999998009 -6.319023915443285e-07 -448.00388 ] [ 0 6.319023915443285e-07 -0.9999999999998009 351.99973 ] 90.000015 1 1
( -2016 256 0 ) ( -2016 256 64 ) ( -1952 192 64 ) 64_cyan_3 [ 1 -1.2246467991473532e-16 0 32 ] [ 0 0 -1 0 ] 0 1 1
( -1952 448 64 ) ( -2016 384 64 ) ( -2016 384 0 ) 64_cyan_3 [ -1 1.2246467991473532e-16 0 32 ] [ 0 0 -1 0 ] 0 1 1
( -2016 384 0 ) ( -2016 256 0 ) ( -1952 192 0 ) trim_band_teal [ 6.319023915443286e-07 -0.999999999999801 0 -448.00266 ] [ 0.999999999999801 6.319023915443286e-07 0 320 ] 90.000015 1 1
( -1952 192 64 ) ( -2016 256 64 ) ( -2016 384 64 ) trim_band_teal [ -6.319023915443286e-07 -0.999999999999801 0 -448.00516 ] [ -0.999999999999801 6.319023915443286e-07 0 -192 ] 90.000015 1 1
( -1952 192 64 ) ( -1952 448 64 ) ( -1952 448 0 ) trim_band_teal [ 0 -0.9999999999999417 -3.434747357644531e-07 -448.00195 ] [ 0 -3.434747357644531e-07 0.9999999999999417 415.99823 ] 359.99997 1 1
}
// brush 1
{
( -2208 448 64 ) ( -2144 384 64 ) ( -2144 384 0 ) 64_cyan_3 [ -1.8369701987210297e-16 -1 0 0 ] [ 0 0 -1 0 ] 0 1 1
( -2144 384 64 ) ( -2016 384 64 ) ( -2016 384 0 ) trim_band_teal [ 0.9999999999999416 0 3.4347473576445307e-07 31.998047 ] [ 3.4347473576445307e-07 0 -0.9999999999999416 351.99875 ] 359.99997 1 1
( -2144 384 0 ) ( -2016 384 0 ) ( -1952 448 0 ) trim_band_teal [ 0.9999999999999417 -3.434747357644531e-07 0 31.998291 ] [ 3.434747357644531e-07 0.9999999999999417 0 479.99875 ] 359.99997 1 1
( -1952 448 64 ) ( -2016 384 64 ) ( -2144 384 64 ) trim_band_teal [ 0.9999999999999417 3.434747357644531e-07 0 31.997803 ] [ 3.434747357644531e-07 -0.9999999999999417 0 -352.00125 ] 359.99997 1 1
( -1952 448 64 ) ( -2208 448 64 ) ( -2208 448 0 ) trim_band_teal [ 0.9999999999999416 0 -3.4347473576445307e-07 31.998047 ] [ 3.4347473576445307e-07 0 0.9999999999999416 415.99875 ] 359.99997 1 1
( -2016 384 0 ) ( -2016 384 64 ) ( -1952 448 64 ) 64_cyan_3 [ 1.8369701987210297e-16 1 0 0 ] [ 0 0 -1 0 ] 0 1 1
}
}
