// entity 0
{
"classname" "func_group"
// brush 0
{
( -2208 448 176 ) ( -2144 384 176 ) ( -2144 384 112 ) 64_cyan_3 [ -1.8369701987210297e-16 -1 0 0 ] [ 0 0 -1 -16 ] 0 1 1
( -2144 440 176 ) ( -2016 440 176 ) ( -2016 440 112 ) trim_band_teal [ 1.0000000000000002 0 0 144 ] [ 0 0 -1.0000000000000002 128 ] 0 1 1
( -2144 384 112 ) ( -2016 384 112 ) ( -1952 448 112 ) trim_band_teal [ 1.0000000000000002 0 0 -96 ] [ 0 -1.0000000000000002 0 -64 ] 0 1 1
( -1952 448 120 ) ( -2016 384 120 ) ( -2144 384 120 ) trim_band_teal [ 1.0000000000000002 0 0 -96 ] [ 0 -1.0000000000000002 0 -64 ] 0 1 1
( -1952 448 176 ) ( -2208 448 176 ) ( -2208 448 112 ) trim_band_teal [ 1.0000000000000004 -1.1102230246251565e-16 0 160 ] [ 0 0 1.0000000000000002 -88 ] 0 1 1
( -2016 384 112 ) ( -2016 384 176 ) ( -1952 448 176 ) 64_cyan_3 [ 1.8369701987210297e-16 1 0 0 ] [ 0 0 -1 -16 ] 0 1 1
}
// brush 1
{
( -1960 384 176 ) ( -1960 256 176 ) ( -1960 256 112 ) trim_band_teal [ 0 -1.0000000000000002 0 -352 ] [ 0 0 -1.0000000000000002 128 ] 0 1 1
( -2016 256 112 ) ( -2016 256 176 ) ( -1952 192 176 ) 64_cyan_3 [ 1 -3.67394039744206e-16 0 -32 ] [ 0 0 -1 -16 ] 0 1 1
( -1952 448 176 ) ( -2016 384 176 ) ( -2016 384 112 ) 64_cyan_3 [ -1 3.67394039744206e-16 0 32 ] [ 0 0 -1 -16 ] 0 1 1
( -2016 384 112 ) ( -2016 256 112 ) ( -1952 192 112 ) trim_band_teal [ -1.8369701987210302e-16 -1.0000000000000002 0 192 ] [ -1.0000000000000002 1.8369701987210302e-16 0 96 ] 90 1 1
( -1952 192 120 ) ( -2016 256 120 ) ( -2016 384 120 ) trim_band_teal [ -1.8369701987210302e-16 -1.0000000000000002 0 192 ] [ -1.0000000000000002 1.8369701987210302e-16 0 96 ] 90 1 1
( -1952 192 176 ) ( -1952 448 176 ) ( -1952 448 112 ) trim_band_teal [ -1.8369701987210302e-16 -1.0000000000000002 0 192 ] [ 0 0 1.0000000000000002 -88 ] 0 1 1
}
}
