// entity 0
{
"classname" "func_group"
// brush 0
{
( 96 1344 160 ) ( 64 1280 224 ) ( 64 1280 160 ) 64_cyan_2 [ -0.447213595499958 -0.894427190999916 0 0 ] [ -0 0 -1 0 ] 0 1 1
( 160 1280 144 ) ( 192 1280 208 ) ( 192 1280 144 ) 64_cyan_2 [ 1 0 -0 0 ] [ 0 -0 -1 0 ] 0 1 1
( 64 1152 128 ) ( 64.50000000000001 1152 128 ) ( 64 1152.5 128 ) 64_cyan_2 [ -1 0 0 0 ] [ -0 -1 -0 0 ] 0 1 1
( 320 1408 160 ) ( 320 1408.5 160 ) ( 320.49999999999994 1408 160 ) 64_cyan_2 [ 1 0 0 0 ] [ 0 -1 0 0 ] 0 1 1
( 264 1168 144 ) ( 192 1280 208 ) ( 192 1280 144 ) 64_cyan_2 [ -0.5407575913134988 0.8411784753765537 0 0 ] [ 0 0 -1 0 ] 0 1 1
}
// brush 1
{
( 120 1168 144 ) ( 192 1280 144 ) ( 192 1280 208 ) 64_cyan_2 [ -0.5407575913134988 -0.8411784753765537 0 0 ] [ -0 0 -1 0 ] 0 1 1
( 160 1280 144 ) ( 192 1280 208 ) ( 192 1280 144 ) 64_cyan_2 [ 1 0 -0 0 ] [ 0 -0 -1 0 ] 0 1 1
( 64 1152 128 ) ( 64.50000000000001 1152 128 ) ( 64 1152.5 128 ) 64_cyan_2 [ -1 0 0 0 ] [ -0 -1 -0 0 ] 0 1 1
( 320 1408 160 ) ( 320 1408.5 160 ) ( 320.49999999999994 1408 160 ) 64_cyan_2 [ 1 0 0 0 ] [ 0 -1 0 0 ] 0 1 1
( 320 1280 160 ) ( 288 1344 224 ) ( 288 1344 160 ) 64_cyan_2 [ -0.447213595499958 0.894427190999916 0 0 ] [ 0 0 -1 0 ] 0 1 1
}
// brush 2
{
( 64 1280 160 ) ( 96 1216 224 ) ( 96 1216 160 ) 64_cyan_2 [ 0.447213595499958 -0.894427190999916 0 0 ] [ 0 -0 -1 0 ] 0 1 1
( 64 1152 128 ) ( 64.50000000000001 1152 128 ) ( 64 1152.5 128 ) 64_cyan_2 [ -1 0 0 0 ] [ -0 -1 -0 0 ] 0 1 1
( 320 1408 160 ) ( 320 1408.5 160 ) ( 320.49999999999994 1408 160 ) 64_cyan_2 [ 1 0 0 0 ] [ 0 -1 0 0 ] 0 1 1
( 160 1280 144 ) ( 192 1280 144 ) ( 192 1280 208 ) 64_cyan_2 [ -1 0 0 0 ] [ 0 0 -1 0 ] 0 1 1
( 120 1168 144 ) ( 192 1280 208 ) ( 192 1280 144 ) 64_cyan_2 [ 0.5407575913134988 0.8411784753765537 -0 0 ] [ 0 -0 -1 0 ] 0 1 1
}
// brush 3
{
( 264 1168 144 ) ( 192 1280 144 ) ( 192 1280 208 ) 64_cyan_2 [ 0.5407575913134988 -0.8411784753765537 0 0 ] [ 0 -0 -1 0 ] 0 1 1
( 64 1152 128 ) ( 64.50000000000001 1152 128 ) ( 64 1152.5 128 ) 64_cyan_2 [ -1 0 0 0 ] [ -0 -1 -0 0 ] 0 1 1
( 320 1408 160 ) ( 320 1408.5 160 ) ( 320.49999999999994 1408 160 ) 64_cyan_2 [ 1 0 0 0 ] [ 0 -1 0 0 ] 0 1 1
( 320 1392 160 ) ( 320.49999999999994 1392 160 ) ( 320 1392 160.5 ) 64_cyan_2 [ -1 0 0 0 ] [ 0 0 -1 0 ] 0 1 1
( 120 1168 144 ) ( 192 1280 208 ) ( 192 1280 144 ) 64_cyan_2 [ 0.5407575913134988 0.8411784753765537 -0 0 ] [ 0 -0 -1 0 ] 0 1 1
}
// brush 4
{
( 120 1168 144 ) ( 192 1280 144 ) ( 192 1280 208 ) 64_cyan_2 [ -0.5407575913134988 -0.8411784753765537 0 0 ] [ -0 0 -1 0 ] 0 1 1
( 64 1168 128 ) ( 64 1168 128.5 ) ( 64.50000000000001 1168 128 ) 64_cyan_2 [ 1 0 -0 0 ] [ 0 -0 -1 0 ] 0 1 1
( 64 1152 128 ) ( 64.50000000000001 1152 128 ) ( 64 1152.5 128 ) 64_cyan_2 [ -1 0 0 0 ] [ -0 -1 -0 0 ] 0 1 1
( 320 1408 160 ) ( 320 1408.5 160 ) ( 320.49999999999994 1408 160 ) 64_cyan_2 [ 1 0 0 0 ] [ 0 -1 0 0 ] 0 1 1
( 264 1168 144 ) ( 192 1280 208 ) ( 192 1280 144 ) 64_cyan_2 [ -0.5407575913134988 0.8411784753765537 0 0 ] [ 0 0 -1 0 ] 0 1 1
}
// brush 5
{
( 264 1168 144 ) ( 192 1280 144 ) ( 192 1280 208 ) 64_cyan_2 [ 0.5407575913134988 -0.8411784753765537 0 0 ] [ 0 -0 -1 0 ] 0 1 1
( 64 1152 128 ) ( 64.50000000000001 1152 128 ) ( 64 1152.5 128 ) 64_cyan_2 [ -1 0 0 0 ] [ -0 -1 -0 0 ] 0 1 1
( 320 1408 160 ) ( 320 1408.5 160 ) ( 320.49999999999994 1408 160 ) 64_cyan_2 [ 1 0 0 0 ] [ 0 -1 0 0 ] 0 1 1
( 160 1280 144 ) ( 192 1280 144 ) ( 192 1280 208 ) 64_cyan_2 [ -1 0 0 0 ] [ 0 0 -1 0 ] 0 1 1
( 320 1280 160 ) ( 288 1216 160 ) ( 288 1216 224 ) 64_cyan_2 [ 0.447213595499958 0.894427190999916 -0 0 ] [ 0 -0 -1 0 ] 0 1 1
}
}
