// entity 0
{
"classname" "func_detail"
// brush 0
{
( 2992 464 0 ) ( 2928 576 0 ) ( 2928 576 32 ) 64_cyan_2 [ 0.49613893835683387 -0.8682431421244593 0 0 ] [ 0 -0 -1 0 ] 0 1 1
( 2992 464 0 ) ( 3040 576 0 ) ( 2928 576 0 ) 64_cyan_2 [ 1 0 0 16 ] [ 0 -1 0 0 ] 0 1 1
( 2928 576 32 ) ( 3040 576 32 ) ( 2992 464 32 ) 64_cyan_2 [ 1 0 0 16 ] [ 0 -1 0 0 ] 0 1 1
( 3040 576 0 ) ( 3040 576 32 ) ( 2928 576 32 ) 64_cyan_2 [ -1 0 0 0 ] [ -0 0 -1 0 ] 0 1 1
( 2992 464 32 ) ( 3040 576 32 ) ( 3040 576 0 ) trim_band_teal [ 0.39391929857916774 0.9191450300180578 0 10.050659 ] [ 0 0 -1 -352 ] 0 0.967981 1
}
// brush 1
{
( 2928 576 32 ) ( 2864 464 32 ) ( 2864 464 0 ) 64_cyan_2 [ -0.49613893835683387 -0.8682431421244593 0 0 ] [ -0 0 -1 0 ] 0 1 1
( 2864 464 32 ) ( 2992 464 32 ) ( 2992 464 0 ) trim_band_teal [ 1 0 -0 -398.7358 ] [ 0 -0 -1 -352 ] 0 0.967981 1
( 2864 464 0 ) ( 2992 464 0 ) ( 2928 576 0 ) 64_cyan_2 [ 1 0 0 16 ] [ 0 -1 0 0 ] 0 1 1
( 2928 576 32 ) ( 2992 464 32 ) ( 2864 464 32 ) 64_cyan_2 [ 1 0 0 16 ] [ 0 -1 0 0 ] 0 1 1
( 2992 464 0 ) ( 2992 464 32 ) ( 2928 576 32 ) 64_cyan_2 [ -0.49613893835683387 0.8682431421244593 0 0 ] [ -0 0 -1 0 ] 0 1 1
}
// brush 2
{
( 2864 464 0 ) ( 2816 576 0 ) ( 2816 576 32 ) trim_band_teal [ 0.39391929857916785 -0.9191450300180574 0 -468.9126 ] [ 0 0 -0.9999999999999997 -352 ] 0 0.967981 1
( 2864 464 0 ) ( 2928 576 0 ) ( 2816 576 0 ) 64_cyan_2 [ 1 0 0 16 ] [ 0 -1 0 0 ] 0 1 1
( 2816 576 32 ) ( 2928 576 32 ) ( 2864 464 32 ) 64_cyan_2 [ 1 0 0 16 ] [ 0 -1 0 0 ] 0 1 1
( 2928 576 0 ) ( 2928 576 32 ) ( 2816 576 32 ) 64_cyan_2 [ -1 0 0 0 ] [ -0 0 -1 0 ] 0 1 1
( 2864 464 32 ) ( 2928 576 32 ) ( 2928 576 0 ) 64_cyan_2 [ 0.49613893835683387 0.8682431421244593 -0 0 ] [ 0 -0 -1 0 ] 0 1 1
}
// brush 3
{
( 2864 688 32 ) ( 2816 576 32 ) ( 2816 576 0 ) trim_band_teal [ -0.3939192985791676 -0.9191450300180577 0 -224.97351 ] [ 0 0 -0.9999999999999998 -352 ] 0 0.967981 1
( 2816 576 32 ) ( 2928 576 32 ) ( 2928 576 0 ) 64_cyan_2 [ 1 0 -0 0 ] [ 0 -0 -1 0 ] 0 1 1
( 2816 576 0 ) ( 2928 576 0 ) ( 2864 688 0 ) 64_cyan_2 [ 1 0 0 16 ] [ 0 -1 0 0 ] 0 1 1
( 2864 688 32 ) ( 2928 576 32 ) ( 2816 576 32 ) 64_cyan_2 [ 1 0 0 16 ] [ 0 -1 0 0 ] 0 1 1
( 2928 576 0 ) ( 2928 576 32 ) ( 2864 688 32 ) 64_cyan_2 [ -0.49613893835683387 0.8682431421244593 0 0 ] [ -0 0 -1 0 ] 0 1 1
}
// brush 4
{
( 2928 576 0 ) ( 2864 688 0 ) ( 2864 688 32 ) 64_cyan_2 [ 0.49613893835683387 -0.8682431421244593 0 0 ] [ 0 -0 -1 0 ] 0 1 1
( 2928 576 0 ) ( 2992 688 0 ) ( 2864 688 0 ) 64_cyan_2 [ 1 0 0 16 ] [ 0 -1 0 0 ] 0 1 1
( 2864 688 32 ) ( 2992 688 32 ) ( 2928 576 32 ) 64_cyan_2 [ 1 0 0 16 ] [ 0 -1 0 0 ] 0 1 1
( 2992 688 0 ) ( 2992 688 32 ) ( 2864 688 32 ) trim_band_teal [ -0.9999999999999998 0 0 402.96973 ] [ 0 0 -0.9999999999999998 -352 ] 0 0.967981 1
( 2928 576 32 ) ( 2992 688 32 ) ( 2992 688 0 ) 64_cyan_2 [ 0.49613893835683387 0.8682431421244593 -0 0 ] [ 0 -0 -1 0 ] 0 1 1
}
// brush 5
{
( 2992 688 32 ) ( 2928 576 32 ) ( 2928 576 0 ) 64_cyan_2 [ -0.49613893835683387 -0.8682431421244593 0 0 ] [ -0 0 -1 0 ] 0 1 1
( 2928 576 32 ) ( 3040 576 32 ) ( 3040 576 0 ) 64_cyan_2 [ 1 0 -0 0 ] [ 0 -0 -1 0 ] 0 1 1
( 2928 576 0 ) ( 3040 576 0 ) ( 2992 688 0 ) 64_cyan_2 [ 1 0 0 16 ] [ 0 -1 0 0 ] 0 1 1
( 2992 688 32 ) ( 3040 576 32 ) ( 2928 576 32 ) 64_cyan_2 [ 1 0 0 16 ] [ 0 -1 0 0 ] 0 1 1
( 3040 576 0 ) ( 3040 576 32 ) ( 2992 688 32 ) trim_band_teal [ -0.39391929857916774 0.9191450300180577 0 436.30322 ] [ 0 0 -0.9999999999999999 -352 ] 0 0.967981 1
}
}
