// entity 0
{
"classname" "func_detail"
// brush 0
{
( 3648 448 0 ) ( 3520 704 0 ) ( 3520 704 128 ) 64_cyan_2 [ 0.447213595499958 -0.894427190999916 0 0 ] [ 0 -0 -1 0 ] 0 1 1
( 3456 448 0 ) ( 3457 448 0 ) ( 3456 449 0 ) 64_cyan_2 [ -1 0 0 0 ] [ -0 -1 -0 0 ] 0 1 1
( 3712 704 32 ) ( 3712 705 32 ) ( 3713 704 32 ) 64_cyan_2 [ 1 0 0 0 ] [ 0 -1 0 0 ] 0 1 1
( 3456 576 0 ) ( 3712 576 0 ) ( 3712 576 128 ) 64_cyan_2 [ -1 0 0 0 ] [ 0 0 -1 0 ] 0 1 1
( 3648 448 0 ) ( 3712 576 128 ) ( 3712 576 0 ) trim_band_teal [ 0.44721359549995804 0.894427190999916 0 26.76587 ] [ 0 0 -1 -352 ] 0 1.078689 1
}
// brush 1
{
( 3648 704 0 ) ( 3520 448 128 ) ( 3520 448 0 ) 64_cyan_2 [ -0.447213595499958 -0.894427190999916 0 0 ] [ -0 0 -1 0 ] 0 1 1
( 3456 448 0 ) ( 3456 448 1 ) ( 3457 448 0 ) trim_band_teal [ 1 0 -0 64.77949 ] [ 0 -0 -1 -352 ] 0 1.078689 1
( 3456 448 0 ) ( 3457 448 0 ) ( 3456 449 0 ) 64_cyan_2 [ -1 0 0 0 ] [ -0 -1 -0 0 ] 0 1 1
( 3712 704 32 ) ( 3712 705 32 ) ( 3713 704 32 ) 64_cyan_2 [ 1 0 0 0 ] [ 0 -1 0 0 ] 0 1 1
( 3648 448 0 ) ( 3520 704 128 ) ( 3520 704 0 ) 64_cyan_2 [ -0.447213595499958 0.894427190999916 0 0 ] [ 0 0 -1 0 ] 0 1 1
}
// brush 2
{
( 3456 576 0 ) ( 3520 448 128 ) ( 3520 448 0 ) trim_band_teal [ 0.4472135954999579 -0.8944271909999162 0 -63.88379 ] [ 0 0 -1 -352 ] 0 1.078689 1
( 3456 448 0 ) ( 3457 448 0 ) ( 3456 449 0 ) 64_cyan_2 [ -1 0 0 0 ] [ -0 -1 -0 0 ] 0 1 1
( 3712 704 32 ) ( 3712 705 32 ) ( 3713 704 32 ) 64_cyan_2 [ 1 0 0 0 ] [ 0 -1 0 0 ] 0 1 1
( 3456 576 0 ) ( 3712 576 0 ) ( 3712 576 128 ) 64_cyan_2 [ -1 0 0 0 ] [ 0 0 -1 0 ] 0 1 1
( 3648 704 0 ) ( 3520 448 0 ) ( 3520 448 128 ) 64_cyan_2 [ 0.447213595499958 0.894427190999916 -0 0 ] [ 0 -0 -1 0 ] 0 1 1
}
// brush 3
{
( 3456 576 0 ) ( 3520 704 0 ) ( 3520 704 128 ) trim_band_teal [ -0.4472135954999582 -0.894427190999916 0 -270.23816 ] [ 0 0 -1 -352 ] 0 1.078689 1
( 3456 576 0 ) ( 3712 576 128 ) ( 3712 576 0 ) 64_cyan_2 [ 1 0 -0 0 ] [ 0 -0 -1 0 ] 0 1 1
( 3456 448 0 ) ( 3457 448 0 ) ( 3456 449 0 ) 64_cyan_2 [ -1 0 0 0 ] [ -0 -1 -0 0 ] 0 1 1
( 3712 704 32 ) ( 3712 705 32 ) ( 3713 704 32 ) 64_cyan_2 [ 1 0 0 0 ] [ 0 -1 0 0 ] 0 1 1
( 3648 448 0 ) ( 3520 704 128 ) ( 3520 704 0 ) 64_cyan_2 [ -0.447213595499958 0.894427190999916 0 0 ] [ 0 0 -1 0 ] 0 1 1
}
// brush 4
{
( 3648 448 0 ) ( 3520 704 0 ) ( 3520 704 128 ) 64_cyan_2 [ 0.447213595499958 -0.894427190999916 0 0 ] [ 0 -0 -1 0 ] 0 1 1
( 3456 448 0 ) ( 3457 448 0 ) ( 3456 449 0 ) 64_cyan_2 [ -1 0 0 0 ] [ -0 -1 -0 0 ] 0 1 1
( 3712 704 32 ) ( 3712 705 32 ) ( 3713 704 32 ) 64_cyan_2 [ 1 0 0 0 ] [ 0 -1 0 0 ] 0 1 1
( 3712 704 64 ) ( 3713 704 64 ) ( 3712 704 65 ) trim_band_teal [ -1 1.1102230246251565e-16 0 437.88306 ] [ 0 0 -1 -352 ] 0 1.078689 1
( 3648 704 0 ) ( 3520 448 0 ) ( 3520 448 128 ) 64_cyan_2 [ 0.447213595499958 0.894427190999916 -0 0 ] [ 0 -0 -1 0 ] 0 1 1
}
// brush 5
{
( 3648 704 0 ) ( 3520 448 128 ) ( 3520 448 0 ) 64_cyan_2 [ -0.447213595499958 -0.894427190999916 0 0 ] [ -0 0 -1 0 ] 0 1 1
( 3456 576 0 ) ( 3712 576 128 ) ( 3712 576 0 ) 64_cyan_2 [ 1 0 -0 0 ] [ 0 -0 -1 0 ] 0 1 1
( 3456 448 0 ) ( 3457 448 0 ) ( 3456 449 0 ) 64_cyan_2 [ -1 0 0 0 ] [ -0 -1 -0 0 ] 0 1 1
( 3712 704 32 ) ( 3712 705 32 ) ( 3713 704 32 ) 64_cyan_2 [ 1 0 0 0 ] [ 0 -1 0 0 ] 0 1 1
( 3712 576 0 ) ( 3648 704 128 ) ( 3648 704 0 ) trim_band_teal [ -0.447213595499958 0.8944271909999159 0 32.681396 ] [ 0 0 -1 -352 ] 0 1.078689 1
}
}
