// entity 0
{
"classname" "func_group"
// brush 0
{
( 3008 1216 64 ) ( 2944 1088 192 ) ( 2944 1088 64 ) trim_band_teal [ -0.4472135954999582 -0.894427190999916 0 -366.79883 ] [ 0 0 -1 160 ] 0 0.9861 1
( 3136 1088 32 ) ( 3200 1088 160 ) ( 3200 1088 32 ) 64_cyan_3 [ 1 0 0 0 ] [ 0 0 -1 0 ] 0 1 1
( 2944 832 0 ) ( 2945 832 0 ) ( 2944 833 0 ) 64_cyan_3 [ -1 0 0 0 ] [ 0 -1 0 0 ] 0 1 1
( 3456 1344 32 ) ( 3456 1345 32 ) ( 3457 1344 32 ) 64_cyan_3 [ 1 0 0 0 ] [ 0 -1 0 0 ] 0 1 1
( 3344 864 32 ) ( 3200 1088 160 ) ( 3200 1088 32 ) 64_cyan_3 [ -0.5407575913134988 0.8411784753765537 0 -3.8948975 ] [ 0 0 -1 0 ] 0 1 1
}
// brush 1
{
( 3056 864 32 ) ( 3200 1088 32 ) ( 3200 1088 160 ) 64_cyan_3 [ -0.5407575913134988 -0.8411784753765537 0 -6.9074707 ] [ 0 0 -1 0 ] 0 1 1
( 3136 1088 32 ) ( 3200 1088 160 ) ( 3200 1088 32 ) 64_cyan_3 [ 1 0 0 0 ] [ 0 0 -1 0 ] 0 1 1
( 2944 832 0 ) ( 2945 832 0 ) ( 2944 833 0 ) 64_cyan_3 [ -1 0 0 0 ] [ 0 -1 0 0 ] 0 1 1
( 3456 1344 32 ) ( 3456 1345 32 ) ( 3457 1344 32 ) 64_cyan_3 [ 1 0 0 0 ] [ 0 -1 0 0 ] 0 1 1
( 3456 1088 64 ) ( 3392 1216 192 ) ( 3392 1216 64 ) trim_band_teal [ -0.447213595499958 0.8944271909999159 0 -348.30502 ] [ 0 0 -1 160 ] 0 0.9861 1
}
// brush 2
{
( 2944 1088 64 ) ( 3008 960 192 ) ( 3008 960 64 ) trim_band_teal [ 0.4472135954999579 -0.8944271909999162 0 34.890198 ] [ 0 0 -1 160 ] 0 0.9861 1
( 2944 832 0 ) ( 2945 832 0 ) ( 2944 833 0 ) 64_cyan_3 [ -1 0 0 0 ] [ 0 -1 0 0 ] 0 1 1
( 3456 1344 32 ) ( 3456 1345 32 ) ( 3457 1344 32 ) 64_cyan_3 [ 1 0 0 0 ] [ 0 -1 0 0 ] 0 1 1
( 3136 1088 32 ) ( 3200 1088 32 ) ( 3200 1088 160 ) 64_cyan_3 [ -1 0 0 0 ] [ 0 0 -1 0 ] 0 1 1
( 3056 864 32 ) ( 3200 1088 160 ) ( 3200 1088 32 ) 64_cyan_3 [ 0.5407575913134988 0.8411784753765537 0 6.9072266 ] [ 0 0 -1 0 ] 0 1 1
}
// brush 3
{
( 3344 864 32 ) ( 3200 1088 32 ) ( 3200 1088 160 ) 64_cyan_3 [ 0.5407575913134988 -0.8411784753765537 0 3.8948975 ] [ 0 0 -1 0 ] 0 1 1
( 2944 832 0 ) ( 2945 832 0 ) ( 2944 833 0 ) 64_cyan_3 [ -1 0 0 0 ] [ 0 -1 0 0 ] 0 1 1
( 3456 1344 32 ) ( 3456 1345 32 ) ( 3457 1344 32 ) 64_cyan_3 [ 1 0 0 0 ] [ 0 -1 0 0 ] 0 1 1
( 3456 1312 64 ) ( 3457 1312 64 ) ( 3456 1312 65 ) trim_band_teal [ -1 1.1102230246251565e-16 0 -355.70093 ] [ 0 0 -1 160 ] 0 0.9861 1
( 3056 864 32 ) ( 3200 1088 160 ) ( 3200 1088 32 ) 64_cyan_3 [ 0.5407575913134988 0.8411784753765537 0 6.9074707 ] [ 0 0 -1 0 ] 0 1 1
}
// brush 4
{
( 3056 864 32 ) ( 3200 1088 32 ) ( 3200 1088 160 ) 64_cyan_3 [ -0.5407575913134988 -0.8411784753765537 0 -6.9072266 ] [ 0 0 -1 0 ] 0 1 1
( 2944 864 0 ) ( 2944 864 1 ) ( 2945 864 0 ) trim_band_teal [ 1 0 0 34.08618 ] [ 0 0 -1 160 ] 0 0.9861 1
( 2944 832 0 ) ( 2945 832 0 ) ( 2944 833 0 ) 64_cyan_3 [ -1 0 0 0 ] [ 0 -1 0 0 ] 0 1 1
( 3456 1344 32 ) ( 3456 1345 32 ) ( 3457 1344 32 ) 64_cyan_3 [ 1 0 0 0 ] [ 0 -1 0 0 ] 0 1 1
( 3344 864 32 ) ( 3200 1088 160 ) ( 3200 1088 32 ) 64_cyan_3 [ -0.5407575913134988 0.8411784753765537 0 -3.8948975 ] [ 0 0 -1 0 ] 0 1 1
}
// brush 5
{
( 3344 864 32 ) ( 3200 1088 32 ) ( 3200 1088 160 ) 64_cyan_3 [ 0.5407575913134988 -0.8411784753765537 0 3.8948975 ] [ 0 0 -1 0 ] 0 1 1
( 2944 832 0 ) ( 2945 832 0 ) ( 2944 833 0 ) 64_cyan_3 [ -1 0 0 0 ] [ 0 -1 0 0 ] 0 1 1
( 3456 1344 32 ) ( 3456 1345 32 ) ( 3457 1344 32 ) 64_cyan_3 [ 1 0 0 0 ] [ 0 -1 0 0 ] 0 1 1
( 3136 1088 32 ) ( 3200 1088 32 ) ( 3200 1088 160 ) 64_cyan_3 [ -1 0 0 0 ] [ 0 0 -1 0 ] 0 1 1
( 3456 1088 64 ) ( 3392 960 64 ) ( 3392 960 192 ) trim_band_teal [ 0.44721359549995804 0.894427190999916 0 100.98218 ] [ 0 0 -1 160 ] 0 0.9861 1
}
}
