// entity 0
{
"classname" "func_detail"
// brush 0
{
( 2560 688 32 ) ( 2688 464 160 ) ( 2688 464 32 ) 64_cyan_2 [ 0.49613893835683387 -0.8682431421244593 0 0 ] [ 0 -0 -1 0 ] 0 1 1
( 2688 464 0 ) ( 2752 576 0 ) ( 2688 688 0 ) 64_cyan_2 [ -1 0 0 0 ] [ -0 -1 -0 0 ] 0 1 1
( 2688 688 32 ) ( 2752 576 32 ) ( 2688 464 32 ) 64_cyan_2 [ 1 0 0 0 ] [ 0 -1 0 0 ] 0 1 1
( 2752 576 32 ) ( 2512 576 160 ) ( 2512 576 32 ) 64_cyan_2 [ -1 0 0 0 ] [ 0 0 -1 0 ] 0 1 1
( 2688 464 64 ) ( 2752 576 64 ) ( 2752 576 0 ) trim_band_teal [ 0.49613893835683387 0.8682431421244591 0 447.8155 ] [ 0 0 -0.9999999999999999 -352 ] 0 1.005188 1
}
// brush 1
{
( 2560 464 32 ) ( 2688 688 32 ) ( 2688 688 160 ) 64_cyan_2 [ -0.49613893835683387 -0.8682431421244593 0 0 ] [ -0 0 -1 0 ] 0 1 1
( 2560 464 64 ) ( 2688 464 64 ) ( 2688 464 0 ) trim_band_teal [ 1 0 -0 13.212703 ] [ 0 -0 -1 -352 ] 0 1.005188 1
( 2688 464 0 ) ( 2752 576 0 ) ( 2688 688 0 ) 64_cyan_2 [ -1 0 0 0 ] [ -0 -1 -0 0 ] 0 1 1
( 2688 688 32 ) ( 2752 576 32 ) ( 2688 464 32 ) 64_cyan_2 [ 1 0 0 0 ] [ 0 -1 0 0 ] 0 1 1
( 2560 688 32 ) ( 2688 464 32 ) ( 2688 464 160 ) 64_cyan_2 [ -0.49613893835683387 0.8682431421244593 0 0 ] [ 0 0 -1 0 ] 0 1 1
}
// brush 2
{
( 2560 464 0 ) ( 2496 576 0 ) ( 2496 576 64 ) trim_band_teal [ 0.49613893835683304 -0.8682431421244594 0 -94.77466 ] [ 0 0 -0.9999999999999998 -352 ] 0 1.005188 1
( 2688 464 0 ) ( 2752 576 0 ) ( 2688 688 0 ) 64_cyan_2 [ -1 0 0 0 ] [ -0 -1 -0 0 ] 0 1 1
( 2688 688 32 ) ( 2752 576 32 ) ( 2688 464 32 ) 64_cyan_2 [ 1 0 0 0 ] [ 0 -1 0 0 ] 0 1 1
( 2752 576 32 ) ( 2512 576 160 ) ( 2512 576 32 ) 64_cyan_2 [ -1 0 0 0 ] [ 0 0 -1 0 ] 0 1 1
( 2560 464 32 ) ( 2688 688 160 ) ( 2688 688 32 ) 64_cyan_2 [ 0.49613893835683387 0.8682431421244593 -0 0 ] [ 0 -0 -1 0 ] 0 1 1
}
// brush 3
{
( 2560 688 0 ) ( 2560 688 64 ) ( 2496 576 64 ) trim_band_teal [ -0.4961389383568341 -0.8682431421244587 0 -190.83203 ] [ 0 0 -0.9999999999999998 -352 ] 0 1.005188 1
( 2752 576 32 ) ( 2512 576 32 ) ( 2512 576 160 ) 64_cyan_2 [ 1 0 -0 0 ] [ 0 -0 -1 0 ] 0 1 1
( 2688 464 0 ) ( 2752 576 0 ) ( 2688 688 0 ) 64_cyan_2 [ -1 0 0 0 ] [ -0 -1 -0 0 ] 0 1 1
( 2688 688 32 ) ( 2752 576 32 ) ( 2688 464 32 ) 64_cyan_2 [ 1 0 0 0 ] [ 0 -1 0 0 ] 0 1 1
( 2560 688 32 ) ( 2688 464 32 ) ( 2688 464 160 ) 64_cyan_2 [ -0.49613893835683387 0.8682431421244593 0 0 ] [ 0 0 -1 0 ] 0 1 1
}
// brush 4
{
( 2560 688 32 ) ( 2688 464 160 ) ( 2688 464 32 ) 64_cyan_2 [ 0.49613893835683387 -0.8682431421244593 0 0 ] [ 0 -0 -1 0 ] 0 1 1
( 2688 464 0 ) ( 2752 576 0 ) ( 2688 688 0 ) 64_cyan_2 [ -1 0 0 0 ] [ -0 -1 -0 0 ] 0 1 1
( 2688 688 32 ) ( 2752 576 32 ) ( 2688 464 32 ) 64_cyan_2 [ 1 0 0 0 ] [ 0 -1 0 0 ] 0 1 1
( 2688 688 0 ) ( 2688 688 64 ) ( 2560 688 64 ) trim_band_teal [ -0.9999999999999998 3.885780586188048e-16 0 498.1267 ] [ 0 0 -0.9999999999999999 -352 ] 0 1.005188 1
( 2560 464 32 ) ( 2688 688 160 ) ( 2688 688 32 ) 64_cyan_2 [ 0.49613893835683387 0.8682431421244593 -0 0 ] [ 0 -0 -1 0 ] 0 1 1
}
// brush 5
{
( 2560 464 32 ) ( 2688 688 32 ) ( 2688 688 160 ) 64_cyan_2 [ -0.49613893835683387 -0.8682431421244593 0 0 ] [ -0 0 -1 0 ] 0 1 1
( 2752 576 32 ) ( 2512 576 32 ) ( 2512 576 160 ) 64_cyan_2 [ 1 0 -0 0 ] [ 0 -0 -1 0 ] 0 1 1
( 2688 464 0 ) ( 2752 576 0 ) ( 2688 688 0 ) 64_cyan_2 [ -1 0 0 0 ] [ -0 -1 -0 0 ] 0 1 1
( 2688 688 32 ) ( 2752 576 32 ) ( 2688 464 32 ) 64_cyan_2 [ 1 0 0 0 ] [ 0 -1 0 0 ] 0 1 1
( 2752 576 0 ) ( 2752 576 64 ) ( 2688 688 64 ) trim_band_teal [ -0.49613893835683354 0.8682431421244594 0 92.470215 ] [ 0 0 -1 -352 ] 0 1.005188 1
}
}
