// entity 0
{
"classname" "func_group"
// brush 0
{
( 144 1312 232 ) ( 128 1280 264 ) ( 128 1280 232 ) 64_cyan_3 [ -0.447213595499958 -0.894427190999916 0 0 ] [ -0 0 -1 0 ] 0 1 1
( 176 1280 224 ) ( 192 1280 256 ) ( 192 1280 224 ) 64_cyan_3 [ 1 0 -0 0 ] [ 0 -0 -1 0 ] 0 1 1
( 128 1216 192 ) ( 128.25 1216 192 ) ( 128 1216.25 192 ) 64_cyan_3 [ -1 0 0 0 ] [ -0 -1 -0 0 ] 0 1 1
( 256 1344 224 ) ( 256 1344.25 224 ) ( 256.24999999999994 1344 224 ) 64_cyan_3 [ 1 0 0 0 ] [ 0 -1 0 0 ] 0 1 1
( 228 1224 224 ) ( 192 1280 256 ) ( 192 1280 224 ) 64_cyan_3 [ -0.5407575913134988 0.8411784753765537 0 0 ] [ 0 0 -1 0 ] 0 1 1
}
// brush 1
{
( 156 1224 224 ) ( 192 1280 224 ) ( 192 1280 256 ) 64_cyan_3 [ -0.5407575913134988 -0.8411784753765537 0 0 ] [ -0 0 -1 0 ] 0 1 1
( 176 1280 224 ) ( 192 1280 256 ) ( 192 1280 224 ) 64_cyan_3 [ 1 0 -0 0 ] [ 0 -0 -1 0 ] 0 1 1
( 128 1216 192 ) ( 128.25 1216 192 ) ( 128 1216.25 192 ) 64_cyan_3 [ -1 0 0 0 ] [ -0 -1 -0 0 ] 0 1 1
( 256 1344 224 ) ( 256 1344.25 224 ) ( 256.24999999999994 1344 224 ) 64_cyan_3 [ 1 0 0 0 ] [ 0 -1 0 0 ] 0 1 1
( 256 1280 232 ) ( 240 1312 264 ) ( 240 1312 232 ) 64_cyan_3 [ -0.447213595499958 0.894427190999916 0 0 ] [ 0 0 -1 0 ] 0 1 1
}
// brush 2
{
( 128 1280 232 ) ( 144 1248 264 ) ( 144 1248 232 ) 64_cyan_3 [ 0.447213595499958 -0.894427190999916 0 0 ] [ 0 -0 -1 0 ] 0 1 1
( 128 1216 192 ) ( 128.25 1216 192 ) ( 128 1216.25 192 ) 64_cyan_3 [ -1 0 0 0 ] [ -0 -1 -0 0 ] 0 1 1
( 256 1344 224 ) ( 256 1344.25 224 ) ( 256.24999999999994 1344 224 ) 64_cyan_3 [ 1 0 0 0 ] [ 0 -1 0 0 ] 0 1 1
( 176 1280 224 ) ( 192 1280 224 ) ( 192 1280 256 ) 64_cyan_3 [ -1 0 0 0 ] [ 0 0 -1 0 ] 0 1 1
( 156 1224 224 ) ( 192 1280 256 ) ( 192 1280 224 ) 64_cyan_3 [ 0.5407575913134988 0.8411784753765537 -0 0 ] [ 0 -0 -1 0 ] 0 1 1
}
// brush 3
{
( 228 1224 224 ) ( 192 1280 224 ) ( 192 1280 256 ) 64_cyan_3 [ 0.5407575913134988 -0.8411784753765537 0 0 ] [ 0 -0 -1 0 ] 0 1 1
( 128 1216 192 ) ( 128.25 1216 192 ) ( 128 1216.25 192 ) 64_cyan_3 [ -1 0 0 0 ] [ -0 -1 -0 0 ] 0 1 1
( 256 1344 224 ) ( 256 1344.25 224 ) ( 256.24999999999994 1344 224 ) 64_cyan_3 [ 1 0 0 0 ] [ 0 -1 0 0 ] 0 1 1
( 256 1336 232 ) ( 256.24999999999994 1336 232 ) ( 256 1336 232.25 ) 64_cyan_3 [ -1 0 0 0 ] [ 0 0 -1 0 ] 0 1 1
( 156 1224 224 ) ( 192 1280 256 ) ( 192 1280 224 ) 64_cyan_3 [ 0.5407575913134988 0.8411784753765537 -0 0 ] [ 0 -0 -1 0 ] 0 1 1
}
// brush 4
{
( 156 1224 224 ) ( 192 1280 224 ) ( 192 1280 256 ) 64_cyan_3 [ -0.5407575913134988 -0.8411784753765537 0 0 ] [ -0 0 -1 0 ] 0 1 1
( 128 1224 216 ) ( 128 1224 216.25 ) ( 128.25 1224 216 ) 64_cyan_3 [ 1 0 -0 0 ] [ 0 -0 -1 0 ] 0 1 1
( 128 1216 192 ) ( 128.25 1216 192 ) ( 128 1216.25 192 ) 64_cyan_3 [ -1 0 0 0 ] [ -0 -1 -0 0 ] 0 1 1
( 256 1344 224 ) ( 256 1344.25 224 ) ( 256.24999999999994 1344 224 ) 64_cyan_3 [ 1 0 0 0 ] [ 0 -1 0 0 ] 0 1 1
( 228 1224 224 ) ( 192 1280 256 ) ( 192 1280 224 ) 64_cyan_3 [ -0.5407575913134988 0.8411784753765537 0 0 ] [ 0 0 -1 0 ] 0 1 1
}
// brush 5
{
( 228 1224 224 ) ( 192 1280 224 ) ( 192 1280 256 ) 64_cyan_3 [ 0.5407575913134988 -0.8411784753765537 0 0 ] [ 0 -0 -1 0 ] 0 1 1
( 128 1216 192 ) ( 128.25 1216 192 ) ( 128 1216.25 192 ) 64_cyan_3 [ -1 0 0 0 ] [ -0 -1 -0 0 ] 0 1 1
( 256 1344 224 ) ( 256 1344.25 224 ) ( 256.24999999999994 1344 224 ) 64_cyan_3 [ 1 0 0 0 ] [ 0 -1 0 0 ] 0 1 1
( 176 1280 224 ) ( 192 1280 224 ) ( 192 1280 256 ) 64_cyan_3 [ -1 0 0 0 ] [ 0 0 -1 0 ] 0 1 1
( 256 1280 232 ) ( 240 1248 232 ) ( 240 1248 264 ) 64_cyan_3 [ 0.447213595499958 0.894427190999916 -0 0 ] [ 0 -0 -1 0 ] 0 1 1
}
}
