// entity 0
{
"classname" "func_group"
// brush 0
{
( 48 1376 120 ) ( 0 1280 216 ) ( 0 1280 120 ) 64_cyan_1 [ -0.447213595499958 -0.894427190999916 0 0 ] [ -0 0 -1 0 ] 0 1 1
( 144 1280 96 ) ( 192 1280 192 ) ( 192 1280 96 ) 64_cyan_1 [ 1 0 -0 0 ] [ 0 -0 -1 0 ] 0 1 1
( 0 1088 64 ) ( 0.75 1088 64 ) ( 0 1088.75 64 ) 64_cyan_1 [ -1 0 0 0 ] [ -0 -1 -0 0 ] 0 1 1
( 384 1472 96 ) ( 384 1472.75 96 ) ( 384.74999999999994 1472 96 ) 64_cyan_1 [ 1 0 0 0 ] [ 0 -1 0 0 ] 0 1 1
( 300 1112 96 ) ( 192 1280 192 ) ( 192 1280 96 ) 64_cyan_1 [ -0.5407575913134988 0.8411784753765537 0 0 ] [ 0 0 -1 0 ] 0 1 1
}
// brush 1
{
( 84 1112 96 ) ( 192 1280 96 ) ( 192 1280 192 ) 64_cyan_1 [ -0.5407575913134988 -0.8411784753765537 0 0 ] [ -0 0 -1 0 ] 0 1 1
( 144 1280 96 ) ( 192 1280 192 ) ( 192 1280 96 ) 64_cyan_1 [ 1 0 -0 0 ] [ 0 -0 -1 0 ] 0 1 1
( 0 1088 64 ) ( 0.75 1088 64 ) ( 0 1088.75 64 ) 64_cyan_1 [ -1 0 0 0 ] [ -0 -1 -0 0 ] 0 1 1
( 384 1472 96 ) ( 384 1472.75 96 ) ( 384.74999999999994 1472 96 ) 64_cyan_1 [ 1 0 0 0 ] [ 0 -1 0 0 ] 0 1 1
( 384 1280 120 ) ( 336 1376 216 ) ( 336 1376 120 ) 64_cyan_1 [ -0.447213595499958 0.894427190999916 0 0 ] [ 0 0 -1 0 ] 0 1 1
}
// brush 2
{
( 0 1280 120 ) ( 48 1184 216 ) ( 48 1184 120 ) 64_cyan_1 [ 0.447213595499958 -0.894427190999916 0 0 ] [ 0 -0 -1 0 ] 0 1 1
( 0 1088 64 ) ( 0.75 1088 64 ) ( 0 1088.75 64 ) 64_cyan_1 [ -1 0 0 0 ] [ -0 -1 -0 0 ] 0 1 1
( 384 1472 96 ) ( 384 1472.75 96 ) ( 384.74999999999994 1472 96 ) 64_cyan_1 [ 1 0 0 0 ] [ 0 -1 0 0 ] 0 1 1
( 144 1280 96 ) ( 192 1280 96 ) ( 192 1280 192 ) 64_cyan_1 [ -1 0 0 0 ] [ 0 0 -1 0 ] 0 1 1
( 84 1112 96 ) ( 192 1280 192 ) ( 192 1280 96 ) 64_cyan_1 [ 0.5407575913134988 0.8411784753765537 -0 0 ] [ 0 -0 -1 0 ] 0 1 1
}
// brush 3
{
( 300 1112 96 ) ( 192 1280 96 ) ( 192 1280 192 ) 64_cyan_1 [ 0.5407575913134988 -0.8411784753765537 0 0 ] [ 0 -0 -1 0 ] 0 1 1
( 0 1088 64 ) ( 0.75 1088 64 ) ( 0 1088.75 64 ) 64_cyan_1 [ -1 0 0 0 ] [ -0 -1 -0 0 ] 0 1 1
( 384 1472 96 ) ( 384 1472.75 96 ) ( 384.74999999999994 1472 96 ) 64_cyan_1 [ 1 0 0 0 ] [ 0 -1 0 0 ] 0 1 1
( 384 1448 120 ) ( 384.74999999999994 1448 120 ) ( 384 1448 120.75 ) 64_cyan_1 [ -1 0 0 0 ] [ 0 0 -1 0 ] 0 1 1
( 84 1112 96 ) ( 192 1280 192 ) ( 192 1280 96 ) 64_cyan_1 [ 0.5407575913134988 0.8411784753765537 -0 0 ] [ 0 -0 -1 0 ] 0 1 1
}
// brush 4
{
( 84 1112 96 ) ( 192 1280 96 ) ( 192 1280 192 ) 64_cyan_1 [ -0.5407575913134988 -0.8411784753765537 0 0 ] [ -0 0 -1 0 ] 0 1 1
( 0 1112 72 ) ( 0 1112 72.75 ) ( 0.75 1112 72 ) 64_cyan_1 [ 1 0 -0 0 ] [ 0 -0 -1 0 ] 0 1 1
( 0 1088 64 ) ( 0.75 1088 64 ) ( 0 1088.75 64 ) 64_cyan_1 [ -1 0 0 0 ] [ -0 -1 -0 0 ] 0 1 1
( 384 1472 96 ) ( 384 1472.75 96 ) ( 384.74999999999994 1472 96 ) 64_cyan_1 [ 1 0 0 0 ] [ 0 -1 0 0 ] 0 1 1
( 300 1112 96 ) ( 192 1280 192 ) ( 192 1280 96 ) 64_cyan_1 [ -0.5407575913134988 0.8411784753765537 0 0 ] [ 0 0 -1 0 ] 0 1 1
}
// brush 5
{
( 300 1112 96 ) ( 192 1280 96 ) ( 192 1280 192 ) 64_cyan_1 [ 0.5407575913134988 -0.8411784753765537 0 0 ] [ 0 -0 -1 0 ] 0 1 1
( 0 1088 64 ) ( 0.75 1088 64 ) ( 0 1088.75 64 ) 64_cyan_1 [ -1 0 0 0 ] [ -0 -1 -0 0 ] 0 1 1
( 384 1472 96 ) ( 384 1472.75 96 ) ( 384.74999999999994 1472 96 ) 64_cyan_1 [ 1 0 0 0 ] [ 0 -1 0 0 ] 0 1 1
( 144 1280 96 ) ( 192 1280 96 ) ( 192 1280 192 ) 64_cyan_1 [ -1 0 0 0 ] [ 0 0 -1 0 ] 0 1 1
( 384 1280 120 ) ( 336 1184 120 ) ( 336 1184 216 ) 64_cyan_1 [ 0.447213595499958 0.894427190999916 -0 0 ] [ 0 -0 -1 0 ] 0 1 1
}
}
