// entity 0
{
"classname" "func_group"
// brush 0
{
( 24 1392 92 ) ( -32 1280 204 ) ( -32 1280 92 ) 64_cyan_2 [ -0.447213595499958 -0.894427190999916 0 0 ] [ -0 0 -1 0 ] 0 1 1
( 136 1280 64 ) ( 192 1280 176 ) ( 192 1280 64 ) 64_cyan_2 [ 1 0 -0 0 ] [ 0 -0 -1 0 ] 0 1 1
( -32 1056 32 ) ( -31.125 1056 32 ) ( -32 1056.875 32 ) 64_cyan_2 [ -1 0 0 0 ] [ -0 -1 -0 0 ] 0 1 1
( 416 1504 64 ) ( 416 1504.875 64 ) ( 416.875 1504 64 ) 64_cyan_2 [ 1 0 0 0 ] [ 0 -1 0 0 ] 0 1 1
( 318 1084 64 ) ( 192 1280 176 ) ( 192 1280 64 ) 64_cyan_2 [ -0.5407575913134988 0.8411784753765537 0 0 ] [ 0 0 -1 0 ] 0 1 1
}
// brush 1
{
( 66 1084 64 ) ( 192 1280 64 ) ( 192 1280 176 ) 64_cyan_2 [ -0.5407575913134988 -0.8411784753765537 0 0 ] [ -0 0 -1 0 ] 0 1 1
( 136 1280 64 ) ( 192 1280 176 ) ( 192 1280 64 ) 64_cyan_2 [ 1 0 -0 0 ] [ 0 -0 -1 0 ] 0 1 1
( -32 1056 32 ) ( -31.125 1056 32 ) ( -32 1056.875 32 ) 64_cyan_2 [ -1 0 0 0 ] [ -0 -1 -0 0 ] 0 1 1
( 416 1504 64 ) ( 416 1504.875 64 ) ( 416.875 1504 64 ) 64_cyan_2 [ 1 0 0 0 ] [ 0 -1 0 0 ] 0 1 1
( 416 1280 92 ) ( 360 1392 204 ) ( 360 1392 92 ) 64_cyan_2 [ -0.447213595499958 0.894427190999916 0 0 ] [ 0 0 -1 0 ] 0 1 1
}
// brush 2
{
( -32 1280 92 ) ( 24 1168 204 ) ( 24 1168 92 ) 64_cyan_2 [ 0.447213595499958 -0.894427190999916 0 0 ] [ 0 -0 -1 0 ] 0 1 1
( -32 1056 32 ) ( -31.125 1056 32 ) ( -32 1056.875 32 ) 64_cyan_2 [ -1 0 0 0 ] [ -0 -1 -0 0 ] 0 1 1
( 416 1504 64 ) ( 416 1504.875 64 ) ( 416.875 1504 64 ) 64_cyan_2 [ 1 0 0 0 ] [ 0 -1 0 0 ] 0 1 1
( 136 1280 64 ) ( 192 1280 64 ) ( 192 1280 176 ) 64_cyan_2 [ -1 0 0 0 ] [ 0 0 -1 0 ] 0 1 1
( 66 1084 64 ) ( 192 1280 176 ) ( 192 1280 64 ) 64_cyan_2 [ 0.5407575913134988 0.8411784753765537 -0 0 ] [ 0 -0 -1 0 ] 0 1 1
}
// brush 3
{
( 318 1084 64 ) ( 192 1280 64 ) ( 192 1280 176 ) 64_cyan_2 [ 0.5407575913134988 -0.8411784753765537 0 0 ] [ 0 -0 -1 0 ] 0 1 1
( -32 1056 32 ) ( -31.125 1056 32 ) ( -32 1056.875 32 ) 64_cyan_2 [ -1 0 0 0 ] [ -0 -1 -0 0 ] 0 1 1
( 416 1504 64 ) ( 416 1504.875 64 ) ( 416.875 1504 64 ) 64_cyan_2 [ 1 0 0 0 ] [ 0 -1 0 0 ] 0 1 1
( 416 1476 92 ) ( 416.875 1476 92 ) ( 416 1476 92.875 ) 64_cyan_2 [ -1 0 0 0 ] [ 0 0 -1 0 ] 0 1 1
( 66 1084 64 ) ( 192 1280 176 ) ( 192 1280 64 ) 64_cyan_2 [ 0.5407575913134988 0.8411784753765537 -0 0 ] [ 0 -0 -1 0 ] 0 1 1
}
// brush 4
{
( 66 1084 64 ) ( 192 1280 64 ) ( 192 1280 176 ) 64_cyan_2 [ -0.5407575913134988 -0.8411784753765537 0 0 ] [ -0 0 -1 0 ] 0 1 1
( -32 1084 36 ) ( -32 1084 36.875 ) ( -31.125 1084 36 ) 64_cyan_2 [ 1 0 -0 0 ] [ 0 -0 -1 0 ] 0 1 1
( -32 1056 32 ) ( -31.125 1056 32 ) ( -32 1056.875 32 ) 64_cyan_2 [ -1 0 0 0 ] [ -0 -1 -0 0 ] 0 1 1
( 416 1504 64 ) ( 416 1504.875 64 ) ( 416.875 1504 64 ) 64_cyan_2 [ 1 0 0 0 ] [ 0 -1 0 0 ] 0 1 1
( 318 1084 64 ) ( 192 1280 176 ) ( 192 1280 64 ) 64_cyan_2 [ -0.5407575913134988 0.8411784753765537 0 0 ] [ 0 0 -1 0 ] 0 1 1
}
// brush 5
{
( 318 1084 64 ) ( 192 1280 64 ) ( 192 1280 176 ) 64_cyan_2 [ 0.5407575913134988 -0.8411784753765537 0 0 ] [ 0 -0 -1 0 ] 0 1 1
( -32 1056 32 ) ( -31.125 1056 32 ) ( -32 1056.875 32 ) 64_cyan_2 [ -1 0 0 0 ] [ -0 -1 -0 0 ] 0 1 1
( 416 1504 64 ) ( 416 1504.875 64 ) ( 416.875 1504 64 ) 64_cyan_2 [ 1 0 0 0 ] [ 0 -1 0 0 ] 0 1 1
( 136 1280 64 ) ( 192 1280 64 ) ( 192 1280 176 ) 64_cyan_2 [ -1 0 0 0 ] [ 0 0 -1 0 ] 0 1 1
( 416 1280 92 ) ( 360 1168 92 ) ( 360 1168 204 ) 64_cyan_2 [ 0.447213595499958 0.894427190999916 -0 0 ] [ 0 -0 -1 0 ] 0 1 1
}
}
