// entity 0
{
"classname" "func_group"
// brush 0
{
( 0 1408 64 ) ( -64 1280 192 ) ( -64 1280 64 ) 64_cyan_3 [ -0.447213595499958 -0.894427190999916 0 0 ] [ -0 0 -1 0 ] 0 1 1
( 128 1280 32 ) ( 192 1280 160 ) ( 192 1280 32 ) 64_cyan_3 [ 1 0 -0 0 ] [ 0 -0 -1 0 ] 0 1 1
( -64 1024 0 ) ( -63 1024 0 ) ( -64 1025 0 ) 64_cyan_3 [ -1 0 0 0 ] [ -0 -1 -0 0 ] 0 1 1
( 448 1536 32 ) ( 448 1537 32 ) ( 449 1536 32 ) 64_cyan_3 [ 1 0 0 0 ] [ 0 -1 0 0 ] 0 1 1
( 336 1056 32 ) ( 192 1280 160 ) ( 192 1280 32 ) 64_cyan_3 [ -0.5407575913134988 0.8411784753765537 0 0 ] [ 0 0 -1 0 ] 0 1 1
}
// brush 1
{
( 48 1056 32 ) ( 192 1280 32 ) ( 192 1280 160 ) 64_cyan_3 [ -0.5407575913134988 -0.8411784753765537 0 0 ] [ -0 0 -1 0 ] 0 1 1
( 128 1280 32 ) ( 192 1280 160 ) ( 192 1280 32 ) 64_cyan_3 [ 1 0 -0 0 ] [ 0 -0 -1 0 ] 0 1 1
( -64 1024 0 ) ( -63 1024 0 ) ( -64 1025 0 ) 64_cyan_3 [ -1 0 0 0 ] [ -0 -1 -0 0 ] 0 1 1
( 448 1536 32 ) ( 448 1537 32 ) ( 449 1536 32 ) 64_cyan_3 [ 1 0 0 0 ] [ 0 -1 0 0 ] 0 1 1
( 448 1280 64 ) ( 384 1408 192 ) ( 384 1408 64 ) 64_cyan_3 [ -0.447213595499958 0.894427190999916 0 0 ] [ 0 0 -1 0 ] 0 1 1
}
// brush 2
{
( -64 1280 64 ) ( 0 1152 192 ) ( 0 1152 64 ) 64_cyan_3 [ 0.447213595499958 -0.894427190999916 0 0 ] [ 0 -0 -1 0 ] 0 1 1
( -64 1024 0 ) ( -63 1024 0 ) ( -64 1025 0 ) 64_cyan_3 [ -1 0 0 0 ] [ -0 -1 -0 0 ] 0 1 1
( 448 1536 32 ) ( 448 1537 32 ) ( 449 1536 32 ) 64_cyan_3 [ 1 0 0 0 ] [ 0 -1 0 0 ] 0 1 1
( 128 1280 32 ) ( 192 1280 32 ) ( 192 1280 160 ) 64_cyan_3 [ -1 0 0 0 ] [ 0 0 -1 0 ] 0 1 1
( 48 1056 32 ) ( 192 1280 160 ) ( 192 1280 32 ) 64_cyan_3 [ 0.5407575913134988 0.8411784753765537 -0 0 ] [ 0 -0 -1 0 ] 0 1 1
}
// brush 3
{
( 336 1056 32 ) ( 192 1280 32 ) ( 192 1280 160 ) 64_cyan_3 [ 0.5407575913134988 -0.8411784753765537 0 0 ] [ 0 -0 -1 0 ] 0 1 1
( -64 1024 0 ) ( -63 1024 0 ) ( -64 1025 0 ) 64_cyan_3 [ -1 0 0 0 ] [ -0 -1 -0 0 ] 0 1 1
( 448 1536 32 ) ( 448 1537 32 ) ( 449 1536 32 ) 64_cyan_3 [ 1 0 0 0 ] [ 0 -1 0 0 ] 0 1 1
( 448 1504 64 ) ( 449 1504 64 ) ( 448 1504 65 ) 64_cyan_3 [ -1 0 0 0 ] [ 0 0 -1 0 ] 0 1 1
( 48 1056 32 ) ( 192 1280 160 ) ( 192 1280 32 ) 64_cyan_3 [ 0.5407575913134988 0.8411784753765537 -0 0 ] [ 0 -0 -1 0 ] 0 1 1
}
// brush 4
{
( 48 1056 32 ) ( 192 1280 32 ) ( 192 1280 160 ) 64_cyan_3 [ -0.5407575913134988 -0.8411784753765537 0 0 ] [ -0 0 -1 0 ] 0 1 1
( -64 1056 0 ) ( -64 1056 1 ) ( -63 1056 0 ) 64_cyan_3 [ 1 0 -0 0 ] [ 0 -0 -1 0 ] 0 1 1
( -64 1024 0 ) ( -63 1024 0 ) ( -64 1025 0 ) 64_cyan_3 [ -1 0 0 0 ] [ -0 -1 -0 0 ] 0 1 1
( 448 1536 32 ) ( 448 1537 32 ) ( 449 1536 32 ) 64_cyan_3 [ 1 0 0 0 ] [ 0 -1 0 0 ] 0 1 1
( 336 1056 32 ) ( 192 1280 160 ) ( 192 1280 32 ) 64_cyan_3 [ -0.5407575913134988 0.8411784753765537 0 0 ] [ 0 0 -1 0 ] 0 1 1
}
// brush 5
{
( 336 1056 32 ) ( 192 1280 32 ) ( 192 1280 160 ) 64_cyan_3 [ 0.5407575913134988 -0.8411784753765537 0 0 ] [ 0 -0 -1 0 ] 0 1 1
( -64 1024 0 ) ( -63 1024 0 ) ( -64 1025 0 ) 64_cyan_3 [ -1 0 0 0 ] [ -0 -1 -0 0 ] 0 1 1
( 448 1536 32 ) ( 448 1537 32 ) ( 449 1536 32 ) 64_cyan_3 [ 1 0 0 0 ] [ 0 -1 0 0 ] 0 1 1
( 128 1280 32 ) ( 192 1280 32 ) ( 192 1280 160 ) 64_cyan_3 [ -1 0 0 0 ] [ 0 0 -1 0 ] 0 1 1
( 448 1280 64 ) ( 384 1152 64 ) ( 384 1152 192 ) 64_cyan_3 [ 0.447213595499958 0.894427190999916 -0 0 ] [ 0 -0 -1 0 ] 0 1 1
}
}
