// entity 0
{
"classname" "func_detail"
"_phong" "1"
// brush 0
{
( 1984 1856 128 ) ( 1984 1920 64 ) ( 1984 1920 128 ) trim_band_teal [ 2.0122792321330962e-15 -1 0 -10.188965 ] [ 0 0 -1 -96 ] 0 1.059713 1
( 2400 1888 128 ) ( 2432 1888 256 ) ( 2432 1888 128 ) 64_cyan_3 [ 1 0 -0 0 ] [ 0 -0 -1 0 ] 0 1 1
( 2240 1888 64 ) ( 1984 1920 64 ) ( 1984 1856 64 ) trim_band_teal [ 0 -1.0000000000000002 -2.0122792321330966e-15 -10.188965 ] [ -1.0000000000000002 0 0 -288 ] 0 1.059713 1
( 2240 1888 128 ) ( 1984 1856 128 ) ( 1984 1920 128 ) trim_band_teal [ 0 -1.0000000000000002 -2.0122792321330966e-15 -10.188965 ] [ -1.0000000000000002 0 0 -288 ] 0 1.059713 1
( 2240 1888 128 ) ( 1984 1920 64 ) ( 2240 1888 64 ) 64_cyan_3 [ -0.9922778767136677 0.12403473458920869 0 -51.444702 ] [ 0 0 -1 0 ] 0 1 1
}
// brush 1
{
( 2000 1984 96 ) ( 1984 1920 224 ) ( 1984 1920 96 ) trim_band_teal [ -0.24253562503633108 -0.9701425001453323 0 -122.20874 ] [ 0 0 -1 -96 ] 0 1.059713 1
( 1984 1920 96 ) ( 2240 1888 224 ) ( 2240 1888 96 ) 64_cyan_2 [ 0.9922778767136677 -0.12403473458920869 0 51.444702 ] [ 0 0 -1 0 ] 0 1 1
( 1984 1888 64 ) ( 1985 1888 64 ) ( 1984 1889 64 ) trim_band_teal [ -0.242535625036333 -0.970142500145332 -1.9567680809018384e-15 -122.20874 ] [ -0.970142500145332 0.242535625036333 -5.898059818321144e-17 -301.57617 ] 0 1.059713 1.0004597
( 2240 2144 128 ) ( 2240 2145 128 ) ( 2241 2144 128 ) trim_band_teal [ -0.242535625036333 -0.970142500145332 -1.9567680809018384e-15 -122.20874 ] [ -0.970142500145332 0.242535625036333 -5.898059818321144e-17 -301.57617 ] 0 1.059713 1.0004597
( 2240 1888 96 ) ( 2000 1984 224 ) ( 2000 1984 96 ) 64_cyan_2 [ -0.9284766908852594 0.371390676354104 0 -9.6640625 ] [ 0 0 -1 0 ] 0 1 1
}
// brush 2
{
( 1984 1952 96 ) ( 2016 2016 96 ) ( 2016 2016 224 ) trim_band_teal [ -0.4472135954999564 -0.8944271909999166 0 122.32593 ] [ 0 0 -1 -96 ] 0 1.059713 1
( 2240 1888 96 ) ( 2000 1984 96 ) ( 2000 1984 224 ) 64_cyan_1 [ 0.9284766908852594 -0.371390676354104 0 9.6640625 ] [ 0 0 -1 0 ] 0 1 1
( 1984 1888 64 ) ( 1985 1888 64 ) ( 1984 1889 64 ) trim_band_teal [ -0.447213595499958 -0.8944271909999161 -1.7486012637846216e-15 122.32593 ] [ -0.8944271909999161 0.44721359549995804 5.551115123125783e-17 -352.0003 ] 0 1.059713 1.0062308
( 2240 2144 128 ) ( 2240 2145 128 ) ( 2241 2144 128 ) trim_band_teal [ -0.447213595499958 -0.8944271909999161 -1.7486012637846216e-15 122.32593 ] [ -0.8944271909999161 0.44721359549995804 5.551115123125783e-17 -352.0003 ] 0 1.059713 1.0062308
( 2032 2048 96 ) ( 2240 1888 96 ) ( 2240 1888 224 ) 64_cyan_1 [ -0.7926239891046001 0.6097107608496924 0 -15.965546 ] [ 0 0 -1 0 ] 0 1 1
}
// brush 3
{
( 2032 2048 96 ) ( 2080 2096 96 ) ( 2080 2096 224 ) trim_band_teal [ -0.7071067811865462 -0.7071067811865487 0 258.65625 ] [ 0 0 -1 -96 ] 0 1.059713 1
( 2032 2048 96 ) ( 2240 1888 224 ) ( 2240 1888 96 ) 64_cyan_3 [ 0.7926239891046001 -0.6097107608496924 0 15.965546 ] [ 0 0 -1 0 ] 0 1 1
( 1984 1888 64 ) ( 1985 1888 64 ) ( 1984 1889 64 ) trim_band_teal [ -0.7071067811865477 -0.7071067811865476 -1.7486012637846216e-15 258.65625 ] [ -0.7071067811865477 0.7071067811865477 1.1102230246251565e-16 -235.13037 ] 0 1.059713 1.0164659
( 2240 2144 128 ) ( 2240 2145 128 ) ( 2241 2144 128 ) trim_band_teal [ -0.7071067811865477 -0.7071067811865476 -1.7486012637846216e-15 258.65625 ] [ -0.7071067811865477 0.7071067811865477 1.1102230246251565e-16 -235.13037 ] 0 1.059713 1.0164659
( 2080 2096 96 ) ( 2240 1888 96 ) ( 2240 1888 224 ) 64_cyan_3 [ -0.6097107608496924 0.7926239891046001 0 -13.966888 ] [ 0 0 -1 0 ] 0 1 1
}
// brush 4
{
( 2080 2096 96 ) ( 2240 1888 224 ) ( 2240 1888 96 ) 64_cyan_2 [ 0.6097107608496924 -0.7926239891046001 0 13.966888 ] [ 0 0 -1 0 ] 0 1 1
( 2176 2144 96 ) ( 2112 2112 224 ) ( 2112 2112 96 ) trim_band_teal [ -0.8944271909999151 -0.4472135954999593 0 112.286865 ] [ 0 0 -1 -96 ] 0 1.059713 1
( 1984 1888 64 ) ( 1985 1888 64 ) ( 1984 1889 64 ) trim_band_teal [ -0.8944271909999161 -0.44721359549995804 -1.582067810090848e-15 112.286865 ] [ -0.44721359549995804 0.8944271909999161 5.551115123125783e-17 -138.66638 ] 0 1.059713 1.0062308
( 2240 2144 128 ) ( 2240 2145 128 ) ( 2241 2144 128 ) trim_band_teal [ -0.8944271909999161 -0.44721359549995804 -1.582067810090848e-15 112.286865 ] [ -0.44721359549995804 0.8944271909999161 5.551115123125783e-17 -138.66638 ] 0 1.059713 1.0062308
( 2144 2128 96 ) ( 2240 1888 96 ) ( 2240 1888 224 ) 64_cyan_2 [ -0.37139067635410355 0.9284766908852594 0 -32.78015 ] [ 0 0 -1 0 ] 0 1 1
}
// brush 5
{
( 2144 2128 96 ) ( 2240 1888 224 ) ( 2240 1888 96 ) 64_cyan_1 [ 0.37139067635410355 -0.9284766908852594 0 32.78015 ] [ 0 0 -1 0 ] 0 1 1
( 2208 2144 96 ) ( 2144 2128 224 ) ( 2144 2128 96 ) trim_band_teal [ -0.9701425001453314 -0.2425356250363343 0 -145.53882 ] [ 0 0 -1 -96 ] 0 1.059713 1
( 1984 1888 64 ) ( 1985 1888 64 ) ( 1984 1889 64 ) trim_band_teal [ -0.9701425001453319 -0.24253562503633294 -1.4155343563970746e-15 -145.53857 ] [ -0.242535625036333 0.970142500145332 -5.551115123125783e-17 -232.46692 ] 0 1.059713 1
( 2240 2144 128 ) ( 2240 2145 128 ) ( 2241 2144 128 ) trim_band_teal [ -0.9701425001453319 -0.24253562503633294 -1.4155343563970746e-15 -145.53857 ] [ -0.242535625036333 0.970142500145332 -5.551115123125783e-17 -232.46692 ] 0 1.059713 1
( 2208 2144 96 ) ( 2240 1888 96 ) ( 2240 1888 224 ) 64_cyan_1 [ -0.12403473458920825 0.9922778767136677 0 -7.8773193 ] [ 0 0 -1 0 ] 0 1 1
}
// brush 6
{
( 2208 2144 64 ) ( 2240 1888 128 ) ( 2240 1888 64 ) 64_cyan_3 [ 0.12403473458920825 -0.9922778767136677 0 7.8773193 ] [ 0 0 -1 0 ] 0 1 1
( 2272 2144 64 ) ( 2208 2144 64 ) ( 2240 1888 64 ) trim_band_teal [ -1 0 -1.3183898417423736e-15 -62.023438 ] [ 0 1.0000000000000002 0 192 ] 0 1.059713 1
( 2272 2144 128 ) ( 2240 1888 128 ) ( 2208 2144 128 ) trim_band_teal [ -1 0 -1.3183898417423736e-15 -62.023438 ] [ 0 1.0000000000000002 0 192 ] 0 1.059713 1
( 2272 2144 128 ) ( 2208 2144 64 ) ( 2272 2144 64 ) trim_band_teal [ -0.9999999999999998 -1.3183898417423734e-15 0 -62.023438 ] [ 0 0 -1 -96 ] 0 1.059713 1
( 2272 2144 128 ) ( 2240 1888 64 ) ( 2240 1888 128 ) 64_cyan_3 [ 0.12403473458920863 0.9922778767136677 0 -31.228027 ] [ 0 0 -1 0 ] 0 1 1
}
// brush 7
{
( 2272 2144 96 ) ( 2240 1888 224 ) ( 2240 1888 96 ) 64_cyan_2 [ -0.12403473458920863 -0.9922778767136677 0 31.228027 ] [ 0 0 -1 0 ] 0 1 1
( 2240 2144 64 ) ( 2240 2143 64 ) ( 2241 2144 64 ) trim_band_teal [ -0.970142500145332 0.242535625036333 -1.2906342661267445e-15 -104.732544 ] [ 0.242535625036333 0.970142500145332 -5.551115123125783e-17 218.19531 ] 0 1.059713 1.0004652
( 2496 1888 128 ) ( 2497 1888 128 ) ( 2496 1887 128 ) trim_band_teal [ -0.970142500145332 0.242535625036333 -1.2906342661267445e-15 -104.732544 ] [ 0.242535625036333 0.970142500145332 -5.551115123125783e-17 218.19531 ] 0 1.059713 1.0004652
( 2336 2128 96 ) ( 2272 2144 224 ) ( 2272 2144 96 ) trim_band_teal [ -0.970142500145332 0.2425356250363317 0 -104.732544 ] [ 0 0 -1 -96 ] 0 1.059713 1
( 2240 1888 96 ) ( 2336 2128 224 ) ( 2336 2128 96 ) 64_cyan_2 [ 0.37139067635410394 0.9284766908852594 0 -5.145508 ] [ 0 0 -1 0 ] 0 1 1
}
// brush 8
{
( 2240 1888 96 ) ( 2336 2128 96 ) ( 2336 2128 224 ) 64_cyan_1 [ -0.37139067635410394 -0.9284766908852594 0 5.145508 ] [ 0 0 -1 0 ] 0 1 1
( 2240 2144 64 ) ( 2240 2143 64 ) ( 2241 2144 64 ) trim_band_teal [ -0.894427190999916 0.44721359549995804 -1.0824674490095276e-15 -170.64917 ] [ 0.44721359549995804 0.8944271909999161 5.551115123125783e-17 -81.77832 ] 0 1.059713 1.0062304
( 2496 1888 128 ) ( 2497 1888 128 ) ( 2496 1887 128 ) trim_band_teal [ -0.894427190999916 0.44721359549995804 -1.0824674490095276e-15 -170.64917 ] [ 0.44721359549995804 0.8944271909999161 5.551115123125783e-17 -81.77832 ] 0 1.059713 1.0062304
( 2304 2144 96 ) ( 2368 2112 96 ) ( 2368 2112 224 ) trim_band_teal [ -0.8944271909999162 0.4472135954999569 0 -170.64917 ] [ 0 0 -1 -96 ] 0 1.059713 1
( 2400 2096 96 ) ( 2240 1888 96 ) ( 2240 1888 224 ) 64_cyan_1 [ 0.6097107608496924 0.7926239891046001 0 17.4646 ] [ 0 0 -1 0 ] 0 1 1
}
// brush 9
{
( 2400 2096 96 ) ( 2240 1888 224 ) ( 2240 1888 96 ) 64_cyan_3 [ -0.6097107608496924 -0.7926239891046001 0 -17.4646 ] [ 0 0 -1 0 ] 0 1 1
( 2240 2144 64 ) ( 2240 2143 64 ) ( 2241 2144 64 ) trim_band_teal [ -0.7071067811865475 0.7071067811865476 -1.0824674490095276e-15 -84.92682 ] [ 0.7071067811865477 0.7071067811865477 1.1102230246251565e-16 232.34839 ] 0 1.059713 1.0164661
( 2496 1888 128 ) ( 2497 1888 128 ) ( 2496 1887 128 ) trim_band_teal [ -0.7071067811865475 0.7071067811865476 -1.0824674490095276e-15 -84.92682 ] [ 0.7071067811865477 0.7071067811865477 1.1102230246251565e-16 232.34839 ] 0 1.059713 1.0164661
( 2448 2048 96 ) ( 2240 1888 96 ) ( 2240 1888 224 ) 64_cyan_3 [ 0.7926239891046001 0.6097107608496924 0 6.1433105 ] [ 0 0 -1 0 ] 0 1 1
( 2400 2096 96 ) ( 2448 2048 96 ) ( 2448 2048 224 ) trim_band_teal [ -0.7071067811865481 0.7071067811865466 0 -84.92682 ] [ 0 0 -1 -96 ] 0 1.059713 1
}
// brush 10
{
( 2448 2048 96 ) ( 2240 1888 224 ) ( 2240 1888 96 ) 64_cyan_2 [ -0.7926239891046001 -0.6097107608496924 0 -6.1433105 ] [ 0 0 -1 0 ] 0 1 1
( 2240 2144 64 ) ( 2240 2143 64 ) ( 2241 2144 64 ) trim_band_teal [ -0.447213595499958 0.894427190999916 -9.43689570931383e-16 -23.310669 ] [ 0.8944271909999161 0.44721359549995804 5.551115123125783e-17 -238.22314 ] 0 1.059713 1.0062304
( 2496 1888 128 ) ( 2497 1888 128 ) ( 2496 1887 128 ) trim_band_teal [ -0.447213595499958 0.894427190999916 -9.43689570931383e-16 -23.310669 ] [ 0.8944271909999161 0.44721359549995804 5.551115123125783e-17 -238.22314 ] 0 1.059713 1.0062304
( 2480 1984 96 ) ( 2240 1888 96 ) ( 2240 1888 224 ) 64_cyan_2 [ 0.9284766908852594 0.3713906763541036 0 27.29541 ] [ 0 0 -1 0 ] 0 1 1
( 2496 1952 96 ) ( 2464 2016 224 ) ( 2464 2016 96 ) trim_band_teal [ -0.4472135954999587 0.8944271909999153 0 -23.310669 ] [ 0 0 -1 -96 ] 0 1.059713 1
}
// brush 11
{
( 2480 1984 96 ) ( 2240 1888 224 ) ( 2240 1888 96 ) 64_cyan_1 [ -0.9284766908852594 -0.3713906763541036 0 -27.29541 ] [ 0 0 -1 0 ] 0 1 1
( 2240 2144 64 ) ( 2240 2143 64 ) ( 2241 2144 64 ) trim_band_teal [ -0.24253562503633297 0.9701425001453319 -7.771561172376096e-16 -132.06421 ] [ 0.970142500145332 0.242535625036333 -5.898059818321144e-17 -37.82007 ] 0 1.059713 1.0004587
( 2496 1888 128 ) ( 2497 1888 128 ) ( 2496 1887 128 ) trim_band_teal [ -0.24253562503633297 0.9701425001453319 -7.771561172376096e-16 -132.06421 ] [ 0.970142500145332 0.242535625036333 -5.898059818321144e-17 -37.82007 ] 0 1.059713 1.0004587
( 2496 1920 96 ) ( 2240 1888 96 ) ( 2240 1888 224 ) 64_cyan_1 [ 0.9922778767136677 0.1240347345892083 0 26.825684 ] [ 0 0 -1 0 ] 0 1 1
( 2496 1920 96 ) ( 2480 1984 224 ) ( 2480 1984 96 ) trim_band_teal [ -0.2425356250363337 0.9701425001453315 0 -132.06421 ] [ 0 0 -1 -96 ] 0 1.059713 1
}
// brush 12
{
( 2240 1888 64 ) ( 2496 1920 128 ) ( 2240 1888 128 ) 64_cyan_3 [ -0.9922778767136677 -0.1240347345892083 0 -26.825684 ] [ 0 0 -1 0 ] 0 1 1
( 2400 1888 128 ) ( 2432 1888 256 ) ( 2432 1888 128 ) 64_cyan_3 [ 1 0 -0 0 ] [ 0 -0 -1 0 ] 0 1 1
( 2496 1920 64 ) ( 2240 1888 64 ) ( 2496 1856 64 ) trim_band_teal [ 0 1 -6.938893903907229e-16 266.58228 ] [ 1.0000000000000002 0 0 352 ] 0 1.059713 1
( 2496 1920 128 ) ( 2496 1856 128 ) ( 2240 1888 128 ) trim_band_teal [ 0 1 -6.938893903907229e-16 266.58228 ] [ 1.0000000000000002 0 0 352 ] 0 1.059713 1
( 2496 1920 128 ) ( 2496 1856 64 ) ( 2496 1856 128 ) trim_band_teal [ -6.938893903907228e-16 0.9999999999999999 0 266.58228 ] [ 0 0 -1 -96 ] 0 1.059713 1
}
}
