// entity 0
{
"classname" "func_detail"
"_phong" "1"
// brush 0
{
( 4224 2736 96 ) ( 4352 2768 96 ) ( 4352 2768 224 ) 64_cyan_3 [ -0.9701425001453319 -0.24253562503633297 0 45.361816 ] [ 0 0 -1 0 ] 0 1 1
( 4320 2752 128 ) ( 4352 2752 256 ) ( 4352 2752 128 ) 64_cyan_3 [ 1 0 -0 0 ] [ 0 -0 -1 0 ] 0 1 1
( 4224 2688 64 ) ( 4224.5 2688 64 ) ( 4224 2688.5 64 ) trim_band_teal [ 0 1.0000000000000002 -1.665334536937735e-16 -253.44019 ] [ 1.0000000000000002 0 0 32 ] 0 0.809016 1
( 4352 2816 128 ) ( 4352 2816.5 128 ) ( 4352.5 2816 128 ) trim_band_teal [ 0 1.0000000000000002 -1.665334536937735e-16 -253.44019 ] [ 1.0000000000000002 0 0 32 ] 0 0.809016 1
( 4352 2816 128 ) ( 4352 2816 129 ) ( 4352 2816.5 128 ) trim_band_teal [ -1.6653345369377348e-16 1.0000000000000002 0 -253.44019 ] [ 0 0 -1 -96 ] 0 0.809016 1
}
// brush 1
{
( 4272 2688 96 ) ( 4304 2816 96 ) ( 4304 2816 224 ) trim_band_teal [ -0.24253562503633297 -0.9701425001453319 0 435.09448 ] [ 0 0 -1 -64 ] 0 1 1
( 4224 2688 64 ) ( 4224.5 2688 64 ) ( 4224 2688.5 64 ) trim_band_teal [ -0.8944271909999163 0.44721359549995815 -3.3306690738754696e-16 -197.81079 ] [ 0.44721359549995804 0.8944271909999161 5.551115123125783e-17 -32.004883 ] 0 0.809016 1.0062294
( 4352 2816 128 ) ( 4352 2816.5 128 ) ( 4352.5 2816 128 ) trim_band_teal [ -0.8944271909999163 0.44721359549995815 -3.3306690738754696e-16 -197.81079 ] [ 0.44721359549995804 0.8944271909999161 5.551115123125783e-17 -32.004883 ] 0 0.809016 1.0062294
( 4304 2816 96 ) ( 4336 2800 96 ) ( 4336 2800 224 ) trim_band_teal [ -0.8944271909999163 0.44721359549995776 0 -197.81079 ] [ 0 0 -1 -96 ] 0 0.809016 1
( 4240 2704 96 ) ( 4336 2800 224 ) ( 4336 2800 96 ) trim_band_teal [ 0.7071067811865476 0.7071067811865476 0 -274.19336 ] [ 0 0 -1 -64 ] 0 1 1
}
// brush 2
{
( 4272 2816 96 ) ( 4304 2688 224 ) ( 4304 2688 96 ) trim_band_teal [ 0.24253562503633297 -0.9701425001453319 0 264.114 ] [ 0 0 -1 -64 ] 0 1 1
( 4224 2688 64 ) ( 4224.5 2688 64 ) ( 4224 2688.5 64 ) trim_band_teal [ -1.0000000000000002 0 -3.33066907387547e-16 -127.510254 ] [ 0 1.0000000000000002 0 32 ] 0 0.809016 1
( 4352 2816 128 ) ( 4352 2816.5 128 ) ( 4352.5 2816 128 ) trim_band_teal [ -1.0000000000000002 0 -3.33066907387547e-16 -127.510254 ] [ 0 1.0000000000000002 0 32 ] 0 0.809016 1
( 4352 2816 128 ) ( 4352.5 2816 128 ) ( 4352 2816 129 ) trim_band_teal [ -1.0000000000000002 -3.3306690738754696e-16 0 -127.510254 ] [ 0 0 -1 -96 ] 0 0.809016 1
( 4272 2688 96 ) ( 4304 2816 224 ) ( 4304 2816 96 ) trim_band_teal [ 0.24253562503633297 0.9701425001453319 0 -435.09448 ] [ 0 0 -1 -64 ] 0 1 1
}
// brush 3
{
( 4224 2768 96 ) ( 4240 2800 96 ) ( 4240 2800 224 ) trim_band_teal [ -0.4472135954999576 -0.8944271909999164 0 75.64844 ] [ 0 0 -1 -96 ] 0 0.809016 1
( 4352 2736 96 ) ( 4224 2768 96 ) ( 4224 2768 224 ) trim_band_teal [ 0.9701425001453319 -0.24253562503633297 0 -62.55957 ] [ 0 0 -1 -64 ] 0 1 1
( 4224 2688 64 ) ( 4224.5 2688 64 ) ( 4224 2688.5 64 ) trim_band_teal [ -0.4472135954999582 -0.8944271909999165 -5.551115123125783e-16 75.64795 ] [ -0.8944271909999161 0.44721359549995804 5.551115123125783e-17 -259.562 ] 0 0.809016 1.0062332
( 4352 2816 128 ) ( 4352 2816.5 128 ) ( 4352.5 2816 128 ) trim_band_teal [ -0.4472135954999582 -0.8944271909999165 -5.551115123125783e-16 75.64795 ] [ -0.8944271909999161 0.44721359549995804 5.551115123125783e-17 -259.562 ] 0 0.809016 1.0062332
( 4240 2800 96 ) ( 4336 2704 96 ) ( 4336 2704 224 ) trim_band_teal [ -0.7071067811865476 0.7071067811865476 0 -330.9806 ] [ 0 0 -1 -64 ] 0 1 1
}
// brush 4
{
( 4240 2704 96 ) ( 4336 2800 96 ) ( 4336 2800 224 ) trim_band_teal [ -0.7071067811865476 -0.7071067811865476 0 274.19336 ] [ 0 0 -1 -64 ] 0 1 1
( 4224 2688 64 ) ( 4224.5 2688 64 ) ( 4224 2688.5 64 ) trim_band_teal [ -0.4472135954999582 0.8944271909999164 -1.6653345369377348e-16 -46.499634 ] [ 0.8944271909999161 0.44721359549995804 5.551115123125783e-17 -202.65381 ] 0 0.809016 1.0062332
( 4352 2816 128 ) ( 4352 2816.5 128 ) ( 4352.5 2816 128 ) trim_band_teal [ -0.4472135954999582 0.8944271909999164 -1.6653345369377348e-16 -46.499634 ] [ 0.8944271909999161 0.44721359549995804 5.551115123125783e-17 -202.65381 ] 0 0.809016 1.0062332
( 4224 2736 96 ) ( 4352 2768 224 ) ( 4352 2768 96 ) trim_band_teal [ 0.9701425001453319 0.24253562503633297 0 -109.36182 ] [ 0 0 -1 -64 ] 0 1 1
( 4336 2800 96 ) ( 4352 2768 96 ) ( 4352 2768 224 ) trim_band_teal [ -0.44721359549995826 0.8944271909999161 0 -46.499573 ] [ 0 0 -1 -96 ] 0 0.809016 1
}
// brush 5
{
( 4240 2800 96 ) ( 4336 2704 224 ) ( 4336 2704 96 ) trim_band_teal [ 0.7071067811865476 -0.7071067811865476 0 330.9806 ] [ 0 0 -1 -64 ] 0 1 1
( 4240 2800 96 ) ( 4272 2816 96 ) ( 4272 2816 224 ) trim_band_teal [ -0.894427190999916 -0.4472135954999584 0 359.6621 ] [ 0 0 -1 -96 ] 0 0.809016 1
( 4224 2688 64 ) ( 4224.5 2688 64 ) ( 4224 2688.5 64 ) trim_band_teal [ -0.8944271909999164 -0.44721359549995815 -3.885780586188048e-16 359.6621 ] [ -0.44721359549995804 0.8944271909999161 5.551115123125783e-17 -316.44464 ] 0 0.809016 1.0062304
( 4352 2816 128 ) ( 4352 2816.5 128 ) ( 4352.5 2816 128 ) trim_band_teal [ -0.8944271909999164 -0.44721359549995815 -3.885780586188048e-16 359.6621 ] [ -0.44721359549995804 0.8944271909999161 5.551115123125783e-17 -316.44464 ] 0 0.809016 1.0062304
( 4272 2816 96 ) ( 4304 2688 96 ) ( 4304 2688 224 ) trim_band_teal [ -0.24253562503633297 0.9701425001453319 0 -264.114 ] [ 0 0 -1 -64 ] 0 1 1
}
// brush 6
{
( 4224 2688 64 ) ( 4224 2688.5 64 ) ( 4224 2688 65 ) trim_band_teal [ 5.551115123125783e-16 -1.0000000000000004 0 149.88696 ] [ 0 0 -1 -96 ] 0 0.809016 1
( 4320 2752 128 ) ( 4352 2752 256 ) ( 4352 2752 128 ) 64_cyan_3 [ 1 0 -0 0 ] [ 0 -0 -1 0 ] 0 1 1
( 4224 2688 64 ) ( 4224.5 2688 64 ) ( 4224 2688.5 64 ) trim_band_teal [ 0 -1.0000000000000007 -5.551115123125784e-16 149.88696 ] [ -1.0000000000000002 0 0 -96 ] 0 0.809016 1
( 4352 2816 128 ) ( 4352 2816.5 128 ) ( 4352.5 2816 128 ) trim_band_teal [ 0 -1.0000000000000007 -5.551115123125784e-16 149.88696 ] [ -1.0000000000000002 0 0 -96 ] 0 0.809016 1
( 4352 2736 96 ) ( 4224 2768 224 ) ( 4224 2768 96 ) trim_band_teal [ -0.9701425001453319 0.24253562503633297 0 62.55957 ] [ 0 0 -1 -64 ] 0 1 1
}
}
