// entity 0
{
"classname" "func_group"
// brush 0
{
( -1344 -128 0 ) ( -1360 -96 0 ) ( -1360 -96 32 ) trim_band_teal [ 1.4432899320127035e-15 1.0000000000000004 0 128 ] [ 0 0 -1.0000000000000002 160 ] 0 1 1
( -1344 -128 32 ) ( -1216 -128 32 ) ( -1216 -128 0 ) trim_band_teal [ 1 -1.3877787807814457e-15 0 320.00018 ] [ 0 0 -1 192 ] 0 1 1
( -1216 -128 0 ) ( -1216 -96 0 ) ( -1360 -96 0 ) trim_band_teal [ 1 -1.3877787807814457e-15 0 -192 ] [ 1.3877787807814457e-15 1 0 256 ] 0 1 1
( -1360 -96 32 ) ( -1216 -96 32 ) ( -1216 -128 32 ) trim_band_teal [ 1 -1.3877787807814457e-15 0 -192 ] [ -1.3877787807814457e-15 -1 0 -480 ] 0 1 1
( -1216 -96 0 ) ( -1216 -96 32 ) ( -1360 -96 32 ) trim_band_teal [ -1.0000000000000007 1.4988010832439613e-15 0 -494.39166 ] [ 0 0 -1.0000000000000002 192 ] 0 1 1
( -1280 -128 32 ) ( -1280 -96 32 ) ( -1280 -96 0 ) trim_band_teal [ 1.609823385706477e-15 1.0000000000000009 0 369.60834 ] [ 0 0 -1.0000000000000002 192 ] 0 1 1
}
// brush 1
{
( -1384 -168 0 ) ( -1408 -144 0 ) ( -1408 -144 32 ) trim_band_teal [ 0.7071067811865467 -0.7071067811865487 0 -220.7265 ] [ 0 0 -1.0000000000000002 192 ] 0 1 1
( -1392 -128 32 ) ( -1392 -128 0 ) ( -1360 -96 0 ) trim_band_teal [ -0.7071067811865489 -0.7071067811865469 0 -163.93915 ] [ 0 0 -1.0000000000000002 192 ] 0 1 1
( -1368 -152 0 ) ( -1344 -128 0 ) ( -1360 -96 0 ) trim_band_teal [ 0.7071057276350248 0.7071078347365001 0 -10.454224 ] [ 0.7071078347365001 -0.7071057276350248 0 -53.32361 ] 314.9999 1 1.0606496
( -1360 -96 32 ) ( -1344 -128 32 ) ( -1368 -152 32 ) trim_band_teal [ 0.7071057276350248 0.7071078347365001 0 -10.454224 ] [ 0.7071078347365001 -0.7071057276350248 0 -53.32361 ] 314.9999 1 1.0606496
( -1368 -152 32 ) ( -1344 -128 32 ) ( -1344 -128 0 ) trim_band_teal [ 0.7071067811865486 0.7071067811865466 0 16.861328 ] [ 0 0 -1 192 ] 0 1 1
( -1344 -128 0 ) ( -1344 -128 32 ) ( -1360 -96 32 ) trim_band_teal [ 3.090862038535038e-08 -3.090862038535038e-08 0.9999999999999996 -16.000114 ] [ -0.7071067811865472 0.7071067811865472 4.371139006309478e-08 341.3329 ] 270 1 1.0606599
}
}
