// entity 0
{
"classname" "func_group"
// brush 0
{
( -1344 0 0 ) ( -1360 32 0 ) ( -1360 32 32 ) trim_band_teal [ 1.4432899320127035e-15 1.0000000000000004 0 0 ] [ 0 0 -1.0000000000000002 160 ] 0 1 1
( -1344 0 32 ) ( -1216 0 32 ) ( -1216 0 0 ) trim_band_teal [ 1 -1.3877787807814457e-15 0 320.00018 ] [ 0 0 -1 416 ] 0 1 1
( -1216 0 0 ) ( -1216 32 0 ) ( -1360 32 0 ) trim_band_teal [ 1 -1.3877787807814457e-15 0 -192 ] [ 1.3877787807814457e-15 1 0 128 ] 0 1 1
( -1360 32 64 ) ( -1216 32 64 ) ( -1216 0 64 ) trim_band_teal [ 1 -1.3877787807814457e-15 0 -192 ] [ -1.3877787807814457e-15 -1 0 -160 ] 0 1 1
( -1216 64 0 ) ( -1216 64 32 ) ( -1360 64 32 ) trim_band_teal [ -1.0000000000000007 1.4988010832439613e-15 0 -43.646484 ] [ 0 0 -1.0000000000000002 416 ] 0 1 1
( -1280 0 32 ) ( -1280 32 32 ) ( -1280 32 0 ) trim_band_teal [ 0 -1.3877787807814459e-15 -1.0000000000000002 -384 ] [ 0 -1.0000000000000002 1.3877787807814459e-15 -160 ] 0 1 1
}
// brush 1
{
( -1384 -40 0 ) ( -1408 -16 0 ) ( -1408 -16 32 ) trim_band_teal [ -1.0535507377062991e-06 1.0535507375952768e-06 0.99999999999889 -147.88403 ] [ 0.7071067811857625 -0.7071067811857626 1.4899457418393602e-06 224.00897 ] 314.9999 1 1.0606496
( -1416 24 32 ) ( -1416 24 0 ) ( -1384 56 0 ) trim_band_teal [ -0.7071067811865489 -0.7071067811865469 0 -107.370605 ] [ 0 0 -1.0000000000000002 416 ] 0 1 1
( -1368 -24 0 ) ( -1344 0 0 ) ( -1360 32 0 ) trim_band_teal [ 0.7071057276350248 0.7071078347365001 0 -100.96399 ] [ 0.7071078347365001 -0.7071057276350248 0 32.010437 ] 314.9999 1 1.0606496
( -1360 32 64 ) ( -1344 0 64 ) ( -1368 -24 64 ) trim_band_teal [ 0.7071057276350248 0.7071078347365001 0 -100.96393 ] [ 0.7071078347365001 -0.7071057276350248 0 224.01044 ] 314.9999 1 1.0606496
( -1368 -24 32 ) ( -1344 0 32 ) ( -1344 0 0 ) trim_band_teal [ 0.7071067811865486 0.7071067811865466 0 -73.648315 ] [ 0 0 -1 416 ] 0 1 1
( -1344 0 0 ) ( -1344 0 32 ) ( -1360 32 32 ) trim_band_teal [ 3.090862038535038e-08 -3.090862038535038e-08 0.9999999999999996 -16.00011 ] [ -0.7071067811865472 0.7071067811865472 4.371139006309478e-08 255.99951 ] 270 1 1.0606599
}
}
