// entity 0
{
"classname" "func_group"
// brush 0
{
( -1344 -304 0 ) ( -1360 -272 0 ) ( -1360 -272 32 ) trim_band_teal [ 1.4432899320127035e-15 1.0000000000000004 0 304 ] [ 0 0 -1.0000000000000002 160 ] 0 1 1
( -1344 -280 32 ) ( -1216 -280 32 ) ( -1216 -280 0 ) trim_band_teal [ 1 -1.3877787807814457e-15 0 320.00018 ] [ 0 0 -1 24 ] 0 1 1
( -1216 -304 0 ) ( -1216 -272 0 ) ( -1360 -272 0 ) trim_band_teal [ 1.0000000000000002 0 1.3877787807814459e-15 320.00018 ] [ 0 -1.0000000000000002 0 -264 ] 0 1 1
( -1360 -272 8 ) ( -1216 -272 8 ) ( -1216 -304 8 ) trim_band_teal [ 1.0000000000000002 0 1.3877787807814459e-15 320.00018 ] [ 0 -1.0000000000000002 0 -264 ] 0 1 1
( -1216 -272 0 ) ( -1216 -272 32 ) ( -1360 -272 32 ) trim_band_teal [ 1 -1.3877787807814457e-15 0 320.00018 ] [ 0 0 -1 24 ] 0 1 1
( -1280 -304 32 ) ( -1280 -272 32 ) ( -1280 -272 0 ) trim_band_teal [ 1.4432899320127035e-15 0 -1.0000000000000004 -439.99982 ] [ 0 -1.0000000000000002 0 -264 ] 0 1 1
}
// brush 1
{
( -1384 -344 0 ) ( -1408 -320 0 ) ( -1408 -320 32 ) trim_band_teal [ -3.00654647455989e-07 3.0065464595718794e-07 0.9999999999999089 -91.882324 ] [ 0.7071067811864824 -0.7071067811864837 4.251898789719988e-07 221.32404 ] -45.000023 1 1.060674
( -1392 -304 32 ) ( -1392 -304 0 ) ( -1360 -272 0 ) trim_band_teal [ 0.7071067811865485 0.7071067811865466 0 113.998535 ] [ 0 0 -1 24 ] 0 1 1
( -1368 -328 0 ) ( -1344 -304 0 ) ( -1360 -272 0 ) trim_band_teal [ 0.7071064805318362 0.7071070818411296 9.81307369435131e-16 113.99811 ] [ 0.7071070818411296 -0.7071064805318362 9.813082039194094e-16 777.3327 ] -45.000023 1 1
( -1360 -272 8 ) ( -1344 -304 8 ) ( -1368 -328 8 ) trim_band_teal [ 0.7071064805318362 0.7071070818411296 9.81307369435131e-16 113.99811 ] [ 0.7071070818411296 -0.7071064805318362 9.813082039194094e-16 733.3245 ] -45.000023 1 1.060674
( -1386 -310 32 ) ( -1362 -286 32 ) ( -1362 -286 0 ) trim_band_teal [ 0.7071067811865486 0.7071067811865466 0 127.655396 ] [ 0 0 -1 24 ] 0 1 1
( -1344 -304 0 ) ( -1344 -304 32 ) ( -1360 -272 32 ) trim_band_teal [ 3.090862038535038e-08 -3.090862038535038e-08 0.9999999999999996 -16.000114 ] [ -0.7071067811865472 0.7071067811865472 4.371139006309478e-08 458.6662 ] 270 1 1.0606599
}
}
