// entity 0
{
"classname" "func_group"
// brush 0
{
( 1792 2336 0 ) ( 1776 2368 0 ) ( 1776 2368 32 ) trim_band_teal [ 1.4432899320127035e-15 1.0000000000000004 0 -288 ] [ 0 0 -1.0000000000000002 160 ] 0 1 1
( 1792 2352 32 ) ( 1920 2352 32 ) ( 1920 2352 0 ) trim_band_teal [ 1.0000000000000002 0 0 391.9723 ] [ 0 0 -1.0000000000000002 80 ] 0 1 1
( 1920 2336 0 ) ( 1920 2368 0 ) ( 1776 2368 0 ) trim_band_teal [ 1.0000000000000002 0 1.3877787807814459e-15 -255.99976 ] [ 0 -1.0000000000000002 0 368 ] 0 1 1
( 1776 2368 16 ) ( 1920 2368 16 ) ( 1920 2336 16 ) trim_band_teal [ 1.0000000000000002 0 1.3877787807814459e-15 -255.99976 ] [ 0 -1.0000000000000002 0 368 ] 0 1 1
( 1920 2368 0 ) ( 1920 2368 32 ) ( 1776 2368 32 ) trim_band_teal [ 1 -1.3877787807814457e-15 0 -255.99976 ] [ 0 0 -1 80 ] 0 1 1
( 1816 2336 32 ) ( 1816 2368 32 ) ( 1816 2368 0 ) trim_band_teal [ 1.4432899320127035e-15 0 -1.0000000000000004 -431.99982 ] [ 0 -1.0000000000000002 0 368 ] 0 1 1
}
// brush 1
{
( 1772 2316 0 ) ( 1748 2340 0 ) ( 1748 2340 32 ) trim_band_teal [ -1.1657341758564144e-15 -9.43689570931383e-16 1.0000000000000004 -86.22522 ] [ 0.7071067811865477 -0.7071067811865479 -5.551115123125783e-17 -46.363342 ] 0 1 1
( 1744 2336 32 ) ( 1744 2336 0 ) ( 1776 2368 0 ) trim_band_teal [ 0.7071067811865485 0.7071067811865466 0 -378.38257 ] [ 0 0 -1 80 ] 0 1.06066 1
( 1768 2312 0 ) ( 1792 2336 0 ) ( 1776 2368 0 ) trim_band_teal [ 0.7071067811865477 0.7071067811865478 1.4155343563970746e-15 -372.5935 ] [ 0.7071067811865477 -0.7071067811865477 1.1102230246251565e-16 -46.363342 ] 0 1 1
( 1776 2368 16 ) ( 1792 2336 16 ) ( 1768 2312 16 ) trim_band_teal [ 0.7071102483015407 0.7071033140545544 9.813125982659767e-16 -1429.325 ] [ 0.7071033140545544 -0.7071102483015407 9.813029750651487e-16 -1605.3231 ] 315.00024 1.060657 1.0606694
( 1756 2324 32 ) ( 1780 2348 32 ) ( 1780 2348 0 ) trim_band_teal [ 0.7071067811865477 0.7071067811865477 0 -69.33325 ] [ 0 0 -1.0000000000000002 80 ] 0 1.0606604 1
( 1792 2336 0 ) ( 1792 2336 32 ) ( 1776 2368 32 ) trim_band_teal [ 3.090862038535038e-08 -3.090862038535038e-08 0.9999999999999996 -16.000126 ] [ -0.7071067811865472 0.7071067811865472 4.371139006309478e-08 277.33298 ] 270 1 1.0606599
}
}
