// entity 0
{
"classname" "func_group"
// brush 0
{
( 1792 2288 0 ) ( 1776 2320 0 ) ( 1776 2320 32 ) trim_band_teal [ 1.4432899320127035e-15 1.0000000000000004 0 -240 ] [ 0 0 -1.0000000000000002 160 ] 0 1 1
( 1792 2288 32 ) ( 1920 2288 32 ) ( 1920 2288 0 ) trim_band_teal [ 1.0000000000000002 0 0 383.97205 ] [ 0 0 -1.0000000000000002 192 ] 0 1 1
( 1920 2288 0 ) ( 1920 2320 0 ) ( 1776 2320 0 ) trim_band_teal [ 1 -1.3877787807814457e-15 0 -256 ] [ 1.3877787807814457e-15 1 0 -112 ] 0 1 1
( 1776 2320 32 ) ( 1920 2320 32 ) ( 1920 2288 32 ) trim_band_teal [ 1 -1.3877787807814457e-15 0 -256 ] [ -1.3877787807814457e-15 -1 0 400 ] 0 1 1
( 1920 2320 0 ) ( 1920 2320 32 ) ( 1776 2320 32 ) trim_band_teal [ 1 -1.3877787807814457e-15 0 -255.99976 ] [ 0 0 -1 192 ] 0 1 1
( 1824 2288 32 ) ( 1824 2320 32 ) ( 1824 2320 0 ) trim_band_teal [ 1.609823385706477e-15 1.0000000000000009 0 1.6083984 ] [ 0 0 -1.0000000000000002 192 ] 0 1 1
}
// brush 1
{
( 1768 2264 0 ) ( 1744 2288 0 ) ( 1744 2288 32 ) trim_band_teal [ 0.7071067811865467 -0.7071067811865487 0 -217.84341 ] [ 0 0 -1.0000000000000002 192 ] 0 1 1
( 1744 2288 32 ) ( 1744 2288 0 ) ( 1776 2320 0 ) trim_band_teal [ 0.7071067811865485 0.7071067811865466 0 -346.38257 ] [ 0 0 -1 192 ] 0 1.06066 1
( 1768 2264 0 ) ( 1792 2288 0 ) ( 1776 2320 0 ) trim_band_teal [ 0.7071057276350248 0.7071078347365001 0 -352.3103 ] [ 0.7071078347365001 -0.7071057276350248 0 -21.333862 ] 314.9999 1 1.0606496
( 1776 2320 32 ) ( 1792 2288 32 ) ( 1768 2264 32 ) trim_band_teal [ 0.7071060113095976 0.7071075510626593 0 -1184.0077 ] [ 0.7071075510626593 -0.7071060113095976 0 -1557.3374 ] -45.00006 1.0606573 1.0606635
( 1768 2264 32 ) ( 1792 2288 32 ) ( 1792 2288 0 ) trim_band_teal [ 0.7071067811865477 0.7071067811865477 0 -32 ] [ 0 0 -1.0000000000000002 192 ] 0 1.0606604 1
( 1792 2288 0 ) ( 1792 2288 32 ) ( 1776 2320 32 ) trim_band_teal [ 3.090862038535038e-08 -3.090862038535038e-08 0.9999999999999996 -16.000137 ] [ -0.7071067811865472 0.7071067811865472 4.371139006309478e-08 309.333 ] 270 1 1.0606599
}
}
