// entity 0
{
"classname" "func_group"
// brush 0
{
( 1816 2176 0 ) ( 1800 2208 0 ) ( 1800 2208 32 ) trim_band_teal [ 1.4432899320127035e-15 1.0000000000000004 0 -128 ] [ 0 0 -1.0000000000000002 160 ] 0 1 1
( 1816 2176 32 ) ( 1944 2176 32 ) ( 1944 2176 0 ) trim_band_teal [ 1.0000000000000002 0 0 359.97168 ] [ 0 0 -1.0000000000000002 -96 ] 0 1 1
( 1944 2176 0 ) ( 1944 2208 0 ) ( 1800 2208 0 ) trim_band_teal [ 1 -1.3877787807814457e-15 0 -280 ] [ -1.3877787807814457e-15 -1 0 480 ] 0 1 1
( 1800 2208 64 ) ( 1944 2208 64 ) ( 1944 2176 64 ) trim_band_teal [ 1 -1.3877787807814457e-15 0 -280 ] [ -1.3877787807814457e-15 -1 0 480 ] 0 1 1
( 1944 2240 0 ) ( 1944 2240 32 ) ( 1800 2240 32 ) trim_band_teal [ 1 -1.3877787807814457e-15 0 -263.99976 ] [ 0 0 -1 416 ] 0 1 1
( 1848 2176 32 ) ( 1848 2208 32 ) ( 1848 2208 0 ) trim_band_teal [ 0 -1.3877787807814459e-15 -1.0000000000000002 -384 ] [ 0 -1.0000000000000002 1.3877787807814459e-15 480 ] 0 1 1
}
// brush 1
{
( 1792 2152 0 ) ( 1768 2176 0 ) ( 1768 2176 32 ) trim_band_teal [ -1.0535507377062991e-06 1.0535507375952768e-06 0.99999999999889 -147.88301 ] [ 0.7071067811857625 -0.7071067811857626 1.4899457418393602e-06 -431.99753 ] 314.9999 1 1.0606496
( 1744 2200 32 ) ( 1744 2200 0 ) ( 1776 2232 0 ) trim_band_teal [ 0.7071067811865485 0.7071067811865466 0 -298.38257 ] [ 0 0 -1 416 ] 0 1.06066 1
( 1792 2152 0 ) ( 1816 2176 0 ) ( 1800 2208 0 ) trim_band_teal [ 0.7071057276350248 0.7071078347365001 0 -290.08472 ] [ 0.7071078347365001 -0.7071057276350248 0 -432.00134 ] 314.9999 1 1.0606496
( 1800 2208 64 ) ( 1816 2176 64 ) ( 1792 2152 64 ) trim_band_teal [ 0.7071071411025168 0.7071064212703954 0 -1125.3494 ] [ 0.7071064212703954 -0.7071071411025168 0 -1455.9999 ] -44.99997 1.0606537 1.0606644
( 1792 2152 32 ) ( 1816 2176 32 ) ( 1816 2176 0 ) trim_band_teal [ 0.7071067811865477 0.7071067811865477 0 26.666748 ] [ 0 0 -1.0000000000000002 -96 ] 0 1.0606604 1
( 1816 2176 0 ) ( 1816 2176 32 ) ( 1800 2208 32 ) trim_band_teal [ 3.090862038535038e-08 -3.090862038535038e-08 0.9999999999999996 -16.000141 ] [ -0.7071067811865472 0.7071067811865472 4.371139006309478e-08 399.9997 ] 270 1 1.0606599
}
}
