// entity 0
{
"classname" "func_detail"
"_phong" "1"
// brush 0
{
( 4352 2224 160 ) ( 4352 2192 288 ) ( 4352 2192 160 ) trim_band_teal [ 0 -1 0 0 ] [ 0 0 -1 -32 ] 0 1 1
( 4336 2160 128 ) ( 4368 2224 128 ) ( 4304 2288 128 ) trim_band_teal [ -0.4472135954999582 -0.8944271909999165 -5.551115123125783e-16 21.594238 ] [ -0.8944271909999161 0.44721359549995804 5.551115123125783e-17 192.25488 ] 0 0.809016 1
( 4304 2288 192 ) ( 4368 2224 192 ) ( 4336 2160 192 ) trim_band_teal [ -0.4472135954999582 -0.8944271909999165 5.551115123125783e-16 21.594238 ] [ 0.8944271909999161 -0.44721359549995804 5.551115123125783e-17 -64.25488 ] 0 0.809016 1
( 4368 2224 128 ) ( 4368 2224 192 ) ( 4304 2288 192 ) 64_cyan_1 [ -0.7071067811865476 0.7071067811865476 0 0 ] [ 0 0 -1 0 ] 0 1 1
( 4336 2160 192 ) ( 4368 2224 192 ) ( 4368 2224 128 ) trim_band_teal [ -0.4472135954999576 -0.8944271909999164 0 21.594238 ] [ 0 0 -1 -32 ] 0 0.809016 1
}
// brush 1
{
( 4368 2224 128 ) ( 4304 2288 128 ) ( 4304 2288 192 ) 64_cyan_3 [ 0.7071067811865476 -0.7071067811865476 0 0 ] [ 0 0 -1 0 ] 0 1 1
( 4368 2224 128 ) ( 4432 2256 128 ) ( 4424 2288 128 ) trim_band_teal [ -0.8944271909999164 -0.44721359549995815 -3.885780586188048e-16 182.77051 ] [ -0.44721359549995804 0.8944271909999161 5.551115123125783e-17 -195.77708 ] 0 0.809016 1
( 4424 2288 192 ) ( 4432 2256 192 ) ( 4368 2224 192 ) trim_band_teal [ -0.8944271909999164 -0.44721359549995815 3.885780586188048e-16 182.77051 ] [ 0.44721359549995804 -0.8944271909999161 5.551115123125783e-17 -188.22292 ] 0 0.809016 1
( 4368 2240 160 ) ( 4400 2240 160 ) ( 4400 2240 288 ) trim_band_teal [ -1.0000000000000002 0 0 64 ] [ 0 0 -1.0000000000000002 -32 ] 0 1 1
( 4368 2224 192 ) ( 4432 2256 192 ) ( 4432 2256 128 ) trim_band_teal [ -0.894427190999916 -0.4472135954999584 0 182.77051 ] [ 0 0 -1 -32 ] 0 0.809016 1
}
}
