// entity 0
{
"classname" "func_detail"
"_phong" "1"
// brush 0
{
( 2560 2208 32 ) ( 2560 2176 160 ) ( 2560 2176 32 ) trim_band_teal [ 0 -1 0 0 ] [ 0 0 -1 -160 ] 0 1 1
( 2560 2144 0 ) ( 2592 2208 0 ) ( 2528 2272 0 ) trim_band_teal [ -0.4472135954999582 -0.8944271909999165 -5.551115123125783e-16 -38.21924 ] [ -0.8944271909999161 0.44721359549995804 5.551115123125783e-17 74.66699 ] 0 1.078689 1.0062304
( 2528 2272 64 ) ( 2592 2208 64 ) ( 2560 2144 64 ) trim_band_teal [ -0.4472135954999582 -0.8944271909999165 -5.551115123125783e-16 -38.21924 ] [ -0.8944271909999161 0.44721359549995804 5.551115123125783e-17 74.66699 ] 0 1.078689 1.0062304
( 2592 2208 0 ) ( 2592 2208 64 ) ( 2528 2272 64 ) 64_cyan_1 [ -0.7071067811865476 0.7071067811865476 0 -57.890472 ] [ 0 0 -1 0 ] 0 1 1
( 2560 2144 64 ) ( 2592 2208 64 ) ( 2592 2208 0 ) trim_band_teal [ 0.4472135954999581 0.8944271909999159 0 236.81152 ] [ 0 0 -1 -160 ] 0 1.1180387 1
}
// brush 1
{
( 2592 2208 0 ) ( 2528 2272 0 ) ( 2528 2272 64 ) 64_cyan_3 [ 0.7071067811865476 -0.7071067811865476 0 57.890472 ] [ 0 0 -1 0 ] 0 1 1
( 2592 2208 0 ) ( 2656 2240 0 ) ( 2648 2272 0 ) trim_band_teal [ -0.8944271909999164 -0.44721359549995815 -3.885780586188048e-16 120.983154 ] [ -0.44721359549995804 0.8944271909999161 5.551115123125783e-17 -10.66687 ] 0 1.078689 1.0062304
( 2648 2272 64 ) ( 2656 2240 64 ) ( 2592 2208 64 ) trim_band_teal [ -0.8944271909999164 -0.44721359549995815 -3.885780586188048e-16 120.983154 ] [ -0.44721359549995804 0.8944271909999161 5.551115123125783e-17 -10.66687 ] 0 1.078689 1.0062304
( 2592 2240 32 ) ( 2624 2240 32 ) ( 2624 2240 160 ) trim_band_teal [ -1.0000000000000002 0 0 320 ] [ 0 0 -1.0000000000000002 -160 ] 0 1 1
( 2592 2208 64 ) ( 2656 2240 64 ) ( 2656 2240 0 ) trim_band_teal [ 0.894427190999916 0.44721359549995776 0 83.21216 ] [ 0 0 -1 -160 ] 0 1.1180387 1
}
}
