// entity 0
{
"classname" "func_detail"
"_phong" "1"
// brush 0
{
( 3936 2712 160 ) ( 3936 2680 288 ) ( 3936 2680 160 ) 64_cyan_3 [ 0 -1.0000000000000002 0 0 ] [ 0 0 -1.0000000000000002 0 ] 0 1 1
( 3912 2648 128 ) ( 3944 2712 128 ) ( 3880 2776 128 ) trim_band_teal [ -0.4472135954999582 -0.8944271909999165 -5.551115123125783e-16 -382.38135 ] [ -0.8944271909999161 0.44721359549995804 5.551115123125783e-17 -131.56152 ] 0 0.995713 1.0062332
( 3880 2776 192 ) ( 3944 2712 192 ) ( 3912 2648 192 ) trim_band_teal [ -0.4472135954999582 -0.8944271909999165 -5.551115123125783e-16 -382.38135 ] [ -0.8944271909999161 0.44721359549995804 5.551115123125783e-17 -131.56152 ] 0 0.995713 1.0062332
( 3944 2712 128 ) ( 3944 2712 192 ) ( 3880 2776 192 ) 64_cyan_1 [ -0.7071067811865476 0.7071067811865476 0 -4.8814087 ] [ 0 0 -1 0 ] 0 1 1
( 3912 2648 192 ) ( 3944 2712 192 ) ( 3944 2712 128 ) trim_band_teal [ -0.4472135954999576 -0.8944271909999164 0 -382.38135 ] [ 0 0 -1 -32 ] 0 0.995713 1
}
// brush 1
{
( 3944 2712 128 ) ( 3880 2776 128 ) ( 3880 2776 192 ) 64_cyan_3 [ 0.7071067811865476 -0.7071067811865476 0 4.8814087 ] [ 0 0 -1 0 ] 0 1 1
( 3944 2712 128 ) ( 4008 2744 128 ) ( 4000 2776 128 ) trim_band_teal [ -0.8944271909999164 -0.44721359549995815 -3.885780586188048e-16 170.95752 ] [ -0.44721359549995804 0.8944271909999161 5.551115123125783e-17 -17.778503 ] 0 0.995713 1.0062294
( 4000 2776 192 ) ( 4008 2744 192 ) ( 3944 2712 192 ) trim_band_teal [ -0.8944271909999164 -0.44721359549995815 -3.885780586188048e-16 170.95752 ] [ -0.44721359549995804 0.8944271909999161 5.551115123125783e-17 -17.778503 ] 0 0.995713 1.0062294
( 3944 2720 160 ) ( 3976 2720 160 ) ( 3976 2720 288 ) 64_cyan_3 [ -1.0000000000000002 0 0 0 ] [ 0 0 -1.0000000000000002 0 ] 0 1 1
( 3944 2712 192 ) ( 4008 2744 192 ) ( 4008 2744 128 ) trim_band_teal [ -0.894427190999916 -0.4472135954999584 0 170.95752 ] [ 0 0 -1 -32 ] 0 0.995713 1
}
}
