// entity 0
{
"classname" "func_detail"
"_phong" "1"
// brush 0
{
( 1984 1440 128 ) ( 1984 1504 64 ) ( 1984 1504 128 ) trim_band_teal [ 2.0122792321330962e-15 -1 0 45.252563 ] [ 0 0 -1 -96 ] 0 1.059713 1
( 2016 1472 128 ) ( 2048 1472 256 ) ( 2048 1472 128 ) 64_cyan_3 [ 1 0 -0 0 ] [ 0 -0 -1 0 ] 0 1 1
( 2112 1472 64 ) ( 1856 1504 64 ) ( 1856 1440 64 ) trim_band_teal [ 0 -1.0000000000000002 -2.0122792321330966e-15 109.25183 ] [ -1.0000000000000002 0 0 -416.00012 ] 0 1.059713 1
( 2112 1472 128 ) ( 1856 1440 128 ) ( 1856 1504 128 ) trim_band_teal [ 0 -1.0000000000000002 -2.0122792321330966e-15 109.25183 ] [ -1.0000000000000002 0 0 -416.00012 ] 0 1.059713 1
( 2112 1472 128 ) ( 1856 1504 64 ) ( 2112 1472 64 ) 64_cyan_3 [ -0.9922778767136677 0.12403473458920869 0 -62.85791 ] [ 0 0 -1 0 ] 0 1 1
}
// brush 1
{
( 1996.2352941176473 1536.9411764705883 96 ) ( 1980.2352941176473 1472.9411764705883 224 ) ( 1980.2352941176473 1472.9411764705883 96 ) trim_band_teal [ -0.24253562503633108 -0.9701425001453323 0 -54.595337 ] [ 0 0 -1 -96 ] 0 1.059713 1
( 1856 1504 96 ) ( 2112 1472 224 ) ( 2112 1472 96 ) 64_cyan_2 [ 0.9922778767136677 -0.12403473458920869 0 62.85791 ] [ 0 0 -1 0 ] 0 1 1
( 1856 1472 64 ) ( 1857 1472 64 ) ( 1856 1473 64 ) trim_band_teal [ -0.242535625036333 -0.970142500145332 -1.9567680809018384e-15 -20.342163 ] [ -0.970142500145332 0.242535625036333 -5.898059818321144e-17 -324.84888 ] 0 1.059713 1.0004597
( 2112 1728 128 ) ( 2112 1729 128 ) ( 2113 1728 128 ) trim_band_teal [ -0.242535625036333 -0.970142500145332 -1.9567680809018384e-15 -20.342163 ] [ -0.970142500145332 0.242535625036333 -5.898059818321144e-17 -324.84888 ] 0 1.059713 1.0004597
( 2112 1472 96 ) ( 1872 1568 224 ) ( 1872 1568 96 ) 64_cyan_2 [ -0.9284766908852594 0.371390676354104 0 -38.01062 ] [ 0 0 -1 0 ] 0 1 1
}
// brush 2
{
( 1971.1999999999998 1478.4 96 ) ( 2003.1999999999998 1542.4 96 ) ( 2003.1999999999998 1542.4 224 ) trim_band_teal [ -0.4472135954999564 -0.8944271909999166 0 -290.45337 ] [ 0 0 -1 -96 ] 0 1.059713 1
( 2112 1472 96 ) ( 1872 1568 96 ) ( 1872 1568 224 ) 64_cyan_1 [ 0.9284766908852594 -0.371390676354104 0 38.01062 ] [ 0 0 -1 0 ] 0 1 1
( 1856 1472 64 ) ( 1857 1472 64 ) ( 1856 1473 64 ) trim_band_teal [ -0.447213595499958 -0.8944271909999161 -1.7486012637846216e-15 -282.80737 ] [ -0.8944271909999161 0.44721359549995804 5.551115123125783e-17 -280.88928 ] 0 1.059713 1.0062308
( 2112 1728 128 ) ( 2112 1729 128 ) ( 2113 1728 128 ) trim_band_teal [ -0.447213595499958 -0.8944271909999161 -1.7486012637846216e-15 -282.80737 ] [ -0.8944271909999161 0.44721359549995804 5.551115123125783e-17 -280.88928 ] 0 1.059713 1.0062308
( 1904 1632 96 ) ( 2112 1472 96 ) ( 2112 1472 224 ) 64_cyan_1 [ -0.7926239891046001 0.6097107608496924 0 -55.78174 ] [ 0 0 -1 0 ] 0 1 1
}
// brush 3
{
( 1996 1540 96 ) ( 2044 1588 96 ) ( 2044 1588 224 ) trim_band_teal [ -0.7071067811865462 -0.7071067811865487 0 -72.33374 ] [ 0 0 -1 -96 ] 0 1.059713 1
( 1904 1632 96 ) ( 2112 1472 224 ) ( 2112 1472 96 ) 64_cyan_3 [ 0.7926239891046001 -0.6097107608496924 0 55.78174 ] [ 0 0 -1 0 ] 0 1 1
( 1856 1472 64 ) ( 1857 1472 64 ) ( 1856 1473 64 ) trim_band_teal [ -0.7071067811865477 -0.7071067811865476 -1.7486012637846216e-15 -104.33447 ] [ -0.7071067811865477 0.7071067811865477 1.1102230246251565e-16 -34.78253 ] 0 1.059713 1.0164659
( 2112 1728 128 ) ( 2112 1729 128 ) ( 2113 1728 128 ) trim_band_teal [ -0.7071067811865477 -0.7071067811865476 -1.7486012637846216e-15 -104.33447 ] [ -0.7071067811865477 0.7071067811865477 1.1102230246251565e-16 -34.78253 ] 0 1.059713 1.0164659
( 1952 1680 96 ) ( 2112 1472 96 ) ( 2112 1472 224 ) 64_cyan_3 [ -0.6097107608496924 0.7926239891046001 0 -18.278309 ] [ 0 0 -1 0 ] 0 1 1
}
// brush 4
{
( 1952 1680 96 ) ( 2112 1472 224 ) ( 2112 1472 96 ) 64_cyan_2 [ 0.6097107608496924 -0.7926239891046001 0 18.278309 ] [ 0 0 -1 0 ] 0 1 1
( 2105.6 1612.8 96 ) ( 2041.6 1580.8 224 ) ( 2041.6 1580.8 96 ) trim_band_teal [ -0.8944271909999151 -0.4472135954999593 0 -99.65869 ] [ 0 0 -1 -96 ] 0 1.059713 1
( 1856 1472 64 ) ( 1857 1472 64 ) ( 1856 1473 64 ) trim_band_teal [ -0.8944271909999161 -0.44721359549995804 -1.582067810090848e-15 -171.3064 ] [ -0.44721359549995804 0.8944271909999161 5.551115123125783e-17 174.22244 ] 0 1.059713 1.0062308
( 2112 1728 128 ) ( 2112 1729 128 ) ( 2113 1728 128 ) trim_band_teal [ -0.8944271909999161 -0.44721359549995804 -1.582067810090848e-15 -171.3064 ] [ -0.44721359549995804 0.8944271909999161 5.551115123125783e-17 174.22244 ] 0 1.059713 1.0062308
( 2016 1712 96 ) ( 2112 1472 96 ) ( 2112 1472 224 ) 64_cyan_2 [ -0.37139067635410355 0.9284766908852594 0 -14.071899 ] [ 0 0 -1 0 ] 0 1 1
}
// brush 5
{
( 2016 1712 96 ) ( 2112 1472 224 ) ( 2112 1472 96 ) 64_cyan_1 [ 0.37139067635410355 -0.9284766908852594 0 14.071899 ] [ 0 0 -1 0 ] 0 1 1
( 2111.0588235294117 1603.764705882353 96 ) ( 2047.0588235294117 1587.764705882353 224 ) ( 2047.0588235294117 1587.764705882353 96 ) trim_band_teal [ -0.9701425001453314 -0.2425356250363343 0 252.3252 ] [ 0 0 -1 -96 ] 0 1.059713 1
( 1856 1472 64 ) ( 1857 1472 64 ) ( 1856 1473 64 ) trim_band_teal [ -0.9701425001453319 -0.24253562503633294 -1.4155343563970746e-15 -357.9292 ] [ -0.242535625036333 0.970142500145332 -5.551115123125783e-17 140.06781 ] 0 1.059713 1
( 2112 1728 128 ) ( 2112 1729 128 ) ( 2113 1728 128 ) trim_band_teal [ -0.9701425001453319 -0.24253562503633294 -1.4155343563970746e-15 -357.9292 ] [ -0.242535625036333 0.970142500145332 -5.551115123125783e-17 140.06781 ] 0 1.059713 1
( 2080 1728 96 ) ( 2112 1472 96 ) ( 2112 1472 224 ) 64_cyan_1 [ -0.12403473458920825 0.9922778767136677 0 -58.966064 ] [ 0 0 -1 0 ] 0 1 1
}
// brush 6
{
( 2080 1728 64 ) ( 2112 1472 128 ) ( 2112 1472 64 ) 64_cyan_3 [ 0.12403473458920825 -0.9922778767136677 0 58.966064 ] [ 0 0 -1 0 ] 0 1 1
( 2144 1728 64 ) ( 2080 1728 64 ) ( 2112 1472 64 ) trim_band_teal [ -1 0 -1.3183898417423736e-15 -182.81079 ] [ 0 1.0000000000000002 0 96.00012 ] 0 1.059713 1
( 2144 1728 128 ) ( 2112 1472 128 ) ( 2080 1728 128 ) trim_band_teal [ -1 0 -1.3183898417423736e-15 -182.81079 ] [ 0 1.0000000000000002 0 96.00012 ] 0 1.059713 1
( 2144 1600 128 ) ( 2080 1600 64 ) ( 2144 1600 64 ) trim_band_teal [ -0.9999999999999998 -1.3183898417423734e-15 0 -54.810303 ] [ 0 0 -1 -96 ] 0 1.059713 1
( 2112 1568 128 ) ( 2112 1536 128 ) ( 2112 1536 256 ) 64_cyan_3 [ 0 1 0 0 ] [ 0 0 -1 0 ] 0 1 1
}
}
