// entity 0
{
"classname" "func_detail"
"_phong" "1"
// brush 0
{
( 1984 1856 128 ) ( 1984 1920 64 ) ( 1984 1920 128 ) trim_band_teal [ 2.0122792321330962e-15 -1 0 -10.188965 ] [ 0 0 -1 -96 ] 0 1.059713 1
( 2016 1888 128 ) ( 2080 1888 256 ) ( 2080 1888 128 ) 64_cyan_3 [ 1 0 -0 0 ] [ 0 -0 -1 0 ] 0 1 1
( 2240 1888 64 ) ( 1984 1920 64 ) ( 1984 1856 64 ) trim_band_teal [ 0 -1.0000000000000002 -2.0122792321330966e-15 -10.189087 ] [ -1.0000000000000002 0 0 224 ] 0 1.059713 1
( 2240 1888 128 ) ( 1984 1856 128 ) ( 1984 1920 128 ) trim_band_teal [ 0 -1.0000000000000002 -2.0122792321330966e-15 -10.189087 ] [ -1.0000000000000002 0 0 224 ] 0 1.059713 1
( 2240 1888 128 ) ( 1984 1920 64 ) ( 2240 1888 64 ) 64_cyan_3 [ -0.9922778767136677 0.12403473458920869 0 -51.444702 ] [ 0 0 -1 0 ] 0 1 1
}
// brush 1
{
( 2000 1984 96 ) ( 1984 1920 224 ) ( 1984 1920 96 ) trim_band_teal [ -0.24253562503633108 -0.9701425001453323 0 -122.20874 ] [ 0 0 -1 -96 ] 0 1.059713 1
( 1984 1920 96 ) ( 2240 1888 224 ) ( 2240 1888 96 ) 64_cyan_2 [ 0.9922778767136677 -0.12403473458920869 0 51.444702 ] [ 0 0 -1 0 ] 0 1 1
( 1984 1888 64 ) ( 1985 1888 64 ) ( 1984 1889 64 ) trim_band_teal [ -0.242535625036333 -0.970142500145332 -1.9567680809018384e-15 -122.20874 ] [ -0.970142500145332 0.242535625036333 -5.898059818321144e-17 210.42383 ] 0 1.059713 1.0004597
( 2240 2144 128 ) ( 2240 2145 128 ) ( 2241 2144 128 ) trim_band_teal [ -0.242535625036333 -0.970142500145332 -1.9567680809018384e-15 -122.20874 ] [ -0.970142500145332 0.242535625036333 -5.898059818321144e-17 210.42383 ] 0 1.059713 1.0004597
( 2240 1888 96 ) ( 2000 1984 224 ) ( 2000 1984 96 ) 64_cyan_2 [ -0.9284766908852594 0.371390676354104 0 -9.6640625 ] [ 0 0 -1 0 ] 0 1 1
}
// brush 2
{
( 1984 1952 96 ) ( 2016 2016 96 ) ( 2016 2016 224 ) trim_band_teal [ -0.4472135954999564 -0.8944271909999166 0 122.32593 ] [ 0 0 -1 -96 ] 0 1.059713 1
( 2240 1888 96 ) ( 2000 1984 96 ) ( 2000 1984 224 ) 64_cyan_1 [ 0.9284766908852594 -0.371390676354104 0 9.6640625 ] [ 0 0 -1 0 ] 0 1 1
( 1984 1888 64 ) ( 1985 1888 64 ) ( 1984 1889 64 ) trim_band_teal [ -0.447213595499958 -0.8944271909999161 -1.7486012637846216e-15 122.32593 ] [ -0.8944271909999161 0.44721359549995804 5.551115123125783e-17 159.9997 ] 0 1.059713 1.0062308
( 2240 2144 128 ) ( 2240 2145 128 ) ( 2241 2144 128 ) trim_band_teal [ -0.447213595499958 -0.8944271909999161 -1.7486012637846216e-15 122.32593 ] [ -0.8944271909999161 0.44721359549995804 5.551115123125783e-17 159.9997 ] 0 1.059713 1.0062308
( 2032 2048 96 ) ( 2240 1888 96 ) ( 2240 1888 224 ) 64_cyan_1 [ -0.7926239891046001 0.6097107608496924 0 -15.965546 ] [ 0 0 -1 0 ] 0 1 1
}
// brush 3
{
( 2032 2048 96 ) ( 2080 2096 96 ) ( 2080 2096 224 ) trim_band_teal [ -0.7071067811865462 -0.7071067811865487 0 -253.34375 ] [ 0 0 -1 -96 ] 0 1.059713 1
( 2032 2048 96 ) ( 2240 1888 224 ) ( 2240 1888 96 ) 64_cyan_3 [ 0.7926239891046001 -0.6097107608496924 0 15.965546 ] [ 0 0 -1 0 ] 0 1 1
( 1984 1888 64 ) ( 1985 1888 64 ) ( 1984 1889 64 ) trim_band_teal [ -0.7071067811865477 -0.7071067811865476 -1.7486012637846216e-15 -253.34375 ] [ -0.7071067811865477 0.7071067811865477 1.1102230246251565e-16 276.86966 ] 0 1.059713 1.0164659
( 2240 2144 128 ) ( 2240 2145 128 ) ( 2241 2144 128 ) trim_band_teal [ -0.7071067811865477 -0.7071067811865476 -1.7486012637846216e-15 -253.34375 ] [ -0.7071067811865477 0.7071067811865477 1.1102230246251565e-16 276.86966 ] 0 1.059713 1.0164659
( 2080 2096 96 ) ( 2240 1888 96 ) ( 2240 1888 224 ) 64_cyan_3 [ -0.6097107608496924 0.7926239891046001 0 -13.966888 ] [ 0 0 -1 0 ] 0 1 1
}
// brush 4
{
( 2080 2096 96 ) ( 2240 1888 224 ) ( 2240 1888 96 ) 64_cyan_2 [ 0.6097107608496924 -0.7926239891046001 0 13.966888 ] [ 0 0 -1 0 ] 0 1 1
( 2176 2144 96 ) ( 2112 2112 224 ) ( 2112 2112 96 ) trim_band_teal [ -0.8944271909999151 -0.4472135954999593 0 112.286865 ] [ 0 0 -1 -96 ] 0 1.059713 1
( 1984 1888 64 ) ( 1985 1888 64 ) ( 1984 1889 64 ) trim_band_teal [ -0.8944271909999161 -0.44721359549995804 -1.582067810090848e-15 112.286865 ] [ -0.44721359549995804 0.8944271909999161 5.551115123125783e-17 -138.66638 ] 0 1.059713 1.0062308
( 2240 2144 128 ) ( 2240 2145 128 ) ( 2241 2144 128 ) trim_band_teal [ -0.8944271909999161 -0.44721359549995804 -1.582067810090848e-15 112.286865 ] [ -0.44721359549995804 0.8944271909999161 5.551115123125783e-17 -138.66638 ] 0 1.059713 1.0062308
( 2144 2128 96 ) ( 2240 1888 96 ) ( 2240 1888 224 ) 64_cyan_2 [ -0.37139067635410355 0.9284766908852594 0 31.219849 ] [ 0 0 -1 0 ] 0 1 1
}
// brush 5
{
( 2144 2128 96 ) ( 2240 1888 224 ) ( 2240 1888 96 ) 64_cyan_1 [ 0.37139067635410355 -0.9284766908852594 0 -31.219849 ] [ 0 0 -1 0 ] 0 1 1
( 2208 2144 96 ) ( 2144 2128 224 ) ( 2144 2128 96 ) trim_band_teal [ -0.9701425001453314 -0.2425356250363343 0 366.46118 ] [ 0 0 -1 -96 ] 0 1.059713 1
( 1984 1888 64 ) ( 1985 1888 64 ) ( 1984 1889 64 ) trim_band_teal [ -0.9701425001453319 -0.24253562503633294 -1.4155343563970746e-15 366.46143 ] [ -0.242535625036333 0.970142500145332 -5.551115123125783e-17 279.53308 ] 0 1.059713 1
( 2240 2144 128 ) ( 2240 2145 128 ) ( 2241 2144 128 ) trim_band_teal [ -0.9701425001453319 -0.24253562503633294 -1.4155343563970746e-15 366.46143 ] [ -0.242535625036333 0.970142500145332 -5.551115123125783e-17 279.53308 ] 0 1.059713 1
( 2208 2144 96 ) ( 2240 1888 96 ) ( 2240 1888 224 ) 64_cyan_1 [ -0.12403473458920825 0.9922778767136677 0 -7.8773193 ] [ 0 0 -1 0 ] 0 1 1
}
// brush 6
{
( 2208 2144 64 ) ( 2240 1888 128 ) ( 2240 1888 64 ) 64_cyan_3 [ 0.12403473458920825 -0.9922778767136677 0 7.8773193 ] [ 0 0 -1 0 ] 0 1 1
( 2272 2144 64 ) ( 2208 2144 64 ) ( 2240 1888 64 ) trim_band_teal [ -1 0 -1.3183898417423736e-15 -62.023438 ] [ 0 1.0000000000000002 0 192 ] 0 1.059713 1
( 2272 2144 128 ) ( 2240 1888 128 ) ( 2208 2144 128 ) trim_band_teal [ -1 0 -1.3183898417423736e-15 -62.023438 ] [ 0 1.0000000000000002 0 192 ] 0 1.059713 1
( 2272 2144 128 ) ( 2208 2144 64 ) ( 2272 2144 64 ) trim_band_teal [ -0.9999999999999998 -1.3183898417423734e-15 0 -62.023193 ] [ 0 0 -1 -96 ] 0 1.059713 1
( 2240 2112 128 ) ( 2240 2080 128 ) ( 2240 2080 256 ) 64_cyan_3 [ 0 1 0 0 ] [ 0 0 -1 0 ] 0 1 1
}
}
