// entity 0
{
"classname" "func_detail"
"_phong" "1"
// brush 0
{
( 4400 2112 32 ) ( 4432 2240 32 ) ( 4432 2240 160 ) trim_band_teal [ -0.24253562503633297 -0.9701425001453319 0 -92.66333 ] [ 0 0 -1 -128 ] 0 1 1
( 4352 2112 0 ) ( 4352 2112 1 ) ( 4352.5 2112 0 ) trim_band_teal [ 1 0 0 -390.26025 ] [ 0 0 -1 -160 ] 0 0.809016 1
( 4352 2112 0 ) ( 4352.5 2112 0 ) ( 4352 2112.5 0 ) trim_band_teal [ 1.0000000000000002 0 0 -390.26025 ] [ 0 -1.0000000000000002 0 352 ] 0 0.809016 1
( 4480 2240 64 ) ( 4480 2240.5 64 ) ( 4480.5 2240 64 ) trim_band_teal [ 1.0000000000000002 0 0 -390.26025 ] [ 0 -1.0000000000000002 0 352 ] 0 0.809016 1
( 4400 2240 32 ) ( 4432 2112 32 ) ( 4432 2112 160 ) trim_band_teal [ -0.24253562503633297 0.9701425001453319 0 325.73254 ] [ 0 0 -1 -128 ] 0 1 1
}
// brush 1
{
( 4400 2240 32 ) ( 4432 2112 160 ) ( 4432 2112 32 ) trim_band_teal [ 0.24253562503633297 -0.9701425001453319 0 -325.73254 ] [ 0 0 -1 -128 ] 0 1 1
( 4352 2112 0 ) ( 4352.5 2112 0 ) ( 4352 2112.5 0 ) trim_band_teal [ 0.8944271909999162 0.4472135954999581 0 44.608887 ] [ 0.44721359549995804 -0.8944271909999161 5.551115123125783e-17 -316.44443 ] 0 0.809016 1.0062311
( 4480 2240 64 ) ( 4480 2240.5 64 ) ( 4480.5 2240 64 ) trim_band_teal [ 0.8944271909999162 0.4472135954999581 0 44.608887 ] [ 0.44721359549995804 -0.8944271909999161 5.551115123125783e-17 -316.44443 ] 0 0.809016 1.0062311
( 4464 2128 32 ) ( 4432 2112 32 ) ( 4432 2112 160 ) trim_band_teal [ 0.894427190999916 0.447213595499958 0 44.608887 ] [ 0 0 -1 -160 ] 0 0.809016 1
( 4368 2224 32 ) ( 4464 2128 32 ) ( 4464 2128 160 ) trim_band_teal [ -0.7071067811865476 0.7071067811865476 0 166.82251 ] [ 0 0 -1 -128 ] 0 1 1
}
// brush 2
{
( 4480 2160 32 ) ( 4352 2192 32 ) ( 4352 2192 160 ) 64_cyan_3 [ 0.9701425001453319 -0.24253562503633297 0 -6.4384766 ] [ 0 0 -1 0 ] 0 1 1
( 4352 2160 32 ) ( 4480 2192 32 ) ( 4480 2192 160 ) 64_cyan_3 [ -0.9701425001453319 -0.24253562503633297 0 29.839355 ] [ 0 0 -1 0 ] 0 1 1
( 4352 2112 0 ) ( 4352.5 2112 0 ) ( 4352 2112.5 0 ) trim_band_teal [ 0 1.0000000000000002 -1.665334536937735e-16 458.5359 ] [ 1.0000000000000002 0 0 -96 ] 0 0.809016 1
( 4480 2240 64 ) ( 4480 2240.5 64 ) ( 4480.5 2240 64 ) trim_band_teal [ 0 1.0000000000000002 -1.665334536937735e-16 458.5359 ] [ 1.0000000000000002 0 0 -96 ] 0 0.809016 1
( 4480 2240 64 ) ( 4480 2240 65 ) ( 4480 2240.5 64 ) trim_band_teal [ -1.6653345369377348e-16 1.0000000000000002 0 458.5359 ] [ 0 0 -1 -160 ] 0 0.809016 1
}
// brush 3
{
( 4400 2112 32 ) ( 4432 2240 32 ) ( 4432 2240 160 ) trim_band_teal [ -0.24253562503633297 -0.9701425001453319 0 -92.663086 ] [ 0 0 -1 -128 ] 0 1 1
( 4352 2112 0 ) ( 4352.5 2112 0 ) ( 4352 2112.5 0 ) trim_band_teal [ -0.8944271909999163 0.44721359549995815 -3.3306690738754696e-16 262.10815 ] [ 0.44721359549995804 0.8944271909999161 5.551115123125783e-17 -88.89331 ] 0 0.809016 1.0062294
( 4480 2240 64 ) ( 4480 2240.5 64 ) ( 4480.5 2240 64 ) trim_band_teal [ -0.8944271909999163 0.44721359549995815 -3.3306690738754696e-16 262.10815 ] [ 0.44721359549995804 0.8944271909999161 5.551115123125783e-17 -88.89331 ] 0 0.809016 1.0062294
( 4432 2240 32 ) ( 4464 2224 32 ) ( 4464 2224 160 ) trim_band_teal [ -0.8944271909999163 0.44721359549995776 0 262.10815 ] [ 0 0 -1 -160 ] 0 0.809016 1
( 4368 2128 32 ) ( 4464 2224 160 ) ( 4464 2224 32 ) trim_band_teal [ 0.7071067811865476 0.7071067811865476 0 42.590332 ] [ 0 0 -1 -128 ] 0 1 1
}
// brush 4
{
( 4368 2128 32 ) ( 4464 2224 32 ) ( 4464 2224 160 ) trim_band_teal [ -0.7071067811865476 -0.7071067811865476 0 -42.59082 ] [ 0 0 -1 -128 ] 0 1 1
( 4400 2112 32 ) ( 4368 2128 32 ) ( 4368 2128 160 ) trim_band_teal [ 0.894427190999916 -0.447213595499958 0 -184.594 ] [ 0 0 -1 -160 ] 0 0.809016 1
( 4352 2112 0 ) ( 4352.5 2112 0 ) ( 4352 2112.5 0 ) trim_band_teal [ 0.8944271909999162 -0.4472135954999581 0 -184.594 ] [ -0.44721359549995804 -0.8944271909999161 5.551115123125783e-17 24.89331 ] 0 0.809016 1.0062294
( 4480 2240 64 ) ( 4480 2240.5 64 ) ( 4480.5 2240 64 ) trim_band_teal [ 0.8944271909999162 -0.4472135954999581 0 -184.594 ] [ -0.44721359549995804 -0.8944271909999161 5.551115123125783e-17 24.89331 ] 0 0.809016 1.0062294
( 4400 2112 32 ) ( 4432 2240 160 ) ( 4432 2240 32 ) trim_band_teal [ 0.24253562503633297 0.9701425001453319 0 92.66333 ] [ 0 0 -1 -128 ] 0 1 1
}
// brush 5
{
( 4352 2112 0 ) ( 4352 2112.5 0 ) ( 4352 2112 1 ) trim_band_teal [ 5.551115123125783e-16 -1.0000000000000004 0 -50.08911 ] [ 0 0 -1 -160 ] 0 0.809016 1
( 4352 2112 0 ) ( 4352.5 2112 0 ) ( 4352 2112.5 0 ) trim_band_teal [ 0 -1.0000000000000007 -5.551115123125784e-16 -50.08911 ] [ -1.0000000000000002 0 0 32 ] 0 0.809016 1
( 4480 2240 64 ) ( 4480 2240.5 64 ) ( 4480.5 2240 64 ) trim_band_teal [ 0 -1.0000000000000007 -5.551115123125784e-16 -50.08911 ] [ -1.0000000000000002 0 0 32 ] 0 0.809016 1
( 4352 2160 32 ) ( 4480 2192 160 ) ( 4480 2192 32 ) trim_band_teal [ 0.9701425001453319 0.24253562503633297 0 -93.839355 ] [ 0 0 -1 -128 ] 0 1 1
( 4480 2160 32 ) ( 4352 2192 160 ) ( 4352 2192 32 ) trim_band_teal [ -0.9701425001453319 0.24253562503633297 0 326.43848 ] [ 0 0 -1 -128 ] 0 1 1
}
// brush 6
{
( 4400 2240 32 ) ( 4432 2112 160 ) ( 4432 2112 32 ) trim_band_teal [ 0.24253562503633297 -0.9701425001453319 0 -325.73254 ] [ 0 0 -1 -128 ] 0 1 1
( 4352 2112 0 ) ( 4352.5 2112 0 ) ( 4352 2112.5 0 ) trim_band_teal [ -1.0000000000000002 0 -3.33066907387547e-16 30.706543 ] [ 0 1.0000000000000002 0 -416 ] 0 0.809016 1
( 4480 2240 64 ) ( 4480 2240.5 64 ) ( 4480.5 2240 64 ) trim_band_teal [ -1.0000000000000002 0 -3.33066907387547e-16 30.706543 ] [ 0 1.0000000000000002 0 -416 ] 0 0.809016 1
( 4480 2240 64 ) ( 4480.5 2240 64 ) ( 4480 2240 65 ) trim_band_teal [ -1.0000000000000002 -3.3306690738754696e-16 0 30.706543 ] [ 0 0 -1 -160 ] 0 0.809016 1
( 4400 2112 32 ) ( 4432 2240 160 ) ( 4432 2240 32 ) trim_band_teal [ 0.24253562503633297 0.9701425001453319 0 92.663086 ] [ 0 0 -1 -128 ] 0 1 1
}
// brush 7
{
( 4368 2224 32 ) ( 4464 2128 160 ) ( 4464 2128 32 ) trim_band_teal [ 0.7071067811865476 -0.7071067811865476 0 -166.82251 ] [ 0 0 -1 -128 ] 0 1 1
( 4352 2112 0 ) ( 4352.5 2112 0 ) ( 4352 2112.5 0 ) trim_band_teal [ 0.4472135954999581 0.8944271909999163 -1.942890293094024e-16 311.91992 ] [ 0.8944271909999161 -0.44721359549995804 5.551115123125783e-17 -174.22583 ] 0 0.809016 1.0062294
( 4480 2240 64 ) ( 4480 2240.5 64 ) ( 4480.5 2240 64 ) trim_band_teal [ 0.4472135954999581 0.8944271909999163 -1.942890293094024e-16 311.91992 ] [ 0.8944271909999161 -0.44721359549995804 5.551115123125783e-17 -174.22583 ] 0 0.809016 1.0062294
( 4480 2160 32 ) ( 4352 2192 160 ) ( 4352 2192 32 ) trim_band_teal [ -0.9701425001453319 0.24253562503633297 0 326.43848 ] [ 0 0 -1 -128 ] 0 1 1
( 4480 2160 32 ) ( 4464 2128 32 ) ( 4464 2128 160 ) trim_band_teal [ 0.44721359549995787 0.8944271909999161 0 311.91992 ] [ 0 0 -1 -160 ] 0 0.809016 1
}
// brush 8
{
( 4352 2192 32 ) ( 4368 2224 32 ) ( 4368 2224 160 ) trim_band_teal [ -0.4472135954999576 -0.8944271909999164 0 21.594238 ] [ 0 0 -1 -160 ] 0 0.809016 1
( 4480 2160 32 ) ( 4352 2192 32 ) ( 4352 2192 160 ) trim_band_teal [ 0.9701425001453319 -0.24253562503633297 0 -326.43848 ] [ 0 0 -1 -128 ] 0 1 1
( 4352 2112 0 ) ( 4352.5 2112 0 ) ( 4352 2112.5 0 ) trim_band_teal [ -0.4472135954999582 -0.8944271909999165 -5.551115123125783e-16 21.594238 ] [ -0.8944271909999161 0.44721359549995804 5.551115123125783e-17 110.2146 ] 0 0.809016 1.0062332
( 4480 2240 64 ) ( 4480 2240.5 64 ) ( 4480.5 2240 64 ) trim_band_teal [ -0.4472135954999582 -0.8944271909999165 -5.551115123125783e-16 21.594238 ] [ -0.8944271909999161 0.44721359549995804 5.551115123125783e-17 110.2146 ] 0 0.809016 1.0062332
( 4368 2224 32 ) ( 4464 2128 32 ) ( 4464 2128 160 ) trim_band_teal [ -0.7071067811865476 0.7071067811865476 0 166.82251 ] [ 0 0 -1 -128 ] 0 1 1
}
// brush 9
{
( 4368 2128 32 ) ( 4464 2224 32 ) ( 4464 2224 160 ) trim_band_teal [ -0.7071067811865476 -0.7071067811865476 0 -42.590332 ] [ 0 0 -1 -128 ] 0 1 1
( 4352 2112 0 ) ( 4352.5 2112 0 ) ( 4352 2112.5 0 ) trim_band_teal [ -0.4472135954999582 0.8944271909999164 -1.6653345369377348e-16 149.06787 ] [ 0.8944271909999161 0.44721359549995804 5.551115123125783e-17 -60.43164 ] 0 0.809016 1.0062332
( 4480 2240 64 ) ( 4480 2240.5 64 ) ( 4480.5 2240 64 ) trim_band_teal [ -0.4472135954999582 0.8944271909999164 -1.6653345369377348e-16 149.06787 ] [ 0.8944271909999161 0.44721359549995804 5.551115123125783e-17 -60.43164 ] 0 0.809016 1.0062332
( 4352 2160 32 ) ( 4480 2192 160 ) ( 4480 2192 32 ) trim_band_teal [ 0.9701425001453319 0.24253562503633297 0 -93.839355 ] [ 0 0 -1 -128 ] 0 1 1
( 4464 2224 32 ) ( 4480 2192 32 ) ( 4480 2192 160 ) trim_band_teal [ -0.44721359549995826 0.8944271909999161 0 149.06787 ] [ 0 0 -1 -160 ] 0 0.809016 1
}
// brush 10
{
( 4368 2224 32 ) ( 4464 2128 160 ) ( 4464 2128 32 ) trim_band_teal [ 0.7071067811865476 -0.7071067811865476 0 -166.82251 ] [ 0 0 -1 -128 ] 0 1 1
( 4368 2224 32 ) ( 4400 2240 32 ) ( 4400 2240 160 ) trim_band_teal [ -0.894427190999916 -0.4472135954999584 0 182.77051 ] [ 0 0 -1 -160 ] 0 0.809016 1
( 4352 2112 0 ) ( 4352.5 2112 0 ) ( 4352 2112.5 0 ) trim_band_teal [ -0.8944271909999164 -0.44721359549995815 -3.885780586188048e-16 182.77051 ] [ -0.44721359549995804 0.8944271909999161 5.551115123125783e-17 -259.55554 ] 0 0.809016 1.0062304
( 4480 2240 64 ) ( 4480 2240.5 64 ) ( 4480.5 2240 64 ) trim_band_teal [ -0.8944271909999164 -0.44721359549995815 -3.885780586188048e-16 182.77051 ] [ -0.44721359549995804 0.8944271909999161 5.551115123125783e-17 -259.55554 ] 0 0.809016 1.0062304
( 4400 2240 32 ) ( 4432 2112 32 ) ( 4432 2112 160 ) trim_band_teal [ -0.24253562503633297 0.9701425001453319 0 325.73254 ] [ 0 0 -1 -128 ] 0 1 1
}
// brush 11
{
( 4368 2128 32 ) ( 4352 2160 32 ) ( 4352 2160 160 ) trim_band_teal [ 0.4472135954999587 -0.8944271909999161 0 -177.6884 ] [ 0 0 -1 -160 ] 0 0.809016 1
( 4352 2160 32 ) ( 4480 2192 32 ) ( 4480 2192 160 ) trim_band_teal [ -0.9701425001453319 -0.24253562503633297 0 93.839355 ] [ 0 0 -1 -128 ] 0 1 1
( 4352 2112 0 ) ( 4352.5 2112 0 ) ( 4352 2112.5 0 ) trim_band_teal [ 0.44721359549995826 -0.8944271909999165 -5.828670879282072e-16 -177.6884 ] [ -0.8944271909999161 -0.44721359549995804 5.551115123125783e-17 -3.5683594 ] 0 0.809016 1.0062332
( 4480 2240 64 ) ( 4480 2240.5 64 ) ( 4480.5 2240 64 ) trim_band_teal [ 0.44721359549995826 -0.8944271909999165 -5.828670879282072e-16 -177.6884 ] [ -0.8944271909999161 -0.44721359549995804 5.551115123125783e-17 -3.5683594 ] 0 0.809016 1.0062332
( 4368 2128 32 ) ( 4464 2224 160 ) ( 4464 2224 32 ) trim_band_teal [ 0.7071067811865476 0.7071067811865476 0 42.59082 ] [ 0 0 -1 -128 ] 0 1 1
}
}
