// entity 0
{
"classname" "func_detail"
"_phong" "1"
// brush 0
{
( 4704 1984 32 ) ( 4768 2240 32 ) ( 4768 2240 160 ) 64_cyan_3 [ -0.24253562503633297 -0.9701425001453319 0 37.012207 ] [ 0 0 -1 0 ] 0 1 1
( 4608 1984 0 ) ( 4608 1984 1 ) ( 4609 1984 0 ) trim_band_teal [ 1 0 -0 2 ] [ 0 -0 -1 -160 ] 0 0.809016 1
( 4608 1984 0 ) ( 4609 1984 0 ) ( 4608 1985 0 ) trim_band_teal [ 1.0000000000000002 0 0 2 ] [ 0 -1.0000000000000002 0 224 ] 0 0.809016 1
( 4864 2240 64 ) ( 4864 2241 64 ) ( 4865 2240 64 ) trim_band_teal [ 1.0000000000000002 0 0 2 ] [ 0 -1.0000000000000002 0 224 ] 0 0.809016 1
( 4704 2240 32 ) ( 4768 1984 32 ) ( 4768 1984 160 ) 64_cyan_3 [ -0.24253562503633297 0.9701425001453319 0 61.82489 ] [ 0 0 -1 0 ] 0 1 1
}
// brush 1
{
( 4704 2240 32 ) ( 4768 1984 160 ) ( 4768 1984 32 ) 64_cyan_1 [ 0.24253562503633297 -0.9701425001453319 0 -61.82489 ] [ 0 0 -1 0 ] 0 1 1
( 4608 1984 0 ) ( 4609 1984 0 ) ( 4608 1985 0 ) trim_band_teal [ 0.8944271909999162 0.4472135954999581 0 -472.52783 ] [ 0.44721359549995804 -0.8944271909999161 5.551115123125783e-17 -67.55554 ] 0 0.809016 1.0062306
( 4864 2240 64 ) ( 4864 2241 64 ) ( 4865 2240 64 ) trim_band_teal [ 0.8944271909999162 0.4472135954999581 0 -472.52783 ] [ 0.44721359549995804 -0.8944271909999161 5.551115123125783e-17 -67.55554 ] 0 0.809016 1.0062306
( 4832 2016 32 ) ( 4768 1984 32 ) ( 4768 1984 160 ) trim_band_teal [ 0.894427190999916 0.447213595499958 0 -472.52783 ] [ 0 0 -1 -160 ] 0 0.809016 1
( 4640 2208 32 ) ( 4832 2016 32 ) ( 4832 2016 160 ) 64_cyan_1 [ -0.7071067811865476 0.7071067811865476 0 46.26355 ] [ 0 0 -1 0 ] 0 1 1
}
// brush 2
{
( 4864 2080 32 ) ( 4608 2144 32 ) ( 4608 2144 160 ) 64_cyan_3 [ 0.9701425001453319 -0.24253562503633297 0 -40.77588 ] [ 0 0 -1 0 ] 0 1 1
( 4608 2080 32 ) ( 4864 2144 32 ) ( 4864 2144 160 ) 64_cyan_3 [ -0.9701425001453319 -0.24253562503633297 0 34.573242 ] [ 0 0 -1 0 ] 0 1 1
( 4608 1984 0 ) ( 4609 1984 0 ) ( 4608 1985 0 ) trim_band_teal [ 0 1.0000000000000002 -1.665334536937735e-16 429.44653 ] [ 1.0000000000000002 0 0 -480 ] 0 0.809016 1
( 4864 2240 64 ) ( 4864 2241 64 ) ( 4865 2240 64 ) trim_band_teal [ 0 1.0000000000000002 -1.665334536937735e-16 429.44653 ] [ 1.0000000000000002 0 0 -480 ] 0 0.809016 1
( 4864 2240 64 ) ( 4864 2240 65 ) ( 4864 2241 64 ) trim_band_teal [ -1.6653345369377348e-16 1.0000000000000002 0 429.44653 ] [ 0 0 -1 -160 ] 0 0.809016 1
}
// brush 3
{
( 4704 1984 32 ) ( 4768 2240 32 ) ( 4768 2240 160 ) 64_cyan_2 [ -0.24253562503633297 -0.9701425001453319 0 37.01245 ] [ 0 0 -1 0 ] 0 1 1
( 4608 1984 0 ) ( 4609 1984 0 ) ( 4608 1985 0 ) trim_band_teal [ -0.8944271909999163 0.44721359549995815 -3.3306690738754696e-16 121.60596 ] [ 0.44721359549995804 0.8944271909999161 5.551115123125783e-17 -238.21948 ] 0 0.809016 1.0062313
( 4864 2240 64 ) ( 4864 2241 64 ) ( 4865 2240 64 ) trim_band_teal [ -0.8944271909999163 0.44721359549995815 -3.3306690738754696e-16 121.60596 ] [ 0.44721359549995804 0.8944271909999161 5.551115123125783e-17 -238.21948 ] 0 0.809016 1.0062313
( 4768 2240 32 ) ( 4832 2208 32 ) ( 4832 2208 160 ) trim_band_teal [ -0.8944271909999163 0.44721359549995776 0 121.60596 ] [ 0 0 -1 -160 ] 0 0.809016 1
( 4640 2016 32 ) ( 4832 2208 160 ) ( 4832 2208 32 ) 64_cyan_2 [ 0.7071067811865476 0.7071067811865476 0 -34.502686 ] [ 0 0 -1 0 ] 0 1 1
}
// brush 4
{
( 4640 2016 32 ) ( 4832 2208 32 ) ( 4832 2208 160 ) 64_cyan_2 [ -0.7071067811865476 -0.7071067811865476 0 34.50244 ] [ 0 0 -1 0 ] 0 1 1
( 4704 1984 32 ) ( 4640 2016 32 ) ( 4640 2016 160 ) trim_band_teal [ 0.8944271909999166 -0.44721359549995754 0 -335.41846 ] [ 0 0 -1 -160 ] 0 0.809016 1
( 4608 1984 0 ) ( 4609 1984 0 ) ( 4608 1985 0 ) trim_band_teal [ 0.8944271909999165 -0.44721359549995826 -6.661338147750939e-16 -335.41846 ] [ -0.44721359549995804 -0.8944271909999161 5.551115123125783e-17 46.219482 ] 0 0.809016 1.0062313
( 4864 2240 64 ) ( 4864 2241 64 ) ( 4865 2240 64 ) trim_band_teal [ 0.8944271909999165 -0.44721359549995826 -6.661338147750939e-16 -335.41846 ] [ -0.44721359549995804 -0.8944271909999161 5.551115123125783e-17 46.219482 ] 0 0.809016 1.0062313
( 4704 1984 32 ) ( 4768 2240 160 ) ( 4768 2240 32 ) 64_cyan_2 [ 0.24253562503633297 0.9701425001453319 0 -37.012207 ] [ 0 0 -1 0 ] 0 1 1
}
// brush 5
{
( 4608 1984 0 ) ( 4608 1985 0 ) ( 4608 1984 1 ) trim_band_teal [ 5.551115123125783e-16 -1.0000000000000004 0 -493.3943 ] [ 0 0 -1 -160 ] 0 0.809016 1
( 4608 1984 0 ) ( 4609 1984 0 ) ( 4608 1985 0 ) trim_band_teal [ 0 -1.0000000000000007 -5.551115123125784e-16 -493.3943 ] [ -1.0000000000000002 0 0 288 ] 0 0.809016 1
( 4864 2240 64 ) ( 4864 2241 64 ) ( 4865 2240 64 ) trim_band_teal [ 0 -1.0000000000000007 -5.551115123125784e-16 -493.3943 ] [ -1.0000000000000002 0 0 288 ] 0 0.809016 1
( 4608 2080 32 ) ( 4864 2144 160 ) ( 4864 2144 32 ) 64_cyan_3 [ 0.9701425001453319 0.24253562503633297 0 -34.572998 ] [ 0 0 -1 0 ] 0 1 1
( 4864 2080 32 ) ( 4608 2144 160 ) ( 4608 2144 32 ) 64_cyan_3 [ -0.9701425001453319 0.24253562503633297 0 40.776123 ] [ 0 0 -1 0 ] 0 1 1
}
// brush 6
{
( 4704 2240 32 ) ( 4768 1984 160 ) ( 4768 1984 32 ) 64_cyan_3 [ 0.24253562503633297 -0.9701425001453319 0 -61.825012 ] [ 0 0 -1 0 ] 0 1 1
( 4608 1984 0 ) ( 4609 1984 0 ) ( 4608 1985 0 ) trim_band_teal [ -1.0000000000000002 0 -3.33066907387547e-16 446.05103 ] [ 0 1.0000000000000002 0 -416 ] 0 0.809016 1
( 4864 2240 64 ) ( 4864 2241 64 ) ( 4865 2240 64 ) trim_band_teal [ -1.0000000000000002 0 -3.33066907387547e-16 446.05103 ] [ 0 1.0000000000000002 0 -416 ] 0 0.809016 1
( 4864 2240 64 ) ( 4865 2240 64 ) ( 4864 2240 65 ) trim_band_teal [ -1.0000000000000002 -3.3306690738754696e-16 0 446.05103 ] [ 0 0 -1 -160 ] 0 0.809016 1
( 4704 1984 32 ) ( 4768 2240 160 ) ( 4768 2240 32 ) 64_cyan_3 [ 0.24253562503633297 0.9701425001453319 0 -37.01245 ] [ 0 0 -1 0 ] 0 1 1
}
// brush 7
{
( 4640 2208 32 ) ( 4832 2016 160 ) ( 4832 2016 32 ) 64_cyan_2 [ 0.7071067811865476 -0.7071067811865476 0 -46.26355 ] [ 0 0 -1 0 ] 0 1 1
( 4608 1984 0 ) ( 4609 1984 0 ) ( 4608 1985 0 ) trim_band_teal [ 0.4472135954999581 0.8944271909999163 -1.942890293094024e-16 60.120605 ] [ 0.8944271909999161 -0.44721359549995804 5.551115123125783e-17 -39.108643 ] 0 0.809016 1.0062313
( 4864 2240 64 ) ( 4864 2241 64 ) ( 4865 2240 64 ) trim_band_teal [ 0.4472135954999581 0.8944271909999163 -1.942890293094024e-16 60.120605 ] [ 0.8944271909999161 -0.44721359549995804 5.551115123125783e-17 -39.108643 ] 0 0.809016 1.0062313
( 4864 2080 32 ) ( 4608 2144 160 ) ( 4608 2144 32 ) 64_cyan_2 [ -0.9701425001453319 0.24253562503633297 0 40.77588 ] [ 0 0 -1 0 ] 0 1 1
( 4864 2080 32 ) ( 4832 2016 32 ) ( 4832 2016 160 ) trim_band_teal [ 0.44721359549995787 0.8944271909999161 0 60.120605 ] [ 0 0 -1 -160 ] 0 0.809016 1
}
// brush 8
{
( 4608 2144 32 ) ( 4640 2208 32 ) ( 4640 2208 160 ) trim_band_teal [ -0.4472135954999576 -0.8944271909999164 0 -273.93335 ] [ 0 0 -1 -160 ] 0 0.809016 1
( 4864 2080 32 ) ( 4608 2144 32 ) ( 4608 2144 160 ) 64_cyan_2 [ 0.9701425001453319 -0.24253562503633297 0 -40.776123 ] [ 0 0 -1 0 ] 0 1 1
( 4608 1984 0 ) ( 4609 1984 0 ) ( 4608 1985 0 ) trim_band_teal [ -0.4472135954999582 -0.8944271909999165 -5.551115123125783e-16 -273.93335 ] [ -0.8944271909999161 0.44721359549995804 5.551115123125783e-17 359.11475 ] 0 0.809016 1.0062294
( 4864 2240 64 ) ( 4864 2241 64 ) ( 4865 2240 64 ) trim_band_teal [ -0.4472135954999582 -0.8944271909999165 -5.551115123125783e-16 -273.93335 ] [ -0.8944271909999161 0.44721359549995804 5.551115123125783e-17 359.11475 ] 0 0.809016 1.0062294
( 4640 2208 32 ) ( 4832 2016 32 ) ( 4832 2016 160 ) 64_cyan_2 [ -0.7071067811865476 0.7071067811865476 0 46.26367 ] [ 0 0 -1 0 ] 0 1 1
}
// brush 9
{
( 4640 2016 32 ) ( 4832 2208 32 ) ( 4832 2208 160 ) 64_cyan_1 [ -0.7071067811865476 -0.7071067811865476 0 34.502686 ] [ 0 0 -1 0 ] 0 1 1
( 4608 1984 0 ) ( 4609 1984 0 ) ( 4608 1985 0 ) trim_band_teal [ -0.4472135954999582 0.8944271909999164 -1.6653345369377348e-16 325.98486 ] [ 0.8944271909999161 0.44721359549995804 5.551115123125783e-17 -380.45068 ] 0 0.809016 1.0062294
( 4864 2240 64 ) ( 4864 2241 64 ) ( 4865 2240 64 ) trim_band_teal [ -0.4472135954999582 0.8944271909999164 -1.6653345369377348e-16 325.98486 ] [ 0.8944271909999161 0.44721359549995804 5.551115123125783e-17 -380.45068 ] 0 0.809016 1.0062294
( 4608 2080 32 ) ( 4864 2144 160 ) ( 4864 2144 32 ) 64_cyan_1 [ 0.9701425001453319 0.24253562503633297 0 -34.573242 ] [ 0 0 -1 0 ] 0 1 1
( 4832 2208 32 ) ( 4864 2144 32 ) ( 4864 2144 160 ) trim_band_teal [ -0.44721359549995826 0.8944271909999161 0 325.98486 ] [ 0 0 -1 -160 ] 0 0.809016 1
}
// brush 10
{
( 4640 2208 32 ) ( 4832 2016 160 ) ( 4832 2016 32 ) 64_cyan_1 [ 0.7071067811865476 -0.7071067811865476 0 -46.26367 ] [ 0 0 -1 0 ] 0 1 1
( 4640 2208 32 ) ( 4704 2240 32 ) ( 4704 2240 160 ) trim_band_teal [ -0.894427190999916 -0.4472135954999584 0 46.44458 ] [ 0 0 -1 -160 ] 0 0.809016 1
( 4608 1984 0 ) ( 4609 1984 0 ) ( 4608 1985 0 ) trim_band_teal [ -0.8944271909999164 -0.44721359549995815 -3.885780586188048e-16 46.44458 ] [ -0.44721359549995804 0.8944271909999161 5.551115123125783e-17 -124.44444 ] 0 0.809016 1.0062306
( 4864 2240 64 ) ( 4864 2241 64 ) ( 4865 2240 64 ) trim_band_teal [ -0.8944271909999164 -0.44721359549995815 -3.885780586188048e-16 46.44458 ] [ -0.44721359549995804 0.8944271909999161 5.551115123125783e-17 -124.44444 ] 0 0.809016 1.0062306
( 4704 2240 32 ) ( 4768 1984 32 ) ( 4768 1984 160 ) 64_cyan_1 [ -0.24253562503633297 0.9701425001453319 0 61.825012 ] [ 0 0 -1 0 ] 0 1 1
}
// brush 11
{
( 4640 2016 32 ) ( 4608 2080 32 ) ( 4608 2080 160 ) trim_band_teal [ 0.4472135954999587 -0.8944271909999161 0 -240.06763 ] [ 0 0 -1 -160 ] 0 0.809016 1
( 4608 2080 32 ) ( 4864 2144 32 ) ( 4864 2144 160 ) 64_cyan_1 [ -0.9701425001453319 -0.24253562503633297 0 34.572998 ] [ 0 0 -1 0 ] 0 1 1
( 4608 1984 0 ) ( 4609 1984 0 ) ( 4608 1985 0 ) trim_band_teal [ 0.44721359549995826 -0.8944271909999165 -5.828670879282072e-16 -240.06763 ] [ -0.8944271909999161 -0.44721359549995804 5.551115123125783e-17 188.43115 ] 0 0.809016 1.0062332
( 4864 2240 64 ) ( 4864 2241 64 ) ( 4865 2240 64 ) trim_band_teal [ 0.44721359549995826 -0.8944271909999165 -5.828670879282072e-16 -240.06763 ] [ -0.8944271909999161 -0.44721359549995804 5.551115123125783e-17 188.43115 ] 0 0.809016 1.0062332
( 4640 2016 32 ) ( 4832 2208 160 ) ( 4832 2208 32 ) 64_cyan_1 [ 0.7071067811865476 0.7071067811865476 0 -34.50244 ] [ 0 0 -1 0 ] 0 1 1
}
}
