// entity 0
{
"classname" "func_detail"
"_phong" "1"
// brush 0
{
( 3128 1472 32 ) ( 3208 1792 32 ) ( 3208 1792 160 ) 64_cyan_3 [ -0.19402850002906635 -0.7761140001162654 0 0.72302246 ] [ 0 0 -1 0 ] 5.4753947 1 1
( 3008 1472 0 ) ( 3008 1472 1 ) ( 3009.2500000000005 1472 0 ) trim_band_teal [ 0.7999999999999998 0 0 -141.18433 ] [ 0 0 -1 -160 ] 0 1.078689 1
( 3008 1472 0 ) ( 3009.2500000000005 1472 0 ) ( 3008 1473.25 0 ) trim_band_teal [ 0.8 0 0 -141.18433 ] [ 0 -0.8 0 -70.400024 ] 0 1.078689 1
( 3328 1792 64 ) ( 3328 1793.2500000000005 64 ) ( 3329.2500000000005 1792 64 ) trim_band_teal [ 0.8 0 0 -141.18433 ] [ 0 -0.8 0 -70.400024 ] 0 1.078689 1
( 3128 1792 32 ) ( 3208 1472 32 ) ( 3208 1472 160 ) 64_cyan_3 [ -0.19402850002906635 0.7761140001162654 0 -9.8186035 ] [ 0 0 -1 0 ] 5.4753947 1 1
}
// brush 1
{
( 3128 1792 32 ) ( 3208 1472 160 ) ( 3208 1472 32 ) 64_cyan_1 [ 0.19402850002906635 -0.7761140001162654 0 9.8186035 ] [ 0 0 -1 0 ] 5.4753947 1 1
( 3008 1472 0 ) ( 3009.2500000000005 1472 0 ) ( 3008 1473.25 0 ) trim_band_teal [ 0.7155417527999328 0.3577708763999664 0 133.77173 ] [ 0.35777087639996635 -0.7155417527999327 5.551115123125783e-17 -317.86664 ] 0.62890625 1.078689 1.0062302
( 3328 1792 64 ) ( 3328 1793.2500000000005 64 ) ( 3329.2500000000005 1792 64 ) trim_band_teal [ 0.7155417527999328 0.3577708763999664 0 133.77173 ] [ 0.35777087639996635 -0.7155417527999327 5.551115123125783e-17 -317.86664 ] 359.3711 1.078689 1.0062302
( 3288 1512 32 ) ( 3208 1472 32 ) ( 3208 1472 160 ) trim_band_teal [ 0.7155417527999326 0.35777087639996635 0 -378.22827 ] [ 0 0 -1 -160 ] 0 1.078689 1
( 3048 1752 32 ) ( 3288 1512 32 ) ( 3288 1512 160 ) 64_cyan_1 [ -0.5656854249492379 0.5656854249492379 0 19.70819 ] [ 0 0 -1 0 ] 25.19909 1 1
}
// brush 2
{
( 3328 1592 32 ) ( 3008 1672 32 ) ( 3008 1672 160 ) 64_cyan_3 [ 0.7761140001162654 -0.19402850002906635 0 -20.49121 ] [ 0 0 -1 0 ] 6.6554856 1 1
( 3008 1592 32 ) ( 3328 1672 32 ) ( 3328 1672 160 ) 64_cyan_3 [ -0.7761140001162654 -0.19402850002906635 0 7.126709 ] [ 0 0 -1 0 ] 6.6554856 1 1
( 3008 1472 0 ) ( 3009.2500000000005 1472 0 ) ( 3008 1473.25 0 ) trim_band_teal [ 0 0.8 -1.665334536937735e-16 165.97632 ] [ 0.8 0 0 -326.40015 ] 0 1.078689 1
( 3328 1792 64 ) ( 3328 1793.2500000000005 64 ) ( 3329.2500000000005 1792 64 ) trim_band_teal [ 0 0.8 -1.665334536937735e-16 165.97632 ] [ 0.8 0 0 -326.40015 ] 0 1.078689 1
( 3328 1792 64 ) ( 3328 1792 65 ) ( 3328 1793.2500000000005 64 ) trim_band_teal [ -1.3877787807814457e-16 0.7999999999999999 0 165.97644 ] [ 0 0 -1 -160 ] 0 1.078689 1
}
// brush 3
{
( 3128 1472 32 ) ( 3208 1792 32 ) ( 3208 1792 160 ) 64_cyan_2 [ -0.19402850002906635 -0.7761140001162654 0 0.72314453 ] [ 0 0 -1 0 ] 5.4753947 1 1
( 3008 1472 0 ) ( 3009.2500000000005 1472 0 ) ( 3008 1473.25 0 ) trim_band_teal [ -0.7155417527999329 0.35777087639996646 -3.3306690738754696e-16 0.31982422 ] [ 0.35777087639996635 0.7155417527999327 5.551115123125783e-17 -78.93164 ] 359.3711 1.078689 1.0062313
( 3328 1792 64 ) ( 3328 1793.2500000000005 64 ) ( 3329.2500000000005 1792 64 ) trim_band_teal [ -0.7155417527999329 0.35777087639996646 -3.3306690738754696e-16 0.31982422 ] [ 0.35777087639996635 0.7155417527999327 5.551115123125783e-17 -78.93164 ] 0.6289321 1.078689 1.0062313
( 3208 1792 32 ) ( 3288 1752 32 ) ( 3288 1752 160 ) trim_band_teal [ -0.7155417527999327 0.3577708763999662 0 0.3199463 ] [ 0 0 -1 -160 ] 0 1.078689 1
( 3048 1512 32 ) ( 3288 1752 160 ) ( 3288 1752 32 ) 64_cyan_2 [ 0.5656854249492379 0.5656854249492379 0 -19.525635 ] [ 0 0 -1 0 ] 25.19909 1 1
}
// brush 4
{
( 3048 1512 32 ) ( 3288 1752 32 ) ( 3288 1752 160 ) 64_cyan_2 [ -0.5656854249492379 -0.5656854249492379 0 19.52539 ] [ 0 0 -1 0 ] 25.19909 1 1
( 3128 1472 32 ) ( 3048 1512 32 ) ( 3048 1512 160 ) trim_band_teal [ 0.7155417527999326 -0.35777087639996635 0 79.95044 ] [ 0 0 -1 -160 ] 0 1.078689 1
( 3008 1472 0 ) ( 3009.2500000000005 1472 0 ) ( 3008 1473.25 0 ) trim_band_teal [ 0.7155417527999332 -0.3577708763999666 -6.661338147750939e-16 -176.0498 ] [ -0.35777087639996635 -0.7155417527999327 5.551115123125783e-17 -113.06421 ] 359.3711 1.078689 1.0062294
( 3328 1792 64 ) ( 3328 1793.2500000000005 64 ) ( 3329.2500000000005 1792 64 ) trim_band_teal [ 0.7155417527999332 -0.3577708763999666 -6.661338147750939e-16 -176.0498 ] [ -0.35777087639996635 -0.7155417527999327 5.551115123125783e-17 -113.06421 ] 0.6289321 1.078689 1.0062294
( 3128 1472 32 ) ( 3208 1792 160 ) ( 3208 1792 32 ) 64_cyan_2 [ 0.19402850002906635 0.7761140001162654 0 -0.72302246 ] [ 0 0 -1 0 ] 5.4753947 1 1
}
// brush 5
{
( 3008 1472 0 ) ( 3008 1473.25 0 ) ( 3008 1472 1 ) trim_band_teal [ -1.3877787807814457e-16 -0.7999999999999999 0 154.69275 ] [ 0 0 -1 -160 ] 0 1.078689 1
( 3008 1472 0 ) ( 3009.2500000000005 1472 0 ) ( 3008 1473.25 0 ) trim_band_teal [ 0 -0.8000000000000004 -5.551115123125784e-16 -101.30737 ] [ -0.8 0 0 134.3999 ] 0 1.078689 1
( 3328 1792 64 ) ( 3328 1793.2500000000005 64 ) ( 3329.2500000000005 1792 64 ) trim_band_teal [ 0 -0.8000000000000004 -5.551115123125784e-16 -101.30737 ] [ -0.8 0 0 134.3999 ] 0 1.078689 1
( 3008 1592 32 ) ( 3328 1672 160 ) ( 3328 1672 32 ) 64_cyan_3 [ 0.7761140001162654 0.19402850002906635 0 -7.126709 ] [ 0 0 -1 0 ] 6.6554856 1 1
( 3328 1592 32 ) ( 3008 1672 160 ) ( 3008 1672 32 ) 64_cyan_3 [ -0.7761140001162654 0.19402850002906635 0 20.49121 ] [ 0 0 -1 0 ] 6.6554856 1 1
}
// brush 6
{
( 3128 1792 32 ) ( 3208 1472 160 ) ( 3208 1472 32 ) 64_cyan_3 [ 0.19402850002906635 -0.7761140001162654 0 9.8185425 ] [ 0 0 -1 0 ] 5.4753947 1 1
( 3008 1472 0 ) ( 3009.2500000000005 1472 0 ) ( 3008 1473.25 0 ) trim_band_teal [ -0.8 0 -3.33066907387547e-16 -178.14697 ] [ 0 0.8 0 390.3999 ] 0 1.078689 1
( 3328 1792 64 ) ( 3328 1793.2500000000005 64 ) ( 3329.2500000000005 1792 64 ) trim_band_teal [ -0.8 0 -3.33066907387547e-16 -178.14697 ] [ 0 0.8 0 390.3999 ] 0 1.078689 1
( 3328 1792 64 ) ( 3329.2500000000005 1792 64 ) ( 3328 1792 65 ) trim_band_teal [ -0.7999999999999999 -1.942890293094024e-16 0 333.85327 ] [ 0 0 -1 -160 ] 0 1.078689 1
( 3128 1472 32 ) ( 3208 1792 160 ) ( 3208 1792 32 ) 64_cyan_3 [ 0.19402850002906635 0.7761140001162654 0 -0.72314453 ] [ 0 0 -1 0 ] 5.4753947 1 1
}
// brush 7
{
( 3048 1752 32 ) ( 3288 1512 160 ) ( 3288 1512 32 ) 64_cyan_2 [ 0.5656854249492379 -0.5656854249492379 0 -19.70819 ] [ 0 0 -1 0 ] 25.19909 1 1
( 3008 1472 0 ) ( 3009.2500000000005 1472 0 ) ( 3008 1473.25 0 ) trim_band_teal [ 0.3577708763999664 0.7155417527999329 -1.942890293094024e-16 210.82104 ] [ 0.7155417527999327 -0.35777087639996635 5.551115123125783e-17 23.466309 ] 359.2965 1.078689 1.0062304
( 3328 1792 64 ) ( 3328 1793.2500000000005 64 ) ( 3329.2500000000005 1792 64 ) trim_band_teal [ 0.3577708763999664 0.7155417527999329 -1.942890293094024e-16 210.82104 ] [ 0.7155417527999327 -0.35777087639996635 5.551115123125783e-17 23.466309 ] 0.7035781 1.078689 1.0062304
( 3328 1592 32 ) ( 3008 1672 160 ) ( 3008 1672 32 ) 64_cyan_2 [ -0.7761140001162654 0.19402850002906635 0 20.49121 ] [ 0 0 -1 0 ] 6.6554856 1 1
( 3328 1592 32 ) ( 3288 1512 32 ) ( 3288 1512 160 ) trim_band_teal [ 0.35777087639996624 0.7155417527999327 0 210.82129 ] [ 0 0 -1 -160 ] 0 1.078689 1
}
// brush 8
{
( 3008 1672 32 ) ( 3048 1752 32 ) ( 3048 1752 160 ) trim_band_teal [ -0.3577708763999665 -0.7155417527999326 0 -2.5507812 ] [ 0 0 -1 -160 ] 0 1.078689 1
( 3328 1592 32 ) ( 3008 1672 32 ) ( 3008 1672 160 ) 64_cyan_2 [ 0.7761140001162654 -0.19402850002906635 0 -20.49121 ] [ 0 0 -1 0 ] 6.6554856 1 1
( 3008 1472 0 ) ( 3009.2500000000005 1472 0 ) ( 3008 1473.25 0 ) trim_band_teal [ -0.3577708763999665 -0.7155417527999332 -5.551115123125783e-16 -258.55078 ] [ -0.7155417527999327 0.35777087639996635 5.551115123125783e-17 296.5337 ] 359.2965 1.078689 1.0062304
( 3328 1792 64 ) ( 3328 1793.2500000000005 64 ) ( 3329.2500000000005 1792 64 ) trim_band_teal [ -0.3577708763999665 -0.7155417527999332 -5.551115123125783e-16 -258.55078 ] [ -0.7155417527999327 0.35777087639996635 5.551115123125783e-17 296.5337 ] 0.7035781 1.078689 1.0062304
( 3048 1752 32 ) ( 3288 1512 32 ) ( 3288 1512 160 ) 64_cyan_2 [ -0.5656854249492379 0.5656854249492379 0 19.708313 ] [ 0 0 -1 0 ] 25.19909 1 1
}
// brush 9
{
( 3048 1512 32 ) ( 3288 1752 32 ) ( 3288 1752 160 ) 64_cyan_1 [ -0.5656854249492379 -0.5656854249492379 0 19.525635 ] [ 0 0 -1 0 ] 25.19909 1 1
( 3008 1472 0 ) ( 3009.2500000000005 1472 0 ) ( 3008 1473.25 0 ) trim_band_teal [ -0.3577708763999665 0.715541752799933 -1.6653345369377348e-16 376.69327 ] [ 0.7155417527999327 0.35777087639996635 5.551115123125783e-17 -113.06445 ] 0.7035781 1.078689 1.0062313
( 3328 1792 64 ) ( 3328 1793.2500000000005 64 ) ( 3329.2500000000005 1792 64 ) trim_band_teal [ -0.3577708763999665 0.715541752799933 -1.6653345369377348e-16 376.69327 ] [ 0.7155417527999327 0.35777087639996635 5.551115123125783e-17 -113.06445 ] 359.2965 1.078689 1.0062313
( 3008 1592 32 ) ( 3328 1672 160 ) ( 3328 1672 32 ) 64_cyan_1 [ 0.7761140001162654 0.19402850002906635 0 -7.126709 ] [ 0 0 -1 0 ] 6.6554856 1 1
( 3288 1752 32 ) ( 3328 1672 32 ) ( 3328 1672 160 ) trim_band_teal [ -0.3577708763999665 0.7155417527999326 0 376.69348 ] [ 0 0 -1 -160 ] 0 1.078689 1
}
// brush 10
{
( 3048 1752 32 ) ( 3288 1512 160 ) ( 3288 1512 32 ) 64_cyan_1 [ 0.5656854249492379 -0.5656854249492379 0 -19.708313 ] [ 0 0 -1 0 ] 25.19909 1 1
( 3048 1752 32 ) ( 3128 1792 32 ) ( 3128 1792 160 ) trim_band_teal [ -0.7155417527999327 -0.3577708763999662 0 427.2959 ] [ 0 0 -1 -160 ] 0 1.078689 1
( 3008 1472 0 ) ( 3009.2500000000005 1472 0 ) ( 3008 1473.25 0 ) trim_band_teal [ -0.715541752799933 -0.35777087639996646 -3.885780586188048e-16 -340.7041 ] [ -0.35777087639996635 0.7155417527999327 5.551115123125783e-17 125.86654 ] 0.6289321 1.078689 1.0062304
( 3328 1792 64 ) ( 3328 1793.2500000000005 64 ) ( 3329.2500000000005 1792 64 ) trim_band_teal [ -0.715541752799933 -0.35777087639996646 -3.885780586188048e-16 -340.7041 ] [ -0.35777087639996635 0.7155417527999327 5.551115123125783e-17 125.86654 ] 359.3711 1.078689 1.0062304
( 3128 1792 32 ) ( 3208 1472 32 ) ( 3208 1472 160 ) 64_cyan_1 [ -0.19402850002906635 0.7761140001162654 0 -9.8185425 ] [ 0 0 -1 0 ] 5.4753947 1 1
}
// brush 11
{
( 3048 1512 32 ) ( 3008 1592 32 ) ( 3008 1592 160 ) trim_band_teal [ 0.35777087639996624 -0.7155417527999327 0 56.37451 ] [ 0 0 -1 -160 ] 0 1.078689 1
( 3008 1592 32 ) ( 3328 1672 32 ) ( 3328 1672 160 ) 64_cyan_1 [ -0.7761140001162654 -0.19402850002906635 0 7.126709 ] [ 0 0 -1 0 ] 6.6554856 1 1
( 3008 1472 0 ) ( 3009.2500000000005 1472 0 ) ( 3008 1473.25 0 ) trim_band_teal [ 0.3577708763999666 -0.7155417527999332 -5.828670879282072e-16 -199.62546 ] [ -0.7155417527999327 -0.35777087639996635 5.551115123125783e-17 -78.930176 ] 0.7035781 1.078689 1.0062294
( 3328 1792 64 ) ( 3328 1793.2500000000005 64 ) ( 3329.2500000000005 1792 64 ) trim_band_teal [ 0.3577708763999666 -0.7155417527999332 -5.828670879282072e-16 -199.62546 ] [ -0.7155417527999327 -0.35777087639996635 5.551115123125783e-17 -78.930176 ] 359.2965 1.078689 1.0062294
( 3048 1512 32 ) ( 3288 1752 160 ) ( 3288 1752 32 ) 64_cyan_1 [ 0.5656854249492379 0.5656854249492379 0 -19.52539 ] [ 0 0 -1 0 ] 25.19909 1 1
}
}
