// entity 0
{
"classname" "func_detail"
"_phong" "1"
// brush 0
{
( 3952 2624 32 ) ( 3984 2752 32 ) ( 3984 2752 160 ) trim_band_teal [ -0.24253562503633297 -0.9701425001453319 0 295.3938 ] [ 0 0 -1 -128 ] 0 1 1
( 3904 2656 0 ) ( 3904 2656 1 ) ( 3904.5 2656 0 ) trim_band_teal [ 1 0 -0 -1 ] [ 0 -0 -1 -160 ] 0 0.995713 1
( 3904 2624 0 ) ( 3904.5 2624 0 ) ( 3904 2624.5 0 ) trim_band_teal [ 1.0000000000000002 0 0 -1 ] [ 0 -1.0000000000000002 0 -288 ] 0 0.995713 1
( 4032 2752 64 ) ( 4032 2752.5 64 ) ( 4032.5 2752 64 ) trim_band_teal [ 1.0000000000000002 0 0 -1 ] [ 0 -1.0000000000000002 0 -288 ] 0 0.995713 1
( 3952 2752 32 ) ( 3984 2624 32 ) ( 3984 2624 160 ) trim_band_teal [ -0.24253562503633297 0.9701425001453319 0 -279.63635 ] [ 0 0 -1 -128 ] 0 1 1
}
// brush 1
{
( 3952 2752 32 ) ( 3984 2624 160 ) ( 3984 2624 32 ) trim_band_teal [ 0.24253562503633297 -0.9701425001453319 0 279.63635 ] [ 0 0 -1 -128 ] 0 1 1
( 3904 2624 0 ) ( 3904.5 2624 0 ) ( 3904 2624.5 0 ) trim_band_teal [ 0.8944271909999162 0.4472135954999581 0 -260.34888 ] [ 0.44721359549995804 -0.8944271909999161 5.551115123125783e-17 209.77734 ] 0 0.995713 1.0062313
( 4032 2752 64 ) ( 4032 2752.5 64 ) ( 4032.5 2752 64 ) trim_band_teal [ 0.8944271909999162 0.4472135954999581 0 -260.34888 ] [ 0.44721359549995804 -0.8944271909999161 5.551115123125783e-17 209.77734 ] 0 0.995713 1.0062313
( 4001.6 2668.8 32 ) ( 3969.6 2652.8 32 ) ( 3969.6 2652.8 160 ) trim_band_teal [ 0.894427190999916 0.447213595499958 0 -260.34888 ] [ 0 0 -1 -160 ] 0 0.995713 1
( 3920 2736 32 ) ( 4016 2640 32 ) ( 4016 2640 160 ) trim_band_teal [ -0.7071067811865476 0.7071067811865476 0 0 ] [ 0 0 -1 -128 ] 0 1 1
}
// brush 2
{
( 4032 2672 32 ) ( 3904 2704 32 ) ( 3904 2704 160 ) trim_band_teal [ 0.9701425001453319 -0.24253562503633297 0 40.36377 ] [ 0 0 -1 0 ] 0 1 1
( 3904 2672 32 ) ( 4032 2704 32 ) ( 4032 2704 160 ) trim_band_teal [ -0.9701425001453319 -0.24253562503633297 0 -24.605957 ] [ 0 0 -1 0 ] 0 1 1
( 3904 2624 0 ) ( 3904.5 2624 0 ) ( 3904 2624.5 0 ) trim_band_teal [ 0 1.0000000000000002 -1.665334536937735e-16 312.51074 ] [ 1.0000000000000002 0 0 224 ] 0 0.995713 1
( 4032 2752 64 ) ( 4032 2752.5 64 ) ( 4032.5 2752 64 ) trim_band_teal [ 0 1.0000000000000002 -1.665334536937735e-16 312.51074 ] [ 1.0000000000000002 0 0 224 ] 0 0.995713 1
( 4000 2752 64 ) ( 4000 2752 65 ) ( 4000 2752.5 64 ) trim_band_teal [ -1.6653345369377348e-16 1.0000000000000002 0 312.51074 ] [ 0 0 -1 -160 ] 0 0.995713 1
}
// brush 3
{
( 3952 2624 32 ) ( 3984 2752 32 ) ( 3984 2752 160 ) trim_band_teal [ -0.24253562503633297 -0.9701425001453319 0 295.3938 ] [ 0 0 -1 -128 ] 0 1 1
( 3904 2624 0 ) ( 3904.5 2624 0 ) ( 3904 2624.5 0 ) trim_band_teal [ -0.8944271909999163 0.44721359549995815 -3.3306690738754696e-16 285.94482 ] [ 0.44721359549995804 0.8944271909999161 5.551115123125783e-17 39.15381 ] 0 0.995713 1.0062408
( 4032 2752 64 ) ( 4032 2752.5 64 ) ( 4032.5 2752 64 ) trim_band_teal [ -0.8944271909999163 0.44721359549995815 -3.3306690738754696e-16 285.94482 ] [ 0.44721359549995804 0.8944271909999161 5.551115123125783e-17 39.15381 ] 0 0.995713 1.0062408
( 3969.6000000000013 2723.2000000000025 32 ) ( 4001.6000000000013 2707.2000000000025 32 ) ( 4001.6000000000013 2707.2000000000025 160 ) trim_band_teal [ -0.8944271909999163 0.44721359549995776 0 285.94482 ] [ 0 0 -1 -160 ] 0 0.995713 1
( 3920 2640 32 ) ( 4016 2736 160 ) ( 4016 2736 32 ) trim_band_teal [ 0.7071067811865476 0.7071067811865476 0 -2.6645508 ] [ 0 0 -1 -128 ] 0 1 1
}
// brush 4
{
( 3920 2640 32 ) ( 4016 2736 32 ) ( 4016 2736 160 ) trim_band_teal [ -0.7071067811865476 -0.7071067811865476 0 2.6640625 ] [ 0 0 -1 -128 ] 0 1 1
( 3966.4 2652.8 32 ) ( 3934.4 2668.8 32 ) ( 3934.4 2668.8 160 ) trim_band_teal [ 0.8944271909999166 -0.44721359549995754 0 -228.21875 ] [ 0 0 -1 -160 ] 0 0.995713 1
( 3904 2624 0 ) ( 3904.5 2624 0 ) ( 3904 2624.5 0 ) trim_band_teal [ 0.8944271909999165 -0.44721359549995826 -6.661338147750939e-16 -228.21875 ] [ -0.44721359549995804 -0.8944271909999161 5.551115123125783e-17 -359.09058 ] 0 0.995713 1.0062256
( 4032 2752 64 ) ( 4032 2752.5 64 ) ( 4032.5 2752 64 ) trim_band_teal [ 0.8944271909999165 -0.44721359549995826 -6.661338147750939e-16 -228.21875 ] [ -0.44721359549995804 -0.8944271909999161 5.551115123125783e-17 -359.09058 ] 0 0.995713 1.0062256
( 3952 2624 32 ) ( 3984 2752 160 ) ( 3984 2752 32 ) trim_band_teal [ 0.24253562503633297 0.9701425001453319 0 -295.3938 ] [ 0 0 -1 -128 ] 0 1 1
}
// brush 5
{
( 3936 2624 0 ) ( 3936 2624.5 0 ) ( 3936 2624 1 ) trim_band_teal [ 5.551115123125783e-16 -1.0000000000000004 0 -328.34326 ] [ 0 0 -1 -160 ] 0 0.995713 1
( 3904 2624 0 ) ( 3904.5 2624 0 ) ( 3904 2624.5 0 ) trim_band_teal [ 0 -1.0000000000000007 -5.551115123125784e-16 -328.34326 ] [ -1.0000000000000002 0 0 -32 ] 0 0.995713 1
( 4032 2752 64 ) ( 4032 2752.5 64 ) ( 4032.5 2752 64 ) trim_band_teal [ 0 -1.0000000000000007 -5.551115123125784e-16 -328.34326 ] [ -1.0000000000000002 0 0 -32 ] 0 0.995713 1
( 3904 2672 32 ) ( 4032 2704 160 ) ( 4032 2704 32 ) trim_band_teal [ 0.9701425001453319 0.24253562503633297 0 216.60596 ] [ 0 0 -1 -128 ] 0 1 1
( 4032 2672 32 ) ( 3904 2704 160 ) ( 3904 2704 32 ) trim_band_teal [ -0.9701425001453319 0.24253562503633297 0 -232.36377 ] [ 0 0 -1 -128 ] 0 1 1
}
// brush 6
{
( 3952 2752 32 ) ( 3984 2624 160 ) ( 3984 2624 32 ) trim_band_teal [ 0.24253562503633297 -0.9701425001453319 0 279.63635 ] [ 0 0 -1 -128 ] 0 1 1
( 3904 2624 0 ) ( 3904.5 2624 0 ) ( 3904 2624.5 0 ) trim_band_teal [ -1.0000000000000002 0 -3.33066907387547e-16 393.16772 ] [ 0 1.0000000000000002 0 -32 ] 0 0.995713 1
( 4032 2752 64 ) ( 4032 2752.5 64 ) ( 4032.5 2752 64 ) trim_band_teal [ -1.0000000000000002 0 -3.33066907387547e-16 393.16772 ] [ 0 1.0000000000000002 0 -32 ] 0 0.995713 1
( 4032 2720 64 ) ( 4032.5 2720 64 ) ( 4032 2720 65 ) trim_band_teal [ -1.0000000000000002 -3.3306690738754696e-16 0 393.16772 ] [ 0 0 -1 -160 ] 0 0.995713 1
( 3952 2624 32 ) ( 3984 2752 160 ) ( 3984 2752 32 ) trim_band_teal [ 0.24253562503633297 0.9701425001453319 0 -295.3938 ] [ 0 0 -1 -128 ] 0 1 1
}
// brush 7
{
( 3920 2736 32 ) ( 4016 2640 160 ) ( 4016 2640 32 ) trim_band_teal [ 0.7071067811865476 -0.7071067811865476 0 0 ] [ 0 0 -1 -128 ] 0 1 1
( 3904 2624 0 ) ( 3904.5 2624 0 ) ( 3904 2624.5 0 ) trim_band_teal [ 0.4472135954999581 0.8944271909999163 -1.942890293094024e-16 336.1079 ] [ 0.8944271909999161 -0.44721359549995804 5.551115123125783e-17 -188.45605 ] 0 0.995713 1.0062256
( 4032 2752 64 ) ( 4032 2752.5 64 ) ( 4032.5 2752 64 ) trim_band_teal [ 0.4472135954999581 0.8944271909999163 -1.942890293094024e-16 336.1079 ] [ 0.8944271909999161 -0.44721359549995804 5.551115123125783e-17 -188.45605 ] 0 0.995713 1.0062256
( 4032 2672 32 ) ( 3904 2704 160 ) ( 3904 2704 32 ) trim_band_teal [ -0.9701425001453319 0.24253562503633297 0 -232.36377 ] [ 0 0 -1 -128 ] 0 1 1
( 4003.2 2686.3999999999996 32 ) ( 3987.2 2654.3999999999996 32 ) ( 3987.2 2654.3999999999996 160 ) trim_band_teal [ 0.44721359549995787 0.8944271909999161 0 336.1079 ] [ 0 0 -1 -160 ] 0 0.995713 1
}
// brush 8
{
( 3932.8 2689.6 32 ) ( 3948.8 2721.6 32 ) ( 3948.8 2721.6 160 ) trim_band_teal [ -0.4472135954999576 -0.8944271909999164 0 -382.38135 ] [ 0 0 -1 -160 ] 0 0.995713 1
( 4032 2672 32 ) ( 3904 2704 32 ) ( 3904 2704 160 ) trim_band_teal [ 0.9701425001453319 -0.24253562503633297 0 232.36377 ] [ 0 0 -1 -128 ] 0 1 1
( 3904 2624 0 ) ( 3904.5 2624 0 ) ( 3904 2624.5 0 ) trim_band_teal [ -0.4472135954999582 -0.8944271909999165 -5.551115123125783e-16 -382.38135 ] [ -0.8944271909999161 0.44721359549995804 5.551115123125783e-17 -131.56152 ] 0 0.995713 1.0062332
( 4032 2752 64 ) ( 4032 2752.5 64 ) ( 4032.5 2752 64 ) trim_band_teal [ -0.4472135954999582 -0.8944271909999165 -5.551115123125783e-16 -382.38135 ] [ -0.8944271909999161 0.44721359549995804 5.551115123125783e-17 -131.56152 ] 0 0.995713 1.0062332
( 3920 2736 32 ) ( 4016 2640 32 ) ( 4016 2640 160 ) trim_band_teal [ -0.7071067811865476 0.7071067811865476 0 -511.99994 ] [ 0 0 -1 -128 ] 0 1 1
}
// brush 9
{
( 3920 2640 32 ) ( 4016 2736 32 ) ( 4016 2736 160 ) trim_band_teal [ -0.7071067811865476 -0.7071067811865476 0 2.6645508 ] [ 0 0 -1 -128 ] 0 1 1
( 3904 2624 0 ) ( 3904.5 2624 0 ) ( 3904 2624.5 0 ) trim_band_teal [ -0.4472135954999582 0.8944271909999164 -1.6653345369377348e-16 346.9165 ] [ 0.8944271909999161 0.44721359549995804 5.551115123125783e-17 -17.80127 ] 0 0.995713 1.0062256
( 4032 2752 64 ) ( 4032 2752.5 64 ) ( 4032.5 2752 64 ) trim_band_teal [ -0.4472135954999582 0.8944271909999164 -1.6653345369377348e-16 346.9165 ] [ 0.8944271909999161 0.44721359549995804 5.551115123125783e-17 -17.80127 ] 0 0.995713 1.0062256
( 3904 2672 32 ) ( 4032 2704 160 ) ( 4032 2704 32 ) trim_band_teal [ 0.9701425001453319 0.24253562503633297 0 216.60596 ] [ 0 0 -1 -128 ] 0 1 1
( 3987.2 2721.6 32 ) ( 4003.2 2689.6 32 ) ( 4003.2 2689.6 160 ) trim_band_teal [ -0.44721359549995826 0.8944271909999161 0 346.9165 ] [ 0 0 -1 -160 ] 0 0.995713 1
}
// brush 10
{
( 3920 2736 32 ) ( 4016 2640 160 ) ( 4016 2640 32 ) trim_band_teal [ 0.7071067811865476 -0.7071067811865476 0 511.99994 ] [ 0 0 -1 -128 ] 0 1 1
( 3934.3999999999996 2707.2 32 ) ( 3966.3999999999996 2723.2 32 ) ( 3966.3999999999996 2723.2 160 ) trim_band_teal [ -0.894427190999916 -0.4472135954999584 0 170.95776 ] [ 0 0 -1 -160 ] 0 0.995713 1
( 3904 2624 0 ) ( 3904.5 2624 0 ) ( 3904 2624.5 0 ) trim_band_teal [ -0.8944271909999164 -0.44721359549995815 -3.885780586188048e-16 170.95776 ] [ -0.44721359549995804 0.8944271909999161 5.551115123125783e-17 -17.778503 ] 0 0.995713 1.0062294
( 4032 2752 64 ) ( 4032 2752.5 64 ) ( 4032.5 2752 64 ) trim_band_teal [ -0.8944271909999164 -0.44721359549995815 -3.885780586188048e-16 170.95776 ] [ -0.44721359549995804 0.8944271909999161 5.551115123125783e-17 -17.778503 ] 0 0.995713 1.0062294
( 3952 2752 32 ) ( 3984 2624 32 ) ( 3984 2624 160 ) trim_band_teal [ -0.24253562503633297 0.9701425001453319 0 -279.63635 ] [ 0 0 -1 -128 ] 0 1 1
}
// brush 11
{
( 3948.8 2654.4 32 ) ( 3932.8 2686.4 32 ) ( 3932.8 2686.4 160 ) trim_band_teal [ 0.4472135954999587 -0.8944271909999161 0 -332.30786 ] [ 0 0 -1 -160 ] 0 0.995713 1
( 3904 2672 32 ) ( 4032 2704 32 ) ( 4032 2704 160 ) trim_band_teal [ -0.9701425001453319 -0.24253562503633297 0 -216.60596 ] [ 0 0 -1 -128 ] 0 1 1
( 3904 2624 0 ) ( 3904.5 2624 0 ) ( 3904 2624.5 0 ) trim_band_teal [ 0.44721359549995826 -0.8944271909999165 -5.828670879282072e-16 -332.30786 ] [ -0.8944271909999161 -0.44721359549995804 5.551115123125783e-17 209.80127 ] 0 0.995713 1.0062256
( 4032 2752 64 ) ( 4032 2752.5 64 ) ( 4032.5 2752 64 ) trim_band_teal [ 0.44721359549995826 -0.8944271909999165 -5.828670879282072e-16 -332.30786 ] [ -0.8944271909999161 -0.44721359549995804 5.551115123125783e-17 209.80127 ] 0 0.995713 1.0062256
( 3920 2640 32 ) ( 4016 2736 160 ) ( 4016 2736 32 ) trim_band_teal [ 0.7071067811865476 0.7071067811865476 0 -2.6640625 ] [ 0 0 -1 -128 ] 0 1 1
}
}
