// entity 0
{
"classname" "func_detail"
// brush 0
{
( -1312 1280 32 ) ( -1248 1536 32 ) ( -1248 1536 160 ) 64_cyan_3 [ -0.24253562503633297 -0.9701425001453319 0 6.937683 ] [ 0 0 -1 0 ] 0 1 1
( -1408 1280 0 ) ( -1408 1280 1 ) ( -1407 1280 0 ) 64_cyan_3 [ 1 0 0 0 ] [ 0 0 -1 0 ] 0 1 1
( -1408 1280 0 ) ( -1407 1280 0 ) ( -1408 1281 0 ) 64_cyan_3 [ -1 0 0 0 ] [ 0 -1 0 0 ] 0 1 1
( -1152 1536 64 ) ( -1152 1537 64 ) ( -1151 1536 64 ) 64_cyan_3 [ 1 0 0 0 ] [ 0 -1 0 0 ] 0 1 1
( -1312 1536 32 ) ( -1248 1280 32 ) ( -1248 1280 160 ) 64_cyan_3 [ -0.24253562503633297 0.9701425001453319 0 53.710938 ] [ 0 0 -1 0 ] 0 1 1
}
// brush 1
{
( -1312 1536 32 ) ( -1248 1280 160 ) ( -1248 1280 32 ) 64_cyan_1 [ 0.24253562503633297 -0.9701425001453319 0 -53.710938 ] [ 0 0 -1 0 ] 0 1 1
( -1408 1280 0 ) ( -1407 1280 0 ) ( -1408 1281 0 ) 64_cyan_1 [ -1 0 0 63.999878 ] [ 0 -1 0 -63.999878 ] 0 1 1
( -1152 1536 64 ) ( -1152 1537 64 ) ( -1151 1536 64 ) 64_cyan_1 [ 1 0 0 -63.999878 ] [ 0 -1 0 -63.999878 ] 0 1 1
( -1184 1312 32 ) ( -1248 1280 32 ) ( -1248 1280 160 ) 64_cyan_1 [ 0.894427190999916 0.447213595499958 0 -6.3801575 ] [ 0 0 -1 0 ] 0 1 1
( -1376 1504 32 ) ( -1184 1312 32 ) ( -1184 1312 160 ) 64_cyan_1 [ -0.7071067811865476 0.7071067811865476 0 2.1123047 ] [ 0 0 -1 0 ] 0 1 1
}
// brush 2
{
( -1152 1376 32 ) ( -1408 1440 32 ) ( -1408 1440 160 ) 64_cyan_3 [ 0.9701425001453319 -0.24253562503633297 0 -7.143921 ] [ 0 0 -1 0 ] 0 1 1
( -1408 1376 32 ) ( -1152 1440 32 ) ( -1152 1440 160 ) 64_cyan_3 [ -0.9701425001453319 -0.24253562503633297 0 43.450867 ] [ 0 0 -1 0 ] 0 1 1
( -1408 1280 0 ) ( -1407 1280 0 ) ( -1408 1281 0 ) 64_cyan_3 [ -1 0 0 63.999878 ] [ 0 -1 0 0 ] 0 1 1
( -1152 1536 64 ) ( -1152 1537 64 ) ( -1151 1536 64 ) 64_cyan_3 [ 1 0 0 -63.999878 ] [ 0 -1 0 0 ] 0 1 1
( -1152 1536 64 ) ( -1152 1536 65 ) ( -1152 1537 64 ) 64_cyan_3 [ 0 1 0 0 ] [ 0 0 -1 0 ] 0 1 1
}
// brush 3
{
( -1312 1280 32 ) ( -1248 1536 32 ) ( -1248 1536 160 ) 64_cyan_2 [ -0.24253562503633297 -0.9701425001453319 0 6.937866 ] [ 0 0 -1 0 ] 0 1 1
( -1408 1280 0 ) ( -1407 1280 0 ) ( -1408 1281 0 ) 64_cyan_2 [ -1 0 0 63.999878 ] [ 0 -1 0 0 ] 0 1 1
( -1152 1536 64 ) ( -1152 1537 64 ) ( -1151 1536 64 ) 64_cyan_2 [ 1 0 0 -63.999878 ] [ 0 -1 0 0 ] 0 1 1
( -1248 1536 32 ) ( -1184 1504 32 ) ( -1184 1504 160 ) 64_cyan_2 [ -0.894427190999916 0.447213595499958 0 5.626953 ] [ 0 0 -1 0 ] 0 1 1
( -1376 1312 32 ) ( -1184 1504 160 ) ( -1184 1504 32 ) 64_cyan_2 [ 0.7071067811865476 0.7071067811865476 0 -18.745193 ] [ 0 0 -1 0 ] 0 1 1
}
// brush 4
{
( -1376 1312 32 ) ( -1184 1504 32 ) ( -1184 1504 160 ) 64_cyan_2 [ -0.7071067811865476 -0.7071067811865476 0 18.745148 ] [ 0 0 -1 0 ] 0 1 1
( -1312 1280 32 ) ( -1376 1312 32 ) ( -1376 1312 160 ) 64_cyan_2 [ 0.894427190999916 -0.447213595499958 0 -5.6271973 ] [ 0 0 -1 0 ] 0 1 1
( -1408 1280 0 ) ( -1407 1280 0 ) ( -1408 1281 0 ) 64_cyan_2 [ -1 0 0 63.999878 ] [ 0 -1 0 -63.999878 ] 0 1 1
( -1152 1536 64 ) ( -1152 1537 64 ) ( -1151 1536 64 ) 64_cyan_2 [ 1 0 0 -63.999878 ] [ 0 -1 0 -63.999878 ] 0 1 1
( -1312 1280 32 ) ( -1248 1536 160 ) ( -1248 1536 32 ) 64_cyan_2 [ 0.24253562503633297 0.9701425001453319 0 -6.937683 ] [ 0 0 -1 0 ] 0 1 1
}
// brush 5
{
( -1408 1280 0 ) ( -1408 1281 0 ) ( -1408 1280 1 ) 64_cyan_3 [ 0 -1 0 0 ] [ 0 0 -1 0 ] 0 1 1
( -1408 1280 0 ) ( -1407 1280 0 ) ( -1408 1281 0 ) 64_cyan_3 [ -1 0 0 63.999878 ] [ 0 -1 0 0 ] 0 1 1
( -1152 1536 64 ) ( -1152 1537 64 ) ( -1151 1536 64 ) 64_cyan_3 [ 1 0 0 -63.999878 ] [ 0 -1 0 0 ] 0 1 1
( -1408 1376 32 ) ( -1152 1440 160 ) ( -1152 1440 32 ) 64_cyan_3 [ 0.9701425001453319 0.24253562503633297 0 -43.450745 ] [ 0 0 -1 0 ] 0 1 1
( -1152 1376 32 ) ( -1408 1440 160 ) ( -1408 1440 32 ) 64_cyan_3 [ -0.9701425001453319 0.24253562503633297 0 7.143921 ] [ 0 0 -1 0 ] 0 1 1
}
// brush 6
{
( -1312 1536 32 ) ( -1248 1280 160 ) ( -1248 1280 32 ) 64_cyan_3 [ 0.24253562503633297 -0.9701425001453319 0 -53.710938 ] [ 0 0 -1 0 ] 0 1 1
( -1408 1280 0 ) ( -1407 1280 0 ) ( -1408 1281 0 ) 64_cyan_3 [ -1 0 0 0 ] [ 0 -1 0 -63.999878 ] 0 1 1
( -1152 1536 64 ) ( -1152 1537 64 ) ( -1151 1536 64 ) 64_cyan_3 [ 1 0 0 0 ] [ 0 -1 0 -63.999878 ] 0 1 1
( -1152 1536 64 ) ( -1151 1536 64 ) ( -1152 1536 65 ) 64_cyan_3 [ -1 0 0 0 ] [ 0 0 -1 0 ] 0 1 1
( -1312 1280 32 ) ( -1248 1536 160 ) ( -1248 1536 32 ) 64_cyan_3 [ 0.24253562503633297 0.9701425001453319 0 -6.937866 ] [ 0 0 -1 0 ] 0 1 1
}
// brush 7
{
( -1376 1504 32 ) ( -1184 1312 160 ) ( -1184 1312 32 ) 64_cyan_2 [ 0.7071067811865476 -0.7071067811865476 0 -2.1123047 ] [ 0 0 -1 0 ] 0 1 1
( -1408 1280 0 ) ( -1407 1280 0 ) ( -1408 1281 0 ) 64_cyan_2 [ -1 0 0 63.999878 ] [ 0 -1 0 -63.999878 ] 0 1 1
( -1152 1536 64 ) ( -1152 1537 64 ) ( -1151 1536 64 ) 64_cyan_2 [ 1 0 0 -63.999878 ] [ 0 -1 0 -63.999878 ] 0 1 1
( -1152 1376 32 ) ( -1408 1440 160 ) ( -1408 1440 32 ) 64_cyan_2 [ -0.9701425001453319 0.24253562503633297 0 7.143921 ] [ 0 0 -1 0 ] 0 1 1
( -1152 1376 32 ) ( -1184 1312 32 ) ( -1184 1312 160 ) 64_cyan_2 [ 0.447213595499958 0.894427190999916 0 -35.754883 ] [ 0 0 -1 0 ] 0 1 1
}
// brush 8
{
( -1408 1440 32 ) ( -1376 1504 32 ) ( -1376 1504 160 ) 64_cyan_2 [ -0.447213595499958 -0.894427190999916 0 35.75482 ] [ 0 0 -1 0 ] 0 1 1
( -1152 1376 32 ) ( -1408 1440 32 ) ( -1408 1440 160 ) 64_cyan_2 [ 0.9701425001453319 -0.24253562503633297 0 -7.143921 ] [ 0 0 -1 0 ] 0 1 1
( -1408 1280 0 ) ( -1407 1280 0 ) ( -1408 1281 0 ) 64_cyan_2 [ -1 0 0 63.999878 ] [ 0 -1 0 0 ] 0 1 1
( -1152 1536 64 ) ( -1152 1537 64 ) ( -1151 1536 64 ) 64_cyan_2 [ 1 0 0 -63.999878 ] [ 0 -1 0 0 ] 0 1 1
( -1376 1504 32 ) ( -1184 1312 32 ) ( -1184 1312 160 ) 64_cyan_2 [ -0.7071067811865476 0.7071067811865476 0 2.1124268 ] [ 0 0 -1 0 ] 0 1 1
}
// brush 9
{
( -1376 1312 32 ) ( -1184 1504 32 ) ( -1184 1504 160 ) 64_cyan_1 [ -0.7071067811865476 -0.7071067811865476 0 18.745193 ] [ 0 0 -1 0 ] 0 1 1
( -1408 1280 0 ) ( -1407 1280 0 ) ( -1408 1281 0 ) 64_cyan_1 [ -1 0 0 63.999878 ] [ 0 -1 0 0 ] 0 1 1
( -1152 1536 64 ) ( -1152 1537 64 ) ( -1151 1536 64 ) 64_cyan_1 [ 1 0 0 -63.999878 ] [ 0 -1 0 0 ] 0 1 1
( -1408 1376 32 ) ( -1152 1440 160 ) ( -1152 1440 32 ) 64_cyan_1 [ 0.9701425001453319 0.24253562503633297 0 -43.450867 ] [ 0 0 -1 0 ] 0 1 1
( -1184 1504 32 ) ( -1152 1440 32 ) ( -1152 1440 160 ) 64_cyan_1 [ -0.447213595499958 0.894427190999916 0 34.248657 ] [ 0 0 -1 0 ] 0 1 1
}
// brush 10
{
( -1376 1504 32 ) ( -1184 1312 160 ) ( -1184 1312 32 ) 64_cyan_1 [ 0.7071067811865476 -0.7071067811865476 0 -2.1124268 ] [ 0 0 -1 0 ] 0 1 1
( -1376 1504 32 ) ( -1312 1536 32 ) ( -1312 1536 160 ) 64_cyan_1 [ -0.894427190999916 -0.447213595499958 0 6.380127 ] [ 0 0 -1 0 ] 0 1 1
( -1408 1280 0 ) ( -1407 1280 0 ) ( -1408 1281 0 ) 64_cyan_1 [ -1 0 0 63.999878 ] [ 0 -1 0 0 ] 0 1 1
( -1152 1536 64 ) ( -1152 1537 64 ) ( -1151 1536 64 ) 64_cyan_1 [ 1 0 0 -63.999878 ] [ 0 -1 0 0 ] 0 1 1
( -1312 1536 32 ) ( -1248 1280 32 ) ( -1248 1280 160 ) 64_cyan_1 [ -0.24253562503633297 0.9701425001453319 0 53.710938 ] [ 0 0 -1 0 ] 0 1 1
}
// brush 11
{
( -1376 1312 32 ) ( -1408 1376 32 ) ( -1408 1376 160 ) 64_cyan_1 [ 0.447213595499958 -0.894427190999916 0 -34.2489 ] [ 0 0 -1 0 ] 0 1 1
( -1408 1376 32 ) ( -1152 1440 32 ) ( -1152 1440 160 ) 64_cyan_1 [ -0.9701425001453319 -0.24253562503633297 0 43.450745 ] [ 0 0 -1 0 ] 0 1 1
( -1408 1280 0 ) ( -1407 1280 0 ) ( -1408 1281 0 ) 64_cyan_1 [ -1 0 0 63.999878 ] [ 0 -1 0 -63.999878 ] 0 1 1
( -1152 1536 64 ) ( -1152 1537 64 ) ( -1151 1536 64 ) 64_cyan_1 [ 1 0 0 -63.999878 ] [ 0 -1 0 -63.999878 ] 0 1 1
( -1376 1312 32 ) ( -1184 1504 160 ) ( -1184 1504 32 ) 64_cyan_1 [ 0.7071067811865476 0.7071067811865476 0 -18.745148 ] [ 0 0 -1 0 ] 0 1 1
}
}
