// entity 0
{
"classname" "func_detail"
// brush 0
{
( -416 1024 32 ) ( -448 1280 32 ) ( -448 1280 160 ) 64_cyan_1 [ 0.12403473458920836 -0.9922778767136677 0 -30.610962 ] [ 0 0 -1 0 ] 0 1 1
( -192 1280 0 ) ( -193 1280 0 ) ( -192 1279 0 ) 64_cyan_1 [ 1 -1.2246467991473532e-16 0 -63.99991 ] [ 1.2246467991473532e-16 1 0 0 ] 180 1 1
( -448 1024 64 ) ( -448 1023 64 ) ( -449 1024 64 ) 64_cyan_1 [ -1 1.2246467991473532e-16 0 63.99991 ] [ 1.2246467991473532e-16 1 0 0 ] 180 1 1
( -416 1024 32 ) ( -352 1040 160 ) ( -352 1040 32 ) 64_cyan_1 [ 0.9701425001453319 0.24253562503633286 0 -59.23703 ] [ 0 0 -1 0 ] 0 1 1
( -352 1040 32 ) ( -448 1280 160 ) ( -448 1280 32 ) 64_cyan_1 [ -0.37139067635410367 0.9284766908852594 0 60.89807 ] [ 0 0 -1 0 ] 0 1 1
}
// brush 1
{
( -480 1024 0 ) ( -448 1280 64 ) ( -480 1024 64 ) 64_cyan_3 [ -0.12403473458920852 -0.9922778767136677 0 6.5788574 ] [ 0 0 -1 0 ] 0 1 1
( -416 1024 64 ) ( -480 1024 0 ) ( -480 1024 64 ) 64_cyan_3 [ 1 -1.2246467991473532e-16 0 0 ] [ 0 0 -1 0 ] 0 1 1
( -416 1024 0 ) ( -448 1280 0 ) ( -480 1024 0 ) 64_cyan_3 [ 1 -1.2246467991473532e-16 0 -63.99991 ] [ 1.2246467991473532e-16 1 0 63.999878 ] 180 1 1
( -416 1024 64 ) ( -480 1024 64 ) ( -448 1280 64 ) 64_cyan_3 [ -1 1.2246467991473532e-16 0 63.99991 ] [ 1.2246467991473532e-16 1 0 63.999878 ] 180 1 1
( -448 1280 0 ) ( -416 1024 64 ) ( -448 1280 64 ) 64_cyan_3 [ -0.12403473458920836 0.9922778767136677 0 30.610962 ] [ 0 0 -1 0 ] 0 1 1
}
// brush 2
{
( -448 1280 32 ) ( -544 1040 160 ) ( -544 1040 32 ) 64_cyan_2 [ -0.37139067635410383 -0.9284766908852594 0 17.800476 ] [ 0 0 -1 0 ] 0 1 1
( -544 1040 32 ) ( -480 1024 160 ) ( -480 1024 32 ) 64_cyan_2 [ 0.9701425001453319 -0.24253562503633302 0 -39.628967 ] [ 0 0 -1 0 ] 0 1 1
( -448 1024 0 ) ( -448 1025 0 ) ( -449 1024 0 ) 64_cyan_2 [ -6.123233995736766e-17 -1 0 0 ] [ 1 -6.123233995736766e-17 0 -63.99997 ] 90 1 1
( -704 1280 64 ) ( -705 1280 64 ) ( -704 1281 64 ) 64_cyan_2 [ 6.123233995736766e-17 1 0 0 ] [ 1 -6.123233995736766e-17 0 -63.99997 ] 270 1 1
( -480 1024 32 ) ( -448 1280 160 ) ( -448 1280 32 ) 64_cyan_2 [ 0.12403473458920852 0.9922778767136677 0 -6.5788574 ] [ 0 0 -1 0 ] 0 1 1
}
// brush 3
{
( -608 1072 32 ) ( -448 1280 32 ) ( -448 1280 160 ) 64_cyan_1 [ -0.6097107608496924 -0.7926239891046001 0 37.099182 ] [ 0 0 -1 0 ] 0 1 1
( -512 1024 32 ) ( -576 1056 32 ) ( -576 1056 160 ) 64_cyan_1 [ 0.894427190999916 -0.44721359549995804 0 -33.40686 ] [ 0 0 -1 0 ] 0 1 1
( -448 1024 0 ) ( -448 1025 0 ) ( -449 1024 0 ) 64_cyan_1 [ -6.123233995736766e-17 -1 0 0 ] [ 1 -6.123233995736766e-17 0 -63.99994 ] 90 1 1
( -704 1280 64 ) ( -705 1280 64 ) ( -704 1281 64 ) 64_cyan_1 [ 6.123233995736766e-17 1 0 0 ] [ 1 -6.123233995736766e-17 0 -63.99994 ] 270 1 1
( -448 1280 32 ) ( -544 1040 32 ) ( -544 1040 160 ) 64_cyan_1 [ 0.37139067635410383 0.9284766908852594 0 -17.800476 ] [ 0 0 -1 0 ] 0 1 1
}
// brush 4
{
( -608 1072 32 ) ( -656 1120 32 ) ( -656 1120 160 ) 64_cyan_3 [ 0.7071067811865476 -0.7071067811865476 0 -62.667847 ] [ 0 0 -1 0 ] 0 1 1
( -656 1120 32 ) ( -448 1280 32 ) ( -448 1280 160 ) 64_cyan_3 [ -0.7926239891046001 -0.6097107608496924 0 30.089417 ] [ 0 0 -1 0 ] 0 1 1
( -448 1024 0 ) ( -448 1025 0 ) ( -449 1024 0 ) 64_cyan_3 [ -6.123233995736766e-17 -1 0 -63.999878 ] [ 1 -6.123233995736766e-17 0 -63.99994 ] 90 1 1
( -704 1280 64 ) ( -705 1280 64 ) ( -704 1281 64 ) 64_cyan_3 [ 6.123233995736766e-17 1 0 63.999878 ] [ 1 -6.123233995736766e-17 0 -63.99994 ] 270 1 1
( -608 1072 32 ) ( -448 1280 160 ) ( -448 1280 32 ) 64_cyan_3 [ 0.6097107608496924 0.7926239891046001 0 -37.099182 ] [ 0 0 -1 0 ] 0 1 1
}
// brush 5
{
( -704 1216 32 ) ( -672 1152 160 ) ( -672 1152 32 ) 64_cyan_2 [ 0.4472135954999579 -0.894427190999916 0 -42.888184 ] [ 0 0 -1 0 ] 0 1 1
( -688 1184 32 ) ( -448 1280 32 ) ( -448 1280 160 ) 64_cyan_2 [ -0.9284766908852594 -0.3713906763541037 0 51.6911 ] [ 0 0 -1 0 ] 0 1 1
( -448 1024 0 ) ( -448 1025 0 ) ( -449 1024 0 ) 64_cyan_2 [ -6.123233995736766e-17 -1 0 0 ] [ 1 -6.123233995736766e-17 0 -63.99994 ] 90 1 1
( -704 1280 64 ) ( -705 1280 64 ) ( -704 1281 64 ) 64_cyan_2 [ 6.123233995736766e-17 1 0 0 ] [ 1 -6.123233995736766e-17 0 -63.99994 ] 270 1 1
( -656 1120 32 ) ( -448 1280 160 ) ( -448 1280 32 ) 64_cyan_2 [ 0.7926239891046001 0.6097107608496924 0 -30.089417 ] [ 0 0 -1 0 ] 0 1 1
}
// brush 6
{
( -704 1248 32 ) ( -688 1184 160 ) ( -688 1184 32 ) 64_cyan_1 [ 0.2425356250363329 -0.9701425001453319 0 -48.97705 ] [ 0 0 -1 0 ] 0 1 1
( -704 1248 32 ) ( -448 1280 32 ) ( -448 1280 160 ) 64_cyan_1 [ -0.9922778767136677 -0.12403473458920841 0 21.929993 ] [ 0 0 -1 0 ] 0 1 1
( -448 1024 0 ) ( -448 1025 0 ) ( -449 1024 0 ) 64_cyan_1 [ -6.123233995736766e-17 -1 0 -63.999878 ] [ 1 -6.123233995736766e-17 0 -63.99994 ] 90 1 1
( -704 1280 64 ) ( -705 1280 64 ) ( -704 1281 64 ) 64_cyan_1 [ 6.123233995736766e-17 1 0 63.999878 ] [ 1 -6.123233995736766e-17 0 -63.99994 ] 270 1 1
( -688 1184 32 ) ( -448 1280 160 ) ( -448 1280 32 ) 64_cyan_1 [ 0.9284766908852594 0.3713906763541037 0 -51.6911 ] [ 0 0 -1 0 ] 0 1 1
}
// brush 7
{
( -704 1248 64 ) ( -704 1312 0 ) ( -704 1312 64 ) 64_cyan_3 [ -2.4492935982947064e-16 -1 0 0 ] [ 0 0 -1 0 ] 0 1 1
( -448 1280 0 ) ( -704 1312 0 ) ( -704 1248 0 ) 64_cyan_3 [ -1 2.4492935982947064e-16 0 63.99994 ] [ -2.4492935982947064e-16 -1 0 0 ] 0 1 1
( -448 1280 64 ) ( -704 1248 64 ) ( -704 1312 64 ) 64_cyan_3 [ 1 -2.4492935982947064e-16 0 -63.99994 ] [ -2.4492935982947064e-16 -1 0 0 ] 0 1 1
( -448 1280 64 ) ( -704 1248 0 ) ( -704 1248 64 ) 64_cyan_3 [ 0.9922778767136677 0.12403473458920841 0 -21.929993 ] [ 0 0 -1 0 ] 0 1 1
( -448 1280 64 ) ( -704 1312 0 ) ( -448 1280 0 ) 64_cyan_3 [ -0.9922778767136677 0.12403473458920869 0 44.725525 ] [ 0 0 -1 0 ] 0 1 1
}
// brush 8
{
( -688 1376 32 ) ( -704 1312 160 ) ( -704 1312 32 ) 64_cyan_2 [ -0.2425356250363332 -0.9701425001453319 0 28.427856 ] [ 0 0 -1 0 ] 0 1 1
( -704 1312 32 ) ( -448 1280 160 ) ( -448 1280 32 ) 64_cyan_2 [ 0.9922778767136677 -0.12403473458920869 0 -44.725525 ] [ 0 0 -1 0 ] 0 1 1
( -704 1280 0 ) ( -703 1280 0 ) ( -704 1281 0 ) 64_cyan_2 [ -1 2.4492935982947064e-16 0 63.99994 ] [ -2.4492935982947064e-16 -1 0 0 ] 0 1 1
( -448 1536 64 ) ( -448 1537 64 ) ( -447 1536 64 ) 64_cyan_2 [ 1 -2.4492935982947064e-16 0 -63.99994 ] [ -2.4492935982947064e-16 -1 0 0 ] 0 1 1
( -448 1280 32 ) ( -688 1376 160 ) ( -688 1376 32 ) 64_cyan_2 [ -0.9284766908852594 0.371390676354104 0 24.395935 ] [ 0 0 -1 0 ] 0 1 1
}
// brush 9
{
( -704 1344 32 ) ( -672 1408 32 ) ( -672 1408 160 ) 64_cyan_1 [ -0.4472135954999582 -0.894427190999916 0 1.9719238 ] [ 0 0 -1 0 ] 0 1 1
( -448 1280 32 ) ( -688 1376 32 ) ( -688 1376 160 ) 64_cyan_1 [ 0.9284766908852594 -0.371390676354104 0 -24.395935 ] [ 0 0 -1 0 ] 0 1 1
( -704 1280 0 ) ( -703 1280 0 ) ( -704 1281 0 ) 64_cyan_1 [ -1 2.4492935982947064e-16 0 63.99994 ] [ -2.4492935982947064e-16 -1 0 -63.999878 ] 0 1 1
( -448 1536 64 ) ( -448 1537 64 ) ( -447 1536 64 ) 64_cyan_1 [ 1 -2.4492935982947064e-16 0 -63.99994 ] [ -2.4492935982947064e-16 -1 0 -63.999878 ] 0 1 1
( -656 1440 32 ) ( -448 1280 32 ) ( -448 1280 160 ) 64_cyan_1 [ -0.7926239891046001 0.6097107608496924 0 16.165283 ] [ 0 0 -1 0 ] 0 1 1
}
// brush 10
{
( -656 1440 32 ) ( -608 1488 32 ) ( -608 1488 160 ) 64_cyan_3 [ -0.7071067811865476 -0.7071067811865476 0 7.765259 ] [ 0 0 -1 0 ] 0 1 1
( -656 1440 32 ) ( -448 1280 160 ) ( -448 1280 32 ) 64_cyan_3 [ 0.7926239891046001 -0.6097107608496924 0 -16.165283 ] [ 0 0 -1 0 ] 0 1 1
( -704 1280 0 ) ( -703 1280 0 ) ( -704 1281 0 ) 64_cyan_3 [ -1 2.4492935982947064e-16 0 63.99994 ] [ -2.4492935982947064e-16 -1 0 0 ] 0 1 1
( -448 1536 64 ) ( -448 1537 64 ) ( -447 1536 64 ) 64_cyan_3 [ 1 -2.4492935982947064e-16 0 -63.99994 ] [ -2.4492935982947064e-16 -1 0 0 ] 0 1 1
( -608 1488 32 ) ( -448 1280 32 ) ( -448 1280 160 ) 64_cyan_3 [ -0.6097107608496924 0.7926239891046001 0 45.04602 ] [ 0 0 -1 0 ] 0 1 1
}
// brush 11
{
( -608 1488 32 ) ( -448 1280 160 ) ( -448 1280 32 ) 64_cyan_2 [ 0.6097107608496924 -0.7926239891046001 0 -45.04602 ] [ 0 0 -1 0 ] 0 1 1
( -512 1536 32 ) ( -576 1504 160 ) ( -576 1504 32 ) 64_cyan_2 [ -0.894427190999916 -0.44721359549995776 0 63.62329 ] [ 0 0 -1 0 ] 0 1 1
( -704 1280 0 ) ( -703 1280 0 ) ( -704 1281 0 ) 64_cyan_2 [ -1 2.4492935982947064e-16 0 63.99994 ] [ -2.4492935982947064e-16 -1 0 -63.999878 ] 0 1 1
( -448 1536 64 ) ( -448 1537 64 ) ( -447 1536 64 ) 64_cyan_2 [ 1 -2.4492935982947064e-16 0 -63.99994 ] [ -2.4492935982947064e-16 -1 0 -63.999878 ] 0 1 1
( -544 1520 32 ) ( -448 1280 32 ) ( -448 1280 160 ) 64_cyan_2 [ -0.37139067635410355 0.9284766908852594 0 45.435547 ] [ 0 0 -1 0 ] 0 1 1
}
// brush 12
{
( -544 1520 32 ) ( -448 1280 160 ) ( -448 1280 32 ) 64_cyan_1 [ 0.37139067635410355 -0.9284766908852594 0 -45.435547 ] [ 0 0 -1 0 ] 0 1 1
( -480 1536 32 ) ( -544 1520 160 ) ( -544 1520 32 ) 64_cyan_1 [ -0.9701425001453319 -0.24253562503633275 0 12.406616 ] [ 0 0 -1 0 ] 0 1 1
( -704 1280 0 ) ( -703 1280 0 ) ( -704 1281 0 ) 64_cyan_1 [ -1 2.4492935982947064e-16 0 63.99997 ] [ -2.4492935982947064e-16 -1 0 -63.999878 ] 0 1 1
( -448 1536 64 ) ( -448 1537 64 ) ( -447 1536 64 ) 64_cyan_1 [ 1 -2.4492935982947064e-16 0 -63.99997 ] [ -2.4492935982947064e-16 -1 0 -63.999878 ] 0 1 1
( -480 1536 32 ) ( -448 1280 32 ) ( -448 1280 160 ) 64_cyan_1 [ -0.12403473458920825 0.9922778767136677 0 6.022339 ] [ 0 0 -1 0 ] 0 1 1
}
// brush 13
{
( -480 1536 0 ) ( -448 1280 64 ) ( -448 1280 0 ) 64_cyan_3 [ 0.12403473458920825 -0.9922778767136677 0 -6.022339 ] [ 0 0 -1 0 ] 0 1 1
( -416 1536 0 ) ( -480 1536 0 ) ( -448 1280 0 ) 64_cyan_3 [ 1.8369701987210297e-16 1 0 0 ] [ -1 1.8369701987210297e-16 0 63.99991 ] 270 1 1
( -416 1536 64 ) ( -448 1280 64 ) ( -480 1536 64 ) 64_cyan_3 [ -1.8369701987210297e-16 -1 0 0 ] [ -1 1.8369701987210297e-16 0 63.99991 ] 90 1 1
( -416 1536 64 ) ( -480 1536 0 ) ( -416 1536 0 ) 64_cyan_3 [ -1 1.8369701987210297e-16 0 0 ] [ 0 0 -1 0 ] 0 1 1
( -416 1536 64 ) ( -448 1280 0 ) ( -448 1280 64 ) 64_cyan_3 [ 0.12403473458920863 0.9922778767136677 0 9.482422 ] [ 0 0 -1 0 ] 0 1 1
}
// brush 14
{
( -416 1536 32 ) ( -448 1280 160 ) ( -448 1280 32 ) 64_cyan_2 [ -0.12403473458920863 -0.9922778767136677 0 -9.482422 ] [ 0 0 -1 0 ] 0 1 1
( -448 1536 0 ) ( -448 1535 0 ) ( -447 1536 0 ) 64_cyan_2 [ 1.8369701987210297e-16 1 0 63.999878 ] [ -1 1.8369701987210297e-16 0 63.99991 ] 270 1 1
( -192 1280 64 ) ( -191 1280 64 ) ( -192 1279 64 ) 64_cyan_2 [ -1.8369701987210297e-16 -1 0 -63.999878 ] [ -1 1.8369701987210297e-16 0 63.99991 ] 90 1 1
( -352 1520 32 ) ( -416 1536 160 ) ( -416 1536 32 ) 64_cyan_2 [ -0.9701425001453319 0.24253562503633314 0 6.2321777 ] [ 0 0 -1 0 ] 0 1 1
( -448 1280 32 ) ( -352 1520 160 ) ( -352 1520 32 ) 64_cyan_2 [ 0.37139067635410394 0.9284766908852594 0 -42.33362 ] [ 0 0 -1 0 ] 0 1 1
}
// brush 15
{
( -448 1280 32 ) ( -352 1520 32 ) ( -352 1520 160 ) 64_cyan_1 [ -0.37139067635410394 -0.9284766908852594 0 42.33362 ] [ 0 0 -1 0 ] 0 1 1
( -448 1536 0 ) ( -448 1535 0 ) ( -447 1536 0 ) 64_cyan_1 [ 1.8369701987210297e-16 1 0 63.999878 ] [ -1 1.8369701987210297e-16 0 63.99997 ] 270 1 1
( -192 1280 64 ) ( -191 1280 64 ) ( -192 1279 64 ) 64_cyan_1 [ -1.8369701987210297e-16 -1 0 -63.999878 ] [ -1 1.8369701987210297e-16 0 63.99997 ] 90 1 1
( -384 1536 32 ) ( -320 1504 32 ) ( -320 1504 160 ) 64_cyan_1 [ -0.894427190999916 0.44721359549995815 0 4.319824 ] [ 0 0 -1 0 ] 0 1 1
( -288 1488 32 ) ( -448 1280 32 ) ( -448 1280 160 ) 64_cyan_1 [ 0.6097107608496924 0.7926239891046001 0 -37.717407 ] [ 0 0 -1 0 ] 0 1 1
}
// brush 16
{
( -288 1488 32 ) ( -448 1280 160 ) ( -448 1280 32 ) 64_cyan_3 [ -0.6097107608496924 -0.7926239891046001 0 37.717407 ] [ 0 0 -1 0 ] 0 1 1
( -448 1536 0 ) ( -448 1535 0 ) ( -447 1536 0 ) 64_cyan_3 [ 1.8369701987210297e-16 1 0 0 ] [ -1 1.8369701987210297e-16 0 63.99991 ] 270 1 1
( -192 1280 64 ) ( -191 1280 64 ) ( -192 1279 64 ) 64_cyan_3 [ -1.8369701987210297e-16 -1 0 0 ] [ -1 1.8369701987210297e-16 0 63.99991 ] 90 1 1
( -240 1440 32 ) ( -448 1280 32 ) ( -448 1280 160 ) 64_cyan_3 [ 0.7926239891046001 0.6097107608496924 0 -52.579285 ] [ 0 0 -1 0 ] 0 1 1
( -288 1488 32 ) ( -240 1440 32 ) ( -240 1440 160 ) 64_cyan_3 [ -0.7071067811865476 0.7071067811865476 0 53.571655 ] [ 0 0 -1 0 ] 0 1 1
}
// brush 17
{
( -240 1440 32 ) ( -448 1280 160 ) ( -448 1280 32 ) 64_cyan_2 [ -0.7926239891046001 -0.6097107608496924 0 52.579285 ] [ 0 0 -1 0 ] 0 1 1
( -448 1536 0 ) ( -448 1535 0 ) ( -447 1536 0 ) 64_cyan_2 [ 1.8369701987210297e-16 1 0 63.999878 ] [ -1 1.8369701987210297e-16 0 63.99997 ] 270 1 1
( -192 1280 64 ) ( -191 1280 64 ) ( -192 1279 64 ) 64_cyan_2 [ -1.8369701987210297e-16 -1 0 -63.999878 ] [ -1 1.8369701987210297e-16 0 63.99997 ] 90 1 1
( -208 1376 32 ) ( -448 1280 32 ) ( -448 1280 160 ) 64_cyan_2 [ 0.9284766908852594 0.3713906763541036 0 -3.1538696 ] [ 0 0 -1 0 ] 0 1 1
( -192 1344 32 ) ( -224 1408 160 ) ( -224 1408 32 ) 64_cyan_2 [ -0.4472135954999578 0.894427190999916 0 18.674805 ] [ 0 0 -1 0 ] 0 1 1
}
// brush 18
{
( -208 1376 32 ) ( -448 1280 160 ) ( -448 1280 32 ) 64_cyan_1 [ -0.9284766908852594 -0.3713906763541036 0 3.1538696 ] [ 0 0 -1 0 ] 0 1 1
( -448 1536 0 ) ( -448 1535 0 ) ( -447 1536 0 ) 64_cyan_1 [ 1.8369701987210297e-16 1 0 0 ] [ -1 1.8369701987210297e-16 0 63.99997 ] 270 1 1
( -192 1280 64 ) ( -191 1280 64 ) ( -192 1279 64 ) 64_cyan_1 [ -1.8369701987210297e-16 -1 0 0 ] [ -1 1.8369701987210297e-16 0 63.99997 ] 90 1 1
( -192 1312 32 ) ( -448 1280 32 ) ( -448 1280 160 ) 64_cyan_1 [ 0.9922778767136677 0.1240347345892083 0 -46.51819 ] [ 0 0 -1 0 ] 0 1 1
( -192 1312 32 ) ( -208 1376 160 ) ( -208 1376 32 ) 64_cyan_1 [ -0.2425356250363328 0.9701425001453319 0 2.1467285 ] [ 0 0 -1 0 ] 0 1 1
}
// brush 19
{
( -448 1280 0 ) ( -192 1248 64 ) ( -192 1248 0 ) 64_cyan_3 [ 0.9922778767136677 -0.12403473458920858 0 -28.664307 ] [ 0 0 -1 0 ] 0 1 1
( -448 1280 0 ) ( -192 1312 64 ) ( -448 1280 64 ) 64_cyan_3 [ -0.9922778767136677 -0.1240347345892083 0 46.51819 ] [ 0 0 -1 0 ] 0 1 1
( -192 1312 0 ) ( -448 1280 0 ) ( -192 1248 0 ) 64_cyan_3 [ 1 -1.2246467991473532e-16 0 -63.99991 ] [ 1.2246467991473532e-16 1 0 63.999878 ] 180 1 1
( -192 1312 64 ) ( -192 1248 64 ) ( -448 1280 64 ) 64_cyan_3 [ -1 1.2246467991473532e-16 0 63.99991 ] [ 1.2246467991473532e-16 1 0 63.999878 ] 180 1 1
( -192 1312 64 ) ( -192 1248 0 ) ( -192 1248 64 ) 64_cyan_3 [ 1.2246467991473532e-16 1 0 0 ] [ 0 0 -1 0 ] 0 1 1
}
// brush 20
{
( -448 1280 32 ) ( -208 1184 160 ) ( -208 1184 32 ) 64_cyan_2 [ 0.9284766908852594 -0.3713906763541039 0 -48.929016 ] [ 0 0 -1 0 ] 0 1 1
( -192 1280 0 ) ( -193 1280 0 ) ( -192 1279 0 ) 64_cyan_2 [ 1 -1.2246467991473532e-16 0 -63.99997 ] [ 1.2246467991473532e-16 1 0 63.999878 ] 180 1 1
( -448 1024 64 ) ( -448 1023 64 ) ( -449 1024 64 ) 64_cyan_2 [ -1 1.2246467991473532e-16 0 63.99997 ] [ 1.2246467991473532e-16 1 0 63.999878 ] 180 1 1
( -192 1248 32 ) ( -448 1280 160 ) ( -448 1280 32 ) 64_cyan_2 [ -0.9922778767136677 0.12403473458920858 0 28.664307 ] [ 0 0 -1 0 ] 0 1 1
( -208 1184 32 ) ( -192 1248 160 ) ( -192 1248 32 ) 64_cyan_2 [ 0.24253562503633308 0.9701425001453319 0 -61.82483 ] [ 0 0 -1 0 ] 0 1 1
}
// brush 21
{
( -240 1120 32 ) ( -448 1280 32 ) ( -448 1280 160 ) 64_cyan_1 [ 0.7926239891046001 -0.6097107608496924 0 -16.784058 ] [ 0 0 -1 0 ] 0 1 1
( -192 1280 0 ) ( -193 1280 0 ) ( -192 1279 0 ) 64_cyan_1 [ 1 -1.2246467991473532e-16 0 -63.99997 ] [ 1.2246467991473532e-16 1 0 0 ] 180 1 1
( -448 1024 64 ) ( -448 1023 64 ) ( -449 1024 64 ) 64_cyan_1 [ -1 1.2246467991473532e-16 0 63.99997 ] [ 1.2246467991473532e-16 1 0 0 ] 180 1 1
( -448 1280 32 ) ( -208 1184 32 ) ( -208 1184 160 ) 64_cyan_1 [ -0.9284766908852594 0.3713906763541039 0 48.929016 ] [ 0 0 -1 0 ] 0 1 1
( -192 1216 32 ) ( -224 1152 32 ) ( -224 1152 160 ) 64_cyan_1 [ 0.4472135954999581 0.894427190999916 0 -31.058533 ] [ 0 0 -1 0 ] 0 1 1
}
// brush 22
{
( -288 1072 32 ) ( -448 1280 32 ) ( -448 1280 160 ) 64_cyan_3 [ 0.6097107608496924 -0.7926239891046001 0 -3.5357666 ] [ 0 0 -1 0 ] 0 1 1
( -192 1280 0 ) ( -193 1280 0 ) ( -192 1279 0 ) 64_cyan_3 [ 1 -1.2246467991473532e-16 0 -63.99991 ] [ 1.2246467991473532e-16 1 0 63.999878 ] 180 1 1
( -448 1024 64 ) ( -448 1023 64 ) ( -449 1024 64 ) 64_cyan_3 [ -1 1.2246467991473532e-16 0 63.99991 ] [ 1.2246467991473532e-16 1 0 63.999878 ] 180 1 1
( -240 1120 32 ) ( -448 1280 160 ) ( -448 1280 32 ) 64_cyan_3 [ -0.7926239891046001 0.6097107608496924 0 16.784058 ] [ 0 0 -1 0 ] 0 1 1
( -240 1120 32 ) ( -288 1072 32 ) ( -288 1072 160 ) 64_cyan_3 [ 0.7071067811865476 0.7071067811865476 0 -16.861023 ] [ 0 0 -1 0 ] 0 1 1
}
// brush 23
{
( -352 1040 32 ) ( -448 1280 32 ) ( -448 1280 160 ) 64_cyan_2 [ 0.37139067635410367 -0.9284766908852594 0 -60.89807 ] [ 0 0 -1 0 ] 0 1 1
( -192 1280 0 ) ( -193 1280 0 ) ( -192 1279 0 ) 64_cyan_2 [ 1 -1.2246467991473532e-16 0 -63.99997 ] [ 1.2246467991473532e-16 1 0 0 ] 180 1 1
( -448 1024 64 ) ( -448 1023 64 ) ( -449 1024 64 ) 64_cyan_2 [ -1 1.2246467991473532e-16 0 63.99997 ] [ 1.2246467991473532e-16 1 0 0 ] 180 1 1
( -384 1024 32 ) ( -320 1056 160 ) ( -320 1056 32 ) 64_cyan_2 [ 0.894427190999916 0.44721359549995787 0 -23.83664 ] [ 0 0 -1 0 ] 0 1 1
( -288 1072 32 ) ( -448 1280 160 ) ( -448 1280 32 ) 64_cyan_2 [ -0.6097107608496924 0.7926239891046001 0 3.5357666 ] [ 0 0 -1 0 ] 0 1 1
}
}
