// entity 0
{
"classname" "func_detail"
// brush 0
{
( -864 2224 32 ) ( -768 1984 160 ) ( -768 1984 32 ) 64_cyan_1 [ 0.3713906763541038 -0.9284766908852594 0 45.68994 ] [ 0 0 -1 0 ] 0 1 1
( -800 2240 32 ) ( -864 2224 160 ) ( -864 2224 32 ) 64_cyan_1 [ -0.9701425001453319 -0.24253562503633297 0 -23.401031 ] [ 0 0 -1 0 ] 0 1 1
( -1024 1984 0 ) ( -1023 1984 0 ) ( -1024 1985 0 ) 64_cyan_1 [ -1 0 0 0 ] [ 0 -1 0 0 ] 0 1 1
( -768 2240 64 ) ( -768 2241 64 ) ( -767 2240 64 ) 64_cyan_1 [ 1 0 0 0 ] [ 0 -1 0 0 ] 0 1 1
( -784.4705882352941 2177.8823529411766 32 ) ( -848.4705882352941 2161.8823529411766 32 ) ( -848.4705882352941 2161.8823529411766 160 ) 64_cyan_1 [ 0.9701425001453319 0.24253562503633297 0 23.401047 ] [ 0 0 -1 0 ] 0 1 1
( -800 2240 32 ) ( -768 1984 32 ) ( -768 1984 160 ) 64_cyan_1 [ -0.12403473458920847 0.9922778767136677 0 -38.702637 ] [ 0 0 -1 0 ] 0 1 1
}
// brush 1
{
( -928 2192 32 ) ( -768 1984 160 ) ( -768 1984 32 ) 64_cyan_2 [ 0.6097107608496924 -0.7926239891046001 0 40.563477 ] [ 0 0 -1 0 ] 0 1 1
( -832 2240 32 ) ( -896 2208 160 ) ( -896 2208 32 ) 64_cyan_2 [ -0.894427190999916 -0.447213595499958 0 -36.97336 ] [ 0 0 -1 0 ] 0 1 1
( -1024 1984 0 ) ( -1023 1984 0 ) ( -1024 1985 0 ) 64_cyan_2 [ -1 0 0 0 ] [ 0 -1 0 0 ] 0 1 1
( -768 2240 64 ) ( -768 2241 64 ) ( -767 2240 64 ) 64_cyan_2 [ 1 0 0 0 ] [ 0 -1 0 0 ] 0 1 1
( -803.1999999999998 2182.3999999999996 32 ) ( -867.1999999999998 2150.3999999999996 32 ) ( -867.1999999999998 2150.3999999999996 160 ) 64_cyan_2 [ 0.894427190999916 0.447213595499958 0 36.97336 ] [ 0 0 -1 0 ] 0 1 1
( -864 2224 32 ) ( -768 1984 32 ) ( -768 1984 160 ) 64_cyan_2 [ -0.3713906763541038 0.9284766908852594 0 -45.68994 ] [ 0 0 -1 0 ] 0 1 1
}
// brush 2
{
( -976 2144 32 ) ( -928 2192 32 ) ( -928 2192 160 ) 64_cyan_3 [ -0.7071067811865476 -0.7071067811865476 0 -7.7644653 ] [ 0 0 -1 0 ] 0 1 1
( -976 2144 32 ) ( -768 1984 160 ) ( -768 1984 32 ) 64_cyan_3 [ 0.7926239891046001 -0.6097107608496924 0 11.682739 ] [ 0 0 -1 0 ] 0 1 1
( -1024 1984 0 ) ( -1023 1984 0 ) ( -1024 1985 0 ) 64_cyan_3 [ -1 0 0 0 ] [ 0 -1 0 0 ] 0 1 1
( -768 2240 64 ) ( -768 2241 64 ) ( -767 2240 64 ) 64_cyan_3 [ 1 0 0 0 ] [ 0 -1 0 0 ] 0 1 1
( -930 2098 32 ) ( -882 2146 160 ) ( -882 2146 32 ) 64_cyan_3 [ 0.7071067811865476 0.7071067811865476 0 7.7644653 ] [ 0 0 -1 0 ] 0 1 1
( -928 2192 32 ) ( -768 1984 32 ) ( -768 1984 160 ) 64_cyan_3 [ -0.6097107608496924 0.7926239891046001 0 -40.563477 ] [ 0 0 -1 0 ] 0 1 1
}
// brush 3
{
( -1024 2048 32 ) ( -992 2112 32 ) ( -992 2112 160 ) 64_cyan_1 [ -0.447213595499958 -0.894427190999916 0 -28.621704 ] [ 0 0 -1 0 ] 0 1 1
( -768 1984 32 ) ( -1008 2080 32 ) ( -1008 2080 160 ) 64_cyan_1 [ 0.9284766908852594 -0.3713906763541038 0 24.650635 ] [ 0 0 -1 0 ] 0 1 1
( -1024 1984 0 ) ( -1023 1984 0 ) ( -1024 1985 0 ) 64_cyan_1 [ -1 0 0 0 ] [ 0 -1 0 0 ] 0 1 1
( -768 2240 64 ) ( -768 2241 64 ) ( -767 2240 64 ) 64_cyan_1 [ 1 0 0 0 ] [ 0 -1 0 0 ] 0 1 1
( -976 2144 32 ) ( -768 1984 32 ) ( -768 1984 160 ) 64_cyan_1 [ -0.7926239891046001 0.6097107608496924 0 -11.682739 ] [ 0 0 -1 0 ] 0 1 1
( -966.4000000000001 2019.2000000000005 32 ) ( -934.4000000000001 2083.2000000000007 160 ) ( -934.4000000000001 2083.2000000000007 32 ) 64_cyan_1 [ 0.447213595499958 0.894427190999916 0 28.621704 ] [ 0 0 -1 0 ] 0 1 1
}
// brush 4
{
( -1008 2080 32 ) ( -1024 2016 160 ) ( -1024 2016 32 ) 64_cyan_2 [ -0.24253562503633297 -0.9701425001453319 0 46.566895 ] [ 0 0 -1 0 ] 0 1 1
( -1024 2016 32 ) ( -768 1984 160 ) ( -768 1984 32 ) 64_cyan_2 [ 0.9922778767136677 -0.12403473458920847 0 13.4053955 ] [ 0 0 -1 0 ] 0 1 1
( -1024 1984 0 ) ( -1023 1984 0 ) ( -1024 1985 0 ) 64_cyan_2 [ -1 0 0 0 ] [ 0 -1 0 0 ] 0 1 1
( -768 2240 64 ) ( -768 2241 64 ) ( -767 2240 64 ) 64_cyan_2 [ 1 0 0 0 ] [ 0 -1 0 0 ] 0 1 1
( -768 1984 32 ) ( -1008 2080 160 ) ( -1008 2080 32 ) 64_cyan_2 [ -0.9284766908852594 0.3713906763541038 0 -24.650635 ] [ 0 0 -1 0 ] 0 1 1
( -945.8823529411766 2064.4705882352946 32 ) ( -961.8823529411766 2000.4705882352944 32 ) ( -961.8823529411766 2000.4705882352944 160 ) 64_cyan_2 [ 0.24253562503633297 0.9701425001453319 0 -46.566772 ] [ 0 0 -1 0 ] 0 1 1
}
// brush 5
{
( -1024 1952 64 ) ( -1024 2016 0 ) ( -1024 2016 64 ) 64_cyan_3 [ 0 -1 0 0 ] [ 0 0 -1 0 ] 0 1 1
( -992 1984 64 ) ( -960 1984 192 ) ( -960 1984 64 ) 64_cyan_3 [ 1 0 0 47.13513 ] [ 0 0 -1 0 ] 0 1 1
( -1024 1952 0 ) ( -768 1984 0 ) ( -1024 2016 0 ) 64_cyan_3 [ -1 0 0 0 ] [ 0 -1 0 0 ] 0 1 1
( -1024 1952 64 ) ( -1024 2016 64 ) ( -768 1984 64 ) 64_cyan_3 [ 1 0 0 0 ] [ 0 -1 0 0 ] 0 1 1
( -768 1984 64 ) ( -1024 2016 0 ) ( -768 1984 0 ) 64_cyan_3 [ -0.9922778767136677 0.12403473458920847 0 -13.4053955 ] [ 0 0 -1 0 ] 0 1 1
( -960 1952 64 ) ( -960 2016 64 ) ( -960 2016 0 ) 64_cyan_3 [ 0 1 0 0 ] [ 0 0 -1 0 ] 0 1 1
}
// brush 6
{
( -800 2240 64 ) ( -768 1984 0 ) ( -800 2240 0 ) 64_cyan_3 [ 0.12403473458920847 -0.9922778767136677 0 38.702637 ] [ 0 0 -1 0 ] 0 1 1
( -800 2176 64 ) ( -736 2176 64 ) ( -736 2176 0 ) 64_cyan_3 [ 1 0 0 0 ] [ 0 0 -1 0 ] 0 1 1
( -800 2240 0 ) ( -768 1984 0 ) ( -736 2240 0 ) 64_cyan_3 [ -1 0 0 0 ] [ 0 -1 0 0 ] 0 1 1
( -800 2240 64 ) ( -736 2240 64 ) ( -768 1984 64 ) 64_cyan_3 [ 1 0 0 0 ] [ 0 -1 0 0 ] 0 1 1
( -800 2240 64 ) ( -736 2240 0 ) ( -736 2240 64 ) 64_cyan_3 [ -1 0 0 0 ] [ 0 0 -1 0 ] 0 1 1
( -768 2208 64 ) ( -768 2176 64 ) ( -768 2176 192 ) 64_cyan_3 [ 0 1 0 -47.135254 ] [ 0 0 -1 0 ] 0 1 1
}
}
