// entity 0
{
"classname" "func_detail"
// brush 0
{
( -688 1376 0 ) ( -704 1536 0 ) ( -704 1536 64 ) 64_cyan_2 [ 0.04975185951049943 -0.49751859510499463 0 -63.055115 ] [ 0 0 -1 0 ] 15.521589 1 1
( -688 1376 0 ) ( -656 1440 0 ) ( -704 1536 0 ) 64_cyan_2 [ -0.49999999999999983 0 0 31.99997 ] [ 0 -0.5 0 0 ] 0 1 1
( -704 1536 64 ) ( -656 1440 64 ) ( -688 1376 64 ) 64_cyan_2 [ 0.49999999999999983 0 0 -31.99997 ] [ 0 -0.5 0 0 ] 0 1 1
( -688 1376 64 ) ( -656 1440 64 ) ( -656 1440 0 ) 64_cyan_2 [ 0.22360679774997888 0.44721359549995804 0 -61.60742 ] [ 0 0 -1 0 ] 68.70571 1 1
( -704 1536 64 ) ( -704 1536 0 ) ( -656 1440 0 ) 64_cyan_2 [ -0.22360679774997888 0.44721359549995804 0 27.447632 ] [ 0 0 -1 0 ] 68.70571 1 1
}
// brush 1
{
( -704 1536 64 ) ( -544 1520 0 ) ( -704 1536 0 ) 64_cyan_2 [ 0.49751859510499435 -0.049751859510499465 0 -41.08383 ] [ 0 0 -1 0 ] 10.668662 1 1
( -480 1536 0 ) ( -704 1536 0 ) ( -544 1520 0 ) 64_cyan_2 [ -0.49999999999999983 0 0 32 ] [ 0 -0.5 0 0 ] 0 1 1
( -704 1536 64 ) ( -480 1536 64 ) ( -544 1520 64 ) 64_cyan_2 [ 0.49999999999999983 0 0 -32 ] [ 0 -0.5 0 0 ] 0 1 1
( -704 1536 64 ) ( -480 1536 0 ) ( -480 1536 64 ) 64_cyan_2 [ -0.49999999999999983 0 0 32 ] [ 0 0 -1 0 ] 0 1 1
( -480 1536 64 ) ( -544 1520 0 ) ( -544 1520 64 ) 64_cyan_2 [ 0.48507125007266577 0.12126781251816647 0 -17.668396 ] [ 0 0 -1 0 ] 44.50585 1 1
}
// brush 2
{
( -704 1536 64 ) ( -704 1312 64 ) ( -704 1312 0 ) 64_cyan_3 [ 0 -0.5 0 0 ] [ 0 0 -1 0 ] 0 1 1
( -704 1312 0 ) ( -688 1376 0 ) ( -704 1536 0 ) 64_cyan_3 [ -0.49999999999999983 0 0 31.99997 ] [ 0 -0.5 0 0 ] 0 1 1
( -704 1536 64 ) ( -688 1376 64 ) ( -704 1312 64 ) 64_cyan_3 [ 0.49999999999999983 0 0 -31.99997 ] [ 0 -0.5 0 0 ] 0 1 1
( -704 1312 64 ) ( -688 1376 64 ) ( -688 1376 0 ) 64_cyan_3 [ 0.12126781251816644 0.4850712500726659 0 -57.91449 ] [ 0 0 -1 0 ] 35.882435 1 1
( -704 1536 64 ) ( -704 1536 0 ) ( -688 1376 0 ) 64_cyan_3 [ -0.04975185951049943 0.49751859510499463 0 63.055115 ] [ 0 0 -1 0 ] 15.521589 1 1
}
// brush 3
{
( -656 1440 0 ) ( -704 1536 0 ) ( -704 1536 64 ) 64_cyan_1 [ 0.22360679774997888 -0.44721359549995804 0 -27.447632 ] [ 0 0 -1 0 ] 68.70571 1 1
( -656 1440 0 ) ( -608 1488 0 ) ( -704 1536 0 ) 64_cyan_1 [ -0.49999999999999983 0 0 32 ] [ 0 -0.5 0 0 ] 0 1 1
( -704 1536 64 ) ( -608 1488 64 ) ( -656 1440 64 ) 64_cyan_1 [ 0.49999999999999983 0 0 -32 ] [ 0 -0.5 0 0 ] 0 1 1
( -704 1536 64 ) ( -704 1536 0 ) ( -608 1488 0 ) 64_cyan_1 [ -0.44721359549995776 0.22360679774997902 0 48.515137 ] [ 0 0 -1 0 ] 73.46177 1 1
( -656 1440 64 ) ( -608 1488 64 ) ( -608 1488 0 ) 64_cyan_1 [ 0.3535533905932737 0.3535533905932738 0 -60.117737 ] [ 0 0 -1 0 ] 85.06348 1 1
}
// brush 4
{
( -704 1536 64 ) ( -608 1488 0 ) ( -704 1536 0 ) 64_cyan_3 [ 0.44721359549995776 -0.22360679774997902 0 -48.515137 ] [ 0 0 -1 0 ] 73.46177 1 1
( -544 1520 0 ) ( -704 1536 0 ) ( -608 1488 0 ) 64_cyan_3 [ -0.49999999999999983 0 0 31.99997 ] [ 0 -0.5 0 0 ] 0 1 1
( -704 1536 64 ) ( -544 1520 64 ) ( -608 1488 64 ) 64_cyan_3 [ 0.49999999999999983 0 0 -31.99997 ] [ 0 -0.5 0 0 ] 0 1 1
( -544 1520 0 ) ( -704 1536 64 ) ( -704 1536 0 ) 64_cyan_3 [ -0.49751859510499435 0.049751859510499465 0 41.08383 ] [ 0 0 -1 0 ] 10.668662 1 1
( -544 1520 64 ) ( -608 1488 0 ) ( -608 1488 64 ) 64_cyan_3 [ 0.44721359549995776 0.22360679774997902 0 -1.5950317 ] [ 0 0 -1 0 ] 73.46177 1 1
}
}
