// entity 0
{
"classname" "func_detail"
"_phong" "1"
// brush 0
{
( 4352 2112 64 ) ( 4352 2112.5 64 ) ( 4352 2112 65 ) trim_band_teal [ 5.551115123125783e-16 -1.0000000000000004 0 -50.08911 ] [ 0 0 -1 -96 ] 0 0.809016 1
( 4368 2176 128 ) ( 4384 2176 256 ) ( 4384 2176 128 ) 64_cyan_3 [ 1 0 -0 0 ] [ 0 -0 -1 0 ] 0 1 1
( 4352 2112 64 ) ( 4352.5 2112 64 ) ( 4352 2112.5 64 ) trim_band_teal [ 0 -1.0000000000000007 -5.551115123125784e-16 -50.08911 ] [ -1.0000000000000002 0 0 32 ] 0 0.809016 1
( 4480 2240 128 ) ( 4480 2240.5 128 ) ( 4480.5 2240 128 ) trim_band_teal [ 0 -1.0000000000000007 -5.551115123125784e-16 -50.08911 ] [ -1.0000000000000002 0 0 32 ] 0 0.809016 1
( 4480 2160 96 ) ( 4352 2192 224 ) ( 4352 2192 96 ) trim_band_teal [ -0.9701425001453319 0.24253562503633297 0 326.43848 ] [ 0 0 -1 -64 ] 0 1 1
}
// brush 1
{
( 4400 2240 96 ) ( 4432 2112 224 ) ( 4432 2112 96 ) trim_band_teal [ 0.24253562503633297 -0.9701425001453319 0 -325.73254 ] [ 0 0 -1 -64 ] 0 1 1
( 4352 2112 64 ) ( 4352.5 2112 64 ) ( 4352 2112.5 64 ) trim_band_teal [ -1.0000000000000002 0 -3.33066907387547e-16 30.706543 ] [ 0 1.0000000000000002 0 -416 ] 0 0.809016 1
( 4480 2240 128 ) ( 4480 2240.5 128 ) ( 4480.5 2240 128 ) trim_band_teal [ -1.0000000000000002 0 -3.33066907387547e-16 30.706543 ] [ 0 1.0000000000000002 0 -416 ] 0 0.809016 1
( 4480 2240 128 ) ( 4480.5 2240 128 ) ( 4480 2240 129 ) trim_band_teal [ -1.0000000000000002 -3.3306690738754696e-16 0 30.706543 ] [ 0 0 -1 -96 ] 0 0.809016 1
( 4416 2224 128 ) ( 4416 2192 128 ) ( 4416 2192 256 ) 64_cyan_3 [ 0 1.0000000000000002 0 0 ] [ 0 0 -1.0000000000000002 0 ] 0 1 1
}
// brush 2
{
( 4352 2192 96 ) ( 4368 2224 96 ) ( 4368 2224 224 ) trim_band_teal [ -0.4472135954999576 -0.8944271909999164 0 21.594238 ] [ 0 0 -1 -96 ] 0 0.809016 1
( 4480 2160 96 ) ( 4352 2192 96 ) ( 4352 2192 224 ) trim_band_teal [ 0.9701425001453319 -0.24253562503633297 0 -326.43848 ] [ 0 0 -1 -64 ] 0 1 1
( 4352 2112 64 ) ( 4352.5 2112 64 ) ( 4352 2112.5 64 ) trim_band_teal [ -0.4472135954999582 -0.8944271909999165 -5.551115123125783e-16 21.594238 ] [ -0.8944271909999161 0.44721359549995804 5.551115123125783e-17 110.2146 ] 0 0.809016 1.0062332
( 4480 2240 128 ) ( 4480 2240.5 128 ) ( 4480.5 2240 128 ) trim_band_teal [ -0.4472135954999582 -0.8944271909999165 -5.551115123125783e-16 21.594238 ] [ -0.8944271909999161 0.44721359549995804 5.551115123125783e-17 110.2146 ] 0 0.809016 1.0062332
( 4368 2224 96 ) ( 4464 2128 96 ) ( 4464 2128 224 ) trim_band_teal [ -0.7071067811865476 0.7071067811865476 0 166.82251 ] [ 0 0 -1 -64 ] 0 1 1
}
// brush 3
{
( 4368 2224 96 ) ( 4464 2128 224 ) ( 4464 2128 96 ) trim_band_teal [ 0.7071067811865476 -0.7071067811865476 0 -166.82251 ] [ 0 0 -1 -64 ] 0 1 1
( 4368 2224 96 ) ( 4400 2240 96 ) ( 4400 2240 224 ) trim_band_teal [ -0.894427190999916 -0.4472135954999584 0 182.77051 ] [ 0 0 -1 -96 ] 0 0.809016 1
( 4352 2112 64 ) ( 4352.5 2112 64 ) ( 4352 2112.5 64 ) trim_band_teal [ -0.8944271909999164 -0.44721359549995815 -3.885780586188048e-16 182.77051 ] [ -0.44721359549995804 0.8944271909999161 5.551115123125783e-17 -259.55554 ] 0 0.809016 1.0062304
( 4480 2240 128 ) ( 4480 2240.5 128 ) ( 4480.5 2240 128 ) trim_band_teal [ -0.8944271909999164 -0.44721359549995815 -3.885780586188048e-16 182.77051 ] [ -0.44721359549995804 0.8944271909999161 5.551115123125783e-17 -259.55554 ] 0 0.809016 1.0062304
( 4400 2240 96 ) ( 4432 2112 96 ) ( 4432 2112 224 ) trim_band_teal [ -0.24253562503633297 0.9701425001453319 0 325.73254 ] [ 0 0 -1 -64 ] 0 1 1
}
}
