// entity 0
{
"classname" "func_detail"
"_phong" "1"
// brush 0
{
( 2592 1952 0 ) ( 2592 1953 0 ) ( 2592 1952 1 ) trim_band_teal [ 5.551115123125783e-16 -1.0000000000000004 0 104.6012 ] [ 0 0 -1 -160 ] 0 1.078689 1
( 2624 2080 64 ) ( 2656 2080 192 ) ( 2656 2080 64 ) 64_cyan_1 [ 1 0 0 -32 ] [ 0 0 -1 0 ] 0 1 1
( 2592 1952 0 ) ( 2593 1952 0 ) ( 2592 1953 0 ) trim_band_teal [ 0 -1.0000000000000007 -5.551115123125784e-16 104.601074 ] [ -1.0000000000000002 0 0 -192 ] 0 1.078689 1
( 2848 2208 64 ) ( 2848 2209 64 ) ( 2849 2208 64 ) trim_band_teal [ 0 -1.0000000000000007 -5.551115123125784e-16 104.601074 ] [ -1.0000000000000002 0 0 -192 ] 0 1.078689 1
( 2848 2048 32 ) ( 2592 2112 160 ) ( 2592 2112 32 ) 64_cyan_3 [ -0.9701425001453319 0.24253562503633297 0 12.72998 ] [ 0 0 -1 0 ] 0 1 1
}
// brush 1
{
( 2688 2208 32 ) ( 2752 1952 160 ) ( 2752 1952 32 ) 64_cyan_3 [ 0.24253562503633297 -0.9701425001453319 0 12.082275 ] [ 0 0 -1 0 ] 0 1 1
( 2592 1952 0 ) ( 2593 1952 0 ) ( 2592 1953 0 ) trim_band_teal [ -1.0000000000000002 0 -3.33066907387547e-16 -6.086426 ] [ 0 1.0000000000000002 0 128 ] 0 1.078689 1
( 2848 2208 64 ) ( 2848 2209 64 ) ( 2849 2208 64 ) trim_band_teal [ -1.0000000000000002 0 -3.33066907387547e-16 -6.086426 ] [ 0 1.0000000000000002 0 128 ] 0 1.078689 1
( 2848 2208 64 ) ( 2849 2208 64 ) ( 2848 2208 65 ) trim_band_teal [ -1.0000000000000002 -3.3306690738754696e-16 0 -6.086426 ] [ 0 0 -1 -160 ] 0 1.078689 1
( 2720 2144 64 ) ( 2720 2080 64 ) ( 2720 2080 192 ) 64_cyan_2 [ 0 1 0 0 ] [ 0 0 -1 0 ] 0 1 1
}
// brush 2
{
( 2592 2112 32 ) ( 2624 2176 32 ) ( 2624 2176 160 ) trim_band_teal [ -0.4472135954999576 -0.8944271909999164 0 -51.486084 ] [ 0 0 -1 -160 ] 0 1.078689 1
( 2848 2048 32 ) ( 2592 2112 32 ) ( 2592 2112 160 ) 64_cyan_2 [ 0.9701425001453319 -0.24253562503633297 0 -12.72998 ] [ 0 0 -1 0 ] 0 1 1
( 2592 1952 0 ) ( 2593 1952 0 ) ( 2592 1953 0 ) trim_band_teal [ -0.4472135954999582 -0.8944271909999165 -5.551115123125783e-16 -51.486084 ] [ -0.8944271909999161 0.44721359549995804 5.551115123125783e-17 117.33374 ] 0 1.078689 1.0062304
( 2848 2208 64 ) ( 2848 2209 64 ) ( 2849 2208 64 ) trim_band_teal [ -0.4472135954999582 -0.8944271909999165 -5.551115123125783e-16 -51.486084 ] [ -0.8944271909999161 0.44721359549995804 5.551115123125783e-17 117.33374 ] 0 1.078689 1.0062304
( 2624 2176 32 ) ( 2816 1984 32 ) ( 2816 1984 160 ) 64_cyan_2 [ -0.7071067811865476 0.7071067811865476 0 -12.636169 ] [ 0 0 -1 0 ] 0 1 1
}
// brush 3
{
( 2624 2176 32 ) ( 2816 1984 160 ) ( 2816 1984 32 ) 64_cyan_1 [ 0.7071067811865476 -0.7071067811865476 0 12.636169 ] [ 0 0 -1 0 ] 0 1 1
( 2624 2176 32 ) ( 2688 2208 32 ) ( 2688 2208 160 ) trim_band_teal [ -0.894427190999916 -0.4472135954999584 0 134.25 ] [ 0 0 -1 -160 ] 0 1.078689 1
( 2592 1952 0 ) ( 2593 1952 0 ) ( 2592 1953 0 ) trim_band_teal [ -0.8944271909999164 -0.44721359549995815 -3.885780586188048e-16 134.25 ] [ -0.44721359549995804 0.8944271909999161 5.551115123125783e-17 31.999817 ] 0 1.078689 1.0062304
( 2848 2208 64 ) ( 2848 2209 64 ) ( 2849 2208 64 ) trim_band_teal [ -0.8944271909999164 -0.44721359549995815 -3.885780586188048e-16 134.25 ] [ -0.44721359549995804 0.8944271909999161 5.551115123125783e-17 31.999817 ] 0 1.078689 1.0062304
( 2688 2208 32 ) ( 2752 1952 32 ) ( 2752 1952 160 ) 64_cyan_1 [ -0.24253562503633297 0.9701425001453319 0 -12.082275 ] [ 0 0 -1 0 ] 0 1 1
}
}
