// entity 0
{
"classname" "func_detail"
"_phong" "1"
// brush 0
{
( 3936 2624 64 ) ( 3936 2624.5 64 ) ( 3936 2624 65 ) trim_band_teal [ 5.551115123125783e-16 -1.0000000000000004 0 -328.34326 ] [ 0 0 -1 -96 ] 0 0.995713 1
( 3944 2688 128 ) ( 3952 2688 256 ) ( 3952 2688 128 ) 64_cyan_3 [ 1 0 -0 -32 ] [ 0 -0 -1 0 ] 0 1 1
( 3904 2624 64 ) ( 3904.5 2624 64 ) ( 3904 2624.5 64 ) trim_band_teal [ 0 -1.0000000000000007 -5.551115123125784e-16 -328.34326 ] [ -1.0000000000000002 0 0 -32 ] 0 0.995713 1
( 4032 2752 128 ) ( 4032 2752.5 128 ) ( 4032.5 2752 128 ) trim_band_teal [ 0 -1.0000000000000007 -5.551115123125784e-16 -328.34326 ] [ -1.0000000000000002 0 0 -32 ] 0 0.995713 1
( 4032 2672 96 ) ( 3904 2704 224 ) ( 3904 2704 96 ) trim_band_teal [ -0.9701425001453319 0.24253562503633297 0 -232.36377 ] [ 0 0 -1 -64 ] 0 1 1
}
// brush 1
{
( 3952 2752 96 ) ( 3984 2624 224 ) ( 3984 2624 96 ) trim_band_teal [ 0.24253562503633297 -0.9701425001453319 0 279.63635 ] [ 0 0 -1 -64 ] 0 1 1
( 3904 2624 64 ) ( 3904.5 2624 64 ) ( 3904 2624.5 64 ) trim_band_teal [ -1.0000000000000002 0 -3.33066907387547e-16 393.16772 ] [ 0 1.0000000000000002 0 -32 ] 0 0.995713 1
( 4032 2752 128 ) ( 4032 2752.5 128 ) ( 4032.5 2752 128 ) trim_band_teal [ -1.0000000000000002 0 -3.33066907387547e-16 393.16772 ] [ 0 1.0000000000000002 0 -32 ] 0 0.995713 1
( 4032 2720 128 ) ( 4032.5 2720 128 ) ( 4032 2720 129 ) trim_band_teal [ -1.0000000000000002 -3.3306690738754696e-16 0 393.16772 ] [ 0 0 -1 -96 ] 0 0.995713 1
( 3968 2712 128 ) ( 3968 2704 128 ) ( 3968 2704 256 ) 64_cyan_3 [ 0 1.0000000000000002 0 32 ] [ 0 0 -1.0000000000000002 0 ] 0 1 1
}
// brush 2
{
( 3932.8 2689.6 96 ) ( 3948.8 2721.6 96 ) ( 3948.8 2721.6 224 ) trim_band_teal [ -0.4472135954999576 -0.8944271909999164 0 -382.38135 ] [ 0 0 -1 -96 ] 0 0.995713 1
( 4032 2672 96 ) ( 3904 2704 96 ) ( 3904 2704 224 ) trim_band_teal [ 0.9701425001453319 -0.24253562503633297 0 232.36377 ] [ 0 0 -1 -64 ] 0 1 1
( 3904 2624 64 ) ( 3904.5 2624 64 ) ( 3904 2624.5 64 ) trim_band_teal [ -0.4472135954999582 -0.8944271909999165 -5.551115123125783e-16 -382.38135 ] [ -0.8944271909999161 0.44721359549995804 5.551115123125783e-17 -131.56152 ] 0 0.995713 1.0062332
( 4032 2752 128 ) ( 4032 2752.5 128 ) ( 4032.5 2752 128 ) trim_band_teal [ -0.4472135954999582 -0.8944271909999165 -5.551115123125783e-16 -382.38135 ] [ -0.8944271909999161 0.44721359549995804 5.551115123125783e-17 -131.56152 ] 0 0.995713 1.0062332
( 3920 2736 96 ) ( 4016 2640 96 ) ( 4016 2640 224 ) trim_band_teal [ -0.7071067811865476 0.7071067811865476 0 -511.99988 ] [ 0 0 -1 -64 ] 0 1 1
}
// brush 3
{
( 3920 2736 96 ) ( 4016 2640 224 ) ( 4016 2640 96 ) trim_band_teal [ 0.7071067811865476 -0.7071067811865476 0 511.99988 ] [ 0 0 -1 -64 ] 0 1 1
( 3934.3999999999996 2707.2 96 ) ( 3966.3999999999996 2723.2 96 ) ( 3966.3999999999996 2723.2 224 ) trim_band_teal [ -0.894427190999916 -0.4472135954999584 0 170.95752 ] [ 0 0 -1 -96 ] 0 0.995713 1
( 3904 2624 64 ) ( 3904.5 2624 64 ) ( 3904 2624.5 64 ) trim_band_teal [ -0.8944271909999164 -0.44721359549995815 -3.885780586188048e-16 170.95752 ] [ -0.44721359549995804 0.8944271909999161 5.551115123125783e-17 -17.778503 ] 0 0.995713 1.0062294
( 4032 2752 128 ) ( 4032 2752.5 128 ) ( 4032.5 2752 128 ) trim_band_teal [ -0.8944271909999164 -0.44721359549995815 -3.885780586188048e-16 170.95752 ] [ -0.44721359549995804 0.8944271909999161 5.551115123125783e-17 -17.778503 ] 0 0.995713 1.0062294
( 3952 2752 96 ) ( 3984 2624 96 ) ( 3984 2624 224 ) trim_band_teal [ -0.24253562503633297 0.9701425001453319 0 -279.63635 ] [ 0 0 -1 -64 ] 0 1 1
}
}
