// entity 0
{
"classname" "func_group"
// brush 0
{
( 0 1920 96 ) ( -96 2016 96 ) ( -96 2016 352 ) 64_cyan_3 [ 0 1 0 0 ] [ 0 0 -1 0 ] 0 1 1
( 224 2144 64 ) ( 64 2080 192 ) ( 64 2080 64 ) 64_cyan_3 [ 1 0 0 0 ] [ 0 0 -1 0 ] 0 1 1
( -160 1920 0 ) ( -158 1920 0 ) ( -160 1922 0 ) 64_cyan_3 [ 1 0 0 0 ] [ 0 -1 0 0 ] 0 1 1
( 96 2304 64 ) ( 96 2306 64 ) ( 98 2304 64 ) 64_cyan_3 [ 1 0 0 0 ] [ 0 -1 0 0 ] 0 1 1
( 64 2080 64 ) ( 0 1920 64 ) ( 0 1920 192 ) 64_cyan_3 [ 0 1 0 0 ] [ 0 0 -1 0 ] 0 1 1
}
// brush 1
{
( 64 2080 64 ) ( 0 1920 192 ) ( 0 1920 64 ) 64_cyan_2 [ 0 1 0 0 ] [ 0 0 -1 0 ] 0 1 1
( -160 1920 -32 ) ( -160 1920 -30 ) ( -158 1920 -32 ) 64_cyan_2 [ 1 0 0 0 ] [ 0 0 -1 0 ] 0 1 1
( -160 1920 0 ) ( -158 1920 0 ) ( -160 1922 0 ) 64_cyan_2 [ 1 0 0 0 ] [ 0 -1 0 0 ] 0 1 1
( 96 2304 64 ) ( 96 2306 64 ) ( 98 2304 64 ) 64_cyan_2 [ 1 0 0 0 ] [ 0 -1 0 0 ] 0 1 1
( 128 1920 0 ) ( 64 2080 192 ) ( 64 2080 64 ) 64_cyan_2 [ 0 1 0 0 ] [ 0 0 -1 0 ] 0 1 1
}
// brush 2
{
( 128 1920 0 ) ( 64 2080 64 ) ( 64 2080 192 ) 64_cyan_3 [ 0 1 0 0 ] [ 0 0 -1 0 ] 0 1 1
( -160 1920 0 ) ( -158 1920 0 ) ( -160 1922 0 ) 64_cyan_3 [ 1 0 0 0 ] [ 0 -1 0 0 ] 0 1 1
( 96 2304 64 ) ( 96 2306 64 ) ( 98 2304 64 ) 64_cyan_3 [ 1 0 0 0 ] [ 0 -1 0 0 ] 0 1 1
( 224 2016 64 ) ( 64 2080 192 ) ( 64 2080 64 ) 64_cyan_3 [ 1 0 0 0 ] [ 0 0 -1 0 ] 0 1 1
( 128 1920 96 ) ( 224 2016 352 ) ( 224 2016 96 ) 64_cyan_3 [ 0 1 0 0 ] [ 0 0 -1 0 ] 0 1 1
}
// brush 3
{
( 128 1920 0 ) ( 64 2080 64 ) ( 64 2080 192 ) 64_cyan_2 [ 0 1 0 0 ] [ 0 0 -1 0 ] 0 1 1
( -160 1920 0 ) ( -158 1920 0 ) ( -160 1922 0 ) 64_cyan_2 [ 1 0 0 0 ] [ 0 -1 0 0 ] 0 1 1
( 96 2304 64 ) ( 96 2306 64 ) ( 98 2304 64 ) 64_cyan_2 [ 1 0 0 0 ] [ 0 -1 0 0 ] 0 1 1
( 128 2240 96 ) ( 96 2240 352 ) ( 96 2240 96 ) 64_cyan_2 [ 1 0 0 0 ] [ 0 0 -1 0 ] 0 1 1
( 64 2080 64 ) ( 0 1920 64 ) ( 0 1920 192 ) 64_cyan_2 [ 0 1 0 0 ] [ 0 0 -1 0 ] 0 1 1
}
// brush 4
{
( 224 2016 64 ) ( 64 2080 64 ) ( 64 2080 192 ) 64_cyan_2 [ 1 0 0 0 ] [ 0 0 -1 0 ] 0 1 1
( 224 2144 64 ) ( 64 2080 192 ) ( 64 2080 64 ) 64_cyan_2 [ 1 0 0 0 ] [ 0 0 -1 0 ] 0 1 1
( -160 1920 0 ) ( -158 1920 0 ) ( -160 1922 0 ) 64_cyan_2 [ 1 0 0 0 ] [ 0 -1 0 0 ] 0 1 1
( 96 2304 64 ) ( 96 2306 64 ) ( 98 2304 64 ) 64_cyan_2 [ 1 0 0 0 ] [ 0 -1 0 0 ] 0 1 1
( 224 2304 96 ) ( 224 2304 98 ) ( 224 2306 96 ) 64_cyan_2 [ 0 1 0 0 ] [ 0 0 -1 0 ] 0 1 1
}
// brush 5
{
( -96 2016 96 ) ( -96 2080 96 ) ( -96 2080 352 ) 64_cyan_2 [ 0 1 0 0 ] [ 0 0 -1 0 ] 0 1 1
( -160 1920 0 ) ( -158 1920 0 ) ( -160 1922 0 ) 64_cyan_2 [ 1 0 0 0 ] [ 0 -1 0 0 ] 0 1 1
( 96 2304 64 ) ( 96 2306 64 ) ( 98 2304 64 ) 64_cyan_2 [ 1 0 0 0 ] [ 0 -1 0 0 ] 0 1 1
( 224 2144 64 ) ( 64 2080 64 ) ( 64 2080 192 ) 64_cyan_2 [ 1 0 0 0 ] [ 0 0 -1 0 ] 0 1 1
( 224 2016 64 ) ( 64 2080 192 ) ( 64 2080 64 ) 64_cyan_2 [ 1 0 0 0 ] [ 0 0 -1 0 ] 0 1 1
}
// brush 6
{
( -96 2144 96 ) ( -64 2176 96 ) ( -64 2176 352 ) 64_cyan_3 [ 0 1 0 0 ] [ 0 0 -1 0 ] 0 1 1
( 224 2016 64 ) ( 64 2080 64 ) ( 64 2080 192 ) 64_cyan_3 [ 1 0 0 0 ] [ 0 0 -1 0 ] 0 1 1
( -160 1920 0 ) ( -158 1920 0 ) ( -160 1922 0 ) 64_cyan_3 [ 1 0 0 0 ] [ 0 -1 0 0 ] 0 1 1
( 96 2304 64 ) ( 96 2306 64 ) ( 98 2304 64 ) 64_cyan_3 [ 1 0 0 0 ] [ 0 -1 0 0 ] 0 1 1
( 128 1920 0 ) ( 64 2080 192 ) ( 64 2080 64 ) 64_cyan_3 [ 0 1 0 0 ] [ 0 0 -1 0 ] 0 1 1
}
// brush 7
{
( 64 2080 64 ) ( 0 1920 192 ) ( 0 1920 64 ) 64_cyan_3 [ 0 1 0 0 ] [ 0 0 -1 0 ] 0 1 1
( -160 1920 0 ) ( -158 1920 0 ) ( -160 1922 0 ) 64_cyan_3 [ 1 0 0 0 ] [ 0 -1 0 0 ] 0 1 1
( 96 2304 64 ) ( 96 2306 64 ) ( 98 2304 64 ) 64_cyan_3 [ 1 0 0 0 ] [ 0 -1 0 0 ] 0 1 1
( 224 2144 64 ) ( 64 2080 64 ) ( 64 2080 192 ) 64_cyan_3 [ 1 0 0 0 ] [ 0 0 -1 0 ] 0 1 1
( 192 2176 96 ) ( 224 2144 96 ) ( 224 2144 352 ) 64_cyan_3 [ 0 1 0 0 ] [ 0 0 -1 0 ] 0 1 1
}
}
