// entity 0
{
"classname" "func_group"
// brush 0
{
( 112 1888 64 ) ( 144 1808 192 ) ( 144 1808 64 ) 64_cyan_3 [ 0 1 0 0 ] [ 0 0 -1 0 ] 0 1 1
( 32 1728 0 ) ( 33 1728 0 ) ( 32 1729 0 ) 64_cyan_3 [ 1 0 0 0 ] [ 0 -1 0 0 ] 0 1 1
( 160 1920 64 ) ( 160 1921 64 ) ( 161 1920 64 ) 64_cyan_3 [ 1 0 0 0 ] [ 0 -1 0 0 ] 0 1 1
( 64 1840 64 ) ( 144 1808 64 ) ( 144 1808 192 ) 64_cyan_3 [ 1 0 0 0 ] [ 0 0 -1 0 ] 0 1 1
( 176 1728 64 ) ( 224 1776 192 ) ( 224 1776 64 ) 64_cyan_3 [ 0 1 0 0 ] [ 0 0 -1 0 ] 0 1 1
}
// brush 1
{
( 144 1808 64 ) ( 112 1728 192 ) ( 112 1728 64 ) 64_cyan_2 [ 0 1 0 0 ] [ 0 0 -1 0 ] 0 1 1
( 32 1728 0 ) ( 32 1728 1 ) ( 33 1728 0 ) 64_cyan_2 [ 1 0 0 0 ] [ 0 0 -1 0 ] 0 1 1
( 32 1728 0 ) ( 33 1728 0 ) ( 32 1729 0 ) 64_cyan_2 [ 1 0 0 0 ] [ 0 -1 0 0 ] 0 1 1
( 160 1920 64 ) ( 160 1921 64 ) ( 161 1920 64 ) 64_cyan_2 [ 1 0 0 0 ] [ 0 -1 0 0 ] 0 1 1
( 112 1888 64 ) ( 144 1808 64 ) ( 144 1808 192 ) 64_cyan_2 [ 0 1 0 0 ] [ 0 0 -1 0 ] 0 1 1
}
// brush 2
{
( 112 1728 64 ) ( 64 1776 64 ) ( 64 1776 192 ) 64_cyan_3 [ 0 1 0 0 ] [ 0 0 -1 0 ] 0 1 1
( 64 1776 64 ) ( 144 1808 64 ) ( 144 1808 192 ) 64_cyan_3 [ 1 0 0 0 ] [ 0 0 -1 0 ] 0 1 1
( 32 1728 0 ) ( 33 1728 0 ) ( 32 1729 0 ) 64_cyan_3 [ 1 0 0 0 ] [ 0 -1 0 0 ] 0 1 1
( 160 1920 64 ) ( 160 1921 64 ) ( 161 1920 64 ) 64_cyan_3 [ 1 0 0 0 ] [ 0 -1 0 0 ] 0 1 1
( 144 1808 64 ) ( 112 1728 64 ) ( 112 1728 192 ) 64_cyan_3 [ 0 1 0 0 ] [ 0 0 -1 0 ] 0 1 1
}
// brush 3
{
( 64 1776 64 ) ( 64 1808 64 ) ( 64 1808 192 ) 64_cyan_2 [ 0 1 0 0 ] [ 0 0 -1 0 ] 0 1 1
( 32 1728 0 ) ( 33 1728 0 ) ( 32 1729 0 ) 64_cyan_2 [ 1 0 0 0 ] [ 0 -1 0 0 ] 0 1 1
( 160 1920 64 ) ( 160 1921 64 ) ( 161 1920 64 ) 64_cyan_2 [ 1 0 0 0 ] [ 0 -1 0 0 ] 0 1 1
( 64 1776 64 ) ( 144 1808 192 ) ( 144 1808 64 ) 64_cyan_2 [ 1 0 0 0 ] [ 0 0 -1 0 ] 0 1 1
( 64 1840 64 ) ( 144 1808 64 ) ( 144 1808 192 ) 64_cyan_2 [ 1 0 0 0 ] [ 0 0 -1 0 ] 0 1 1
}
// brush 4
{
( 64 1840 64 ) ( 80 1856 64 ) ( 80 1856 192 ) 64_cyan_3 [ 0 1 0 0 ] [ 0 0 -1 0 ] 0 1 1
( 64 1840 64 ) ( 144 1808 192 ) ( 144 1808 64 ) 64_cyan_3 [ 1 0 0 0 ] [ 0 0 -1 0 ] 0 1 1
( 32 1728 0 ) ( 33 1728 0 ) ( 32 1729 0 ) 64_cyan_3 [ 1 0 0 0 ] [ 0 -1 0 0 ] 0 1 1
( 160 1920 64 ) ( 160 1921 64 ) ( 161 1920 64 ) 64_cyan_3 [ 1 0 0 0 ] [ 0 -1 0 0 ] 0 1 1
( 112 1888 64 ) ( 144 1808 64 ) ( 144 1808 192 ) 64_cyan_3 [ 0 1 0 0 ] [ 0 0 -1 0 ] 0 1 1
}
// brush 5
{
( 112 1888 64 ) ( 144 1808 192 ) ( 144 1808 64 ) 64_cyan_2 [ 0 1 0 0 ] [ 0 0 -1 0 ] 0 1 1
( 32 1728 0 ) ( 33 1728 0 ) ( 32 1729 0 ) 64_cyan_2 [ 1 0 0 0 ] [ 0 -1 0 0 ] 0 1 1
( 160 1920 64 ) ( 160 1921 64 ) ( 161 1920 64 ) 64_cyan_2 [ 1 0 0 0 ] [ 0 -1 0 0 ] 0 1 1
( 176 1888 64 ) ( 160 1888 192 ) ( 160 1888 64 ) 64_cyan_2 [ 1 0 0 0 ] [ 0 0 -1 0 ] 0 1 1
( 144 1808 64 ) ( 112 1728 64 ) ( 112 1728 192 ) 64_cyan_2 [ 0 1 0 0 ] [ 0 0 -1 0 ] 0 1 1
}
// brush 6
{
( 144 1808 64 ) ( 112 1728 192 ) ( 112 1728 64 ) 64_cyan_3 [ 0 1 0 0 ] [ 0 0 -1 0 ] 0 1 1
( 32 1728 0 ) ( 33 1728 0 ) ( 32 1729 0 ) 64_cyan_3 [ 1 0 0 0 ] [ 0 -1 0 0 ] 0 1 1
( 160 1920 64 ) ( 160 1921 64 ) ( 161 1920 64 ) 64_cyan_3 [ 1 0 0 0 ] [ 0 -1 0 0 ] 0 1 1
( 64 1776 64 ) ( 144 1808 192 ) ( 144 1808 64 ) 64_cyan_3 [ 1 0 0 0 ] [ 0 0 -1 0 ] 0 1 1
( 208 1856 64 ) ( 224 1840 64 ) ( 224 1840 192 ) 64_cyan_3 [ 0 1 0 0 ] [ 0 0 -1 0 ] 0 1 1
}
// brush 7
{
( 64 1840 64 ) ( 144 1808 192 ) ( 144 1808 64 ) 64_cyan_2 [ 1 0 0 0 ] [ 0 0 -1 0 ] 0 1 1
( 64 1776 64 ) ( 144 1808 64 ) ( 144 1808 192 ) 64_cyan_2 [ 1 0 0 0 ] [ 0 0 -1 0 ] 0 1 1
( 32 1728 0 ) ( 33 1728 0 ) ( 32 1729 0 ) 64_cyan_2 [ 1 0 0 0 ] [ 0 -1 0 0 ] 0 1 1
( 160 1920 64 ) ( 160 1921 64 ) ( 161 1920 64 ) 64_cyan_2 [ 1 0 0 0 ] [ 0 -1 0 0 ] 0 1 1
( 224 1920 64 ) ( 224 1920 65 ) ( 224 1921 64 ) 64_cyan_2 [ 0 1 0 0 ] [ 0 0 -1 0 ] 0 1 1
}
}
