// entity 0
{
"classname" "func_group"
// brush 0
{
( 448 1830.4 64 ) ( 448 1856 64 ) ( 448 1856 192 ) 64_cyan_2 [ 0 1 0 0 ] [ 0 0 -1 0 ] 0 1 1
( 422.4000000000003 1792 0 ) ( 423.2000000000005 1792 0 ) ( 422.4000000000003 1792.7999999999997 0 ) 64_cyan_2 [ 1 0 0 0 ] [ 0 -1 0 0 ] 0 1 1
( 524.8000000000004 1945.6 64 ) ( 524.8000000000004 1946.4 64 ) ( 525.6000000000001 1945.6 64 ) 64_cyan_2 [ 1 0 0 0 ] [ 0 -1 0 0 ] 0 1 1
( 448 1832 64 ) ( 576 1880 192 ) ( 576 1880 64 ) 64_cyan_2 [ 1 0 0 0 ] [ 0 0 -1 0 ] 0 1 1
( 576 1832 64 ) ( 448 1880 192 ) ( 448 1880 64 ) 64_cyan_2 [ 1 0 0 0 ] [ 0 0 -1 0 ] 0 1 1
}
// brush 1
{
( 576 1832 64 ) ( 448 1880 64 ) ( 448 1880 192 ) 64_cyan_2 [ 1 0 0 0 ] [ 0 0 -1 0 ] 0 1 1
( 448 1832 64 ) ( 576 1880 64 ) ( 576 1880 192 ) 64_cyan_2 [ 1 0 0 0 ] [ 0 0 -1 0 ] 0 1 1
( 422.4000000000003 1792 0 ) ( 423.2000000000005 1792 0 ) ( 422.4000000000003 1792.7999999999997 0 ) 64_cyan_2 [ 1 0 0 0 ] [ 0 -1 0 0 ] 0 1 1
( 524.8000000000004 1945.6 64 ) ( 524.8000000000004 1946.4 64 ) ( 525.6000000000001 1945.6 64 ) 64_cyan_2 [ 1 0 0 0 ] [ 0 -1 0 0 ] 0 1 1
( 576 1945.6 64 ) ( 576 1945.6 65 ) ( 576 1946.4 64 ) 64_cyan_2 [ 0 1 0 0 ] [ 0 0 -1 0 ] 0 1 1
}
// brush 2
{
( 536 1792 64 ) ( 488 1920 64 ) ( 488 1920 192 ) 64_cyan_3 [ 0 1 0 0 ] [ 0 0 -1 0 ] 0 1 1
( 422.4000000000003 1792 0 ) ( 423.2000000000005 1792 0 ) ( 422.4000000000003 1792.7999999999997 0 ) 64_cyan_3 [ 1 0 0 0 ] [ 0 -1 0 0 ] 0 1 1
( 524.8000000000004 1945.6 64 ) ( 524.8000000000004 1946.4 64 ) ( 525.6000000000001 1945.6 64 ) 64_cyan_3 [ 1 0 0 0 ] [ 0 -1 0 0 ] 0 1 1
( 576 1832 64 ) ( 448 1880 192 ) ( 448 1880 64 ) 64_cyan_3 [ 1 0 0 0 ] [ 0 0 -1 0 ] 0 1 1
( 536.8000000000004 1792.7999999999997 64 ) ( 575.2000000000005 1831.1999999999998 192 ) ( 575.2000000000005 1831.1999999999998 64 ) 64_cyan_3 [ 0 1 0 0 ] [ 0 0 -1 0 ] 0 1 1
}
// brush 3
{
( 536 1920 64 ) ( 488 1792 192 ) ( 488 1792 64 ) 64_cyan_2 [ 0 1 0 0 ] [ 0 0 -1 0 ] 0 1 1
( 422.4000000000003 1792 0 ) ( 422.4000000000003 1792 1 ) ( 423.2000000000005 1792 0 ) 64_cyan_2 [ 1 0 0 0 ] [ 0 0 -1 0 ] 0 1 1
( 422.4000000000003 1792 0 ) ( 423.2000000000005 1792 0 ) ( 422.4000000000003 1792.7999999999997 0 ) 64_cyan_2 [ 1 0 0 0 ] [ 0 -1 0 0 ] 0 1 1
( 524.8000000000004 1945.6 64 ) ( 524.8000000000004 1946.4 64 ) ( 525.6000000000001 1945.6 64 ) 64_cyan_2 [ 1 0 0 0 ] [ 0 -1 0 0 ] 0 1 1
( 536 1792 64 ) ( 488 1920 192 ) ( 488 1920 64 ) 64_cyan_2 [ 0 1 0 0 ] [ 0 0 -1 0 ] 0 1 1
}
// brush 4
{
( 487.1999999999996 1792.7999999999993 64 ) ( 448.7999999999995 1831.1999999999994 64 ) ( 448.7999999999995 1831.1999999999994 192 ) 64_cyan_3 [ 0 1 0 0 ] [ 0 0 -1 0 ] 0 1 1
( 448 1832 64 ) ( 576 1880 64 ) ( 576 1880 192 ) 64_cyan_3 [ 1 0 0 0 ] [ 0 0 -1 0 ] 0 1 1
( 422.4000000000003 1792 0 ) ( 423.2000000000005 1792 0 ) ( 422.4000000000003 1792.7999999999997 0 ) 64_cyan_3 [ 1 0 0 0 ] [ 0 -1 0 0 ] 0 1 1
( 524.8000000000004 1945.6 64 ) ( 524.8000000000004 1946.4 64 ) ( 525.6000000000001 1945.6 64 ) 64_cyan_3 [ 1 0 0 0 ] [ 0 -1 0 0 ] 0 1 1
( 536 1920 64 ) ( 488 1792 64 ) ( 488 1792 192 ) 64_cyan_3 [ 0 1 0 0 ] [ 0 0 -1 0 ] 0 1 1
}
// brush 5
{
( 448.79999999999995 1880.8000000000002 64 ) ( 461.60000000000014 1893.6000000000004 64 ) ( 461.60000000000014 1893.6000000000004 192 ) 64_cyan_3 [ 0 1 0 0 ] [ 0 0 -1 0 ] 0 1 1
( 576 1832 64 ) ( 448 1880 64 ) ( 448 1880 192 ) 64_cyan_3 [ 1 0 0 0 ] [ 0 0 -1 0 ] 0 1 1
( 422.4000000000003 1792 0 ) ( 423.2000000000005 1792 0 ) ( 422.4000000000003 1792.7999999999997 0 ) 64_cyan_3 [ 1 0 0 0 ] [ 0 -1 0 0 ] 0 1 1
( 524.8000000000004 1945.6 64 ) ( 524.8000000000004 1946.4 64 ) ( 525.6000000000001 1945.6 64 ) 64_cyan_3 [ 1 0 0 0 ] [ 0 -1 0 0 ] 0 1 1
( 536 1792 64 ) ( 488 1920 192 ) ( 488 1920 64 ) 64_cyan_3 [ 0 1 0 0 ] [ 0 0 -1 0 ] 0 1 1
}
// brush 6
{
( 536 1792 64 ) ( 488 1920 64 ) ( 488 1920 192 ) 64_cyan_2 [ 0 1 0 0 ] [ 0 0 -1 0 ] 0 1 1
( 422.4000000000003 1792 0 ) ( 423.2000000000005 1792 0 ) ( 422.4000000000003 1792.7999999999997 0 ) 64_cyan_2 [ 1 0 0 0 ] [ 0 -1 0 0 ] 0 1 1
( 524.8000000000004 1945.6 64 ) ( 524.8000000000004 1946.4 64 ) ( 525.6000000000001 1945.6 64 ) 64_cyan_2 [ 1 0 0 0 ] [ 0 -1 0 0 ] 0 1 1
( 537.6000000000001 1920 64 ) ( 524.8000000000004 1920 192 ) ( 524.8000000000004 1920 64 ) 64_cyan_2 [ 1 0 0 0 ] [ 0 0 -1 0 ] 0 1 1
( 536 1920 64 ) ( 488 1792 64 ) ( 488 1792 192 ) 64_cyan_2 [ 0 1 0 0 ] [ 0 0 -1 0 ] 0 1 1
}
// brush 7
{
( 536 1920 64 ) ( 488 1792 192 ) ( 488 1792 64 ) 64_cyan_3 [ 0 1 0 0 ] [ 0 0 -1 0 ] 0 1 1
( 422.4000000000003 1792 0 ) ( 423.2000000000005 1792 0 ) ( 422.4000000000003 1792.7999999999997 0 ) 64_cyan_3 [ 1 0 0 0 ] [ 0 -1 0 0 ] 0 1 1
( 524.8000000000004 1945.6 64 ) ( 524.8000000000004 1946.4 64 ) ( 525.6000000000001 1945.6 64 ) 64_cyan_3 [ 1 0 0 0 ] [ 0 -1 0 0 ] 0 1 1
( 448 1832 64 ) ( 576 1880 192 ) ( 576 1880 64 ) 64_cyan_3 [ 1 0 0 0 ] [ 0 0 -1 0 ] 0 1 1
( 562.3999999999999 1893.5999999999995 64 ) ( 575.1999999999996 1880.7999999999993 64 ) ( 575.1999999999996 1880.7999999999993 192 ) 64_cyan_3 [ 0 1 0 0 ] [ 0 0 -1 0 ] 0 1 1
}
}
