// entity 0
{
"classname" "func_group"
// brush 0
{
( 321.5999999999999 2161.6000000000004 96 ) ( 347.2000000000003 2187.2000000000007 96 ) ( 347.2000000000003 2187.2000000000007 352 ) 64_cyan_3 [ -0.7071067811865476 -0.7071067811865476 0 23.293457 ] [ 0 0 -1 0 ] 0 1 1
( 576 2064 64 ) ( 448 2112 64 ) ( 448 2112 192 ) 64_cyan_3 [ 0.9363291775690445 -0.3511234415883917 0 0 ] [ 0 0 -1 0 ] 0 1 1
( 268.80000000000064 1984 0 ) ( 270.400000000001 1984 0 ) ( 268.80000000000064 1985.5999999999995 0 ) 64_cyan_3 [ -1 0 0 0 ] [ 0 -1 0 0 ] 0 1 1
( 473.6000000000008 2291.2 64 ) ( 473.6000000000008 2292.8 64 ) ( 475.2000000000003 2291.2 64 ) 64_cyan_3 [ 1 0 0 0 ] [ 0 -1 0 0 ] 0 1 1
( 496 1984 64 ) ( 448 2112 192 ) ( 448 2112 64 ) 64_cyan_3 [ -0.3511234415883917 0.9363291775690445 0 0 ] [ 0 0 -1 0 ] 0 1 1
}
// brush 1
{
( 576 2064 64 ) ( 448 2112 64 ) ( 448 2112 192 ) 64_cyan_2 [ 0.9363291775690445 -0.3511234415883917 0 0 ] [ 0 0 -1 0 ] 0 1 1
( 320 2064 64 ) ( 448 2112 64 ) ( 448 2112 192 ) 64_cyan_2 [ -0.9363291775690445 -0.3511234415883917 0 0 ] [ 0 0 -1 0 ] 0 1 1
( 268.80000000000064 1984 0 ) ( 270.400000000001 1984 0 ) ( 268.80000000000064 1985.5999999999995 0 ) 64_cyan_2 [ -1 0 0 0 ] [ 0 -1 0 0 ] 0 1 1
( 473.6000000000008 2291.2 64 ) ( 473.6000000000008 2292.8 64 ) ( 475.2000000000003 2291.2 64 ) 64_cyan_2 [ 1 0 0 0 ] [ 0 -1 0 0 ] 0 1 1
( 576 2291.2 96 ) ( 576 2291.2 98 ) ( 576 2292.8 96 ) 64_cyan_2 [ 0 1 0 0 ] [ 0 0 -1 0 ] 0 1 1
}
// brush 2
{
( 496 1984 64 ) ( 448 2112 64 ) ( 448 2112 192 ) 64_cyan_2 [ 0.3511234415883917 -0.9363291775690445 0 0 ] [ 0 0 -1 0 ] 0 1 1
( 268.80000000000064 1984 0 ) ( 270.400000000001 1984 0 ) ( 268.80000000000064 1985.5999999999995 0 ) 64_cyan_2 [ -1 0 0 0 ] [ 0 -1 0 0 ] 0 1 1
( 473.6000000000008 2291.2 64 ) ( 473.6000000000008 2292.8 64 ) ( 475.2000000000003 2291.2 64 ) 64_cyan_2 [ 1 0 0 0 ] [ 0 -1 0 0 ] 0 1 1
( 499.2000000000003 2240 96 ) ( 473.6000000000008 2240 352 ) ( 473.6000000000008 2240 96 ) 64_cyan_2 [ -1 0 0 0 ] [ 0 0 -1 0 ] 0 1 1
( 400 1984 64 ) ( 448 2112 192 ) ( 448 2112 64 ) 64_cyan_2 [ 0.3511234415883917 0.9363291775690445 0 0 ] [ 0 0 -1 0 ] 0 1 1
}
// brush 3
{
( 400 1984 64 ) ( 448 2112 64 ) ( 448 2112 192 ) 64_cyan_3 [ -0.3511234415883917 -0.9363291775690445 0 0 ] [ 0 0 -1 0 ] 0 1 1
( 268.80000000000064 1984 0 ) ( 270.400000000001 1984 0 ) ( 268.80000000000064 1985.5999999999995 0 ) 64_cyan_3 [ -1 0 0 0 ] [ 0 -1 0 0 ] 0 1 1
( 473.6000000000008 2291.2 64 ) ( 473.6000000000008 2292.8 64 ) ( 475.2000000000003 2291.2 64 ) 64_cyan_3 [ 1 0 0 0 ] [ 0 -1 0 0 ] 0 1 1
( 320 2064 64 ) ( 448 2112 192 ) ( 448 2112 64 ) 64_cyan_3 [ 0.9363291775690445 0.3511234415883917 0 0 ] [ 0 0 -1 0 ] 0 1 1
( 548.7999999999997 2187.199999999999 96 ) ( 574.3999999999992 2161.5999999999985 96 ) ( 574.3999999999992 2161.5999999999985 352 ) 64_cyan_3 [ -0.7071067811865349 0.7071067811865601 0 8.544922 ] [ 0 0 -1 0 ] 0 1 1
}
// brush 4
{
( 496 1984 64 ) ( 448 2112 64 ) ( 448 2112 192 ) 64_cyan_3 [ 0.3511234415883917 -0.9363291775690445 0 0 ] [ 0 0 -1 0 ] 0 1 1
( 268.80000000000064 1984 0 ) ( 270.400000000001 1984 0 ) ( 268.80000000000064 1985.5999999999995 0 ) 64_cyan_3 [ -1 0 0 0 ] [ 0 -1 0 0 ] 0 1 1
( 473.6000000000008 2291.2 64 ) ( 473.6000000000008 2292.8 64 ) ( 475.2000000000003 2291.2 64 ) 64_cyan_3 [ 1 0 0 0 ] [ 0 -1 0 0 ] 0 1 1
( 576 2064 64 ) ( 448 2112 192 ) ( 448 2112 64 ) 64_cyan_3 [ -0.9363291775690445 0.3511234415883917 0 0 ] [ 0 0 -1 0 ] 0 1 1
( 497.6000000000008 1985.5999999999995 96 ) ( 574.400000000001 2062.3999999999996 352 ) ( 574.400000000001 2062.3999999999996 96 ) 64_cyan_3 [ 0.7071067811865476 0.7071067811865476 0 -23.293457 ] [ 0 0 -1 0 ] 0 1 1
}
// brush 5
{
( 320 2060.8 96 ) ( 320 2112 96 ) ( 320 2112 352 ) 64_cyan_2 [ 0 -1 0 0 ] [ 0 0 -1 0 ] 0 1 1
( 268.80000000000064 1984 0 ) ( 270.400000000001 1984 0 ) ( 268.80000000000064 1985.5999999999995 0 ) 64_cyan_2 [ -1 0 0 0 ] [ 0 -1 0 0 ] 0 1 1
( 473.6000000000008 2291.2 64 ) ( 473.6000000000008 2292.8 64 ) ( 475.2000000000003 2291.2 64 ) 64_cyan_2 [ 1 0 0 0 ] [ 0 -1 0 0 ] 0 1 1
( 320 2064 64 ) ( 448 2112 192 ) ( 448 2112 64 ) 64_cyan_2 [ 0.9363291775690445 0.3511234415883917 0 0 ] [ 0 0 -1 0 ] 0 1 1
( 576 2064 64 ) ( 448 2112 192 ) ( 448 2112 64 ) 64_cyan_2 [ -0.9363291775690445 0.3511234415883917 0 0 ] [ 0 0 -1 0 ] 0 1 1
}
// brush 6
{
( 400 1984 64 ) ( 448 2112 64 ) ( 448 2112 192 ) 64_cyan_2 [ -0.3511234415883917 -0.9363291775690445 0 0 ] [ 0 0 -1 0 ] 0 1 1
( 268.80000000000064 1984 -32 ) ( 268.80000000000064 1984 -30 ) ( 270.400000000001 1984 -32 ) 64_cyan_2 [ 1 0 0 0 ] [ 0 0 -1 0 ] 0 1 1
( 268.80000000000064 1984 0 ) ( 270.400000000001 1984 0 ) ( 268.80000000000064 1985.5999999999995 0 ) 64_cyan_2 [ -1 0 0 0 ] [ 0 -1 0 0 ] 0 1 1
( 473.6000000000008 2291.2 64 ) ( 473.6000000000008 2292.8 64 ) ( 475.2000000000003 2291.2 64 ) 64_cyan_2 [ 1 0 0 0 ] [ 0 -1 0 0 ] 0 1 1
( 496 1984 64 ) ( 448 2112 192 ) ( 448 2112 64 ) 64_cyan_2 [ -0.3511234415883917 0.9363291775690445 0 0 ] [ 0 0 -1 0 ] 0 1 1
}
// brush 7
{
( 398.3999999999992 1985.5999999999985 96 ) ( 321.599999999999 2062.3999999999987 96 ) ( 321.599999999999 2062.3999999999987 352 ) 64_cyan_3 [ 0.7071067811865476 -0.7071067811865476 0 -8.544922 ] [ 0 0 -1 0 ] 0 1 1
( 320 2064 64 ) ( 448 2112 64 ) ( 448 2112 192 ) 64_cyan_3 [ -0.9363291775690445 -0.3511234415883917 0 0 ] [ 0 0 -1 0 ] 0 1 1
( 268.80000000000064 1984 0 ) ( 270.400000000001 1984 0 ) ( 268.80000000000064 1985.5999999999995 0 ) 64_cyan_3 [ -1 0 0 0 ] [ 0 -1 0 0 ] 0 1 1
( 473.6000000000008 2291.2 64 ) ( 473.6000000000008 2292.8 64 ) ( 475.2000000000003 2291.2 64 ) 64_cyan_3 [ 1 0 0 0 ] [ 0 -1 0 0 ] 0 1 1
( 400 1984 64 ) ( 448 2112 192 ) ( 448 2112 64 ) 64_cyan_3 [ 0.3511234415883917 0.9363291775690445 0 0 ] [ 0 0 -1 0 ] 0 1 1
}
}
