// entity 0
{
"classname" "func_detail"
"_phong" "1"
// brush 0
{
( 2272 1152 32 ) ( 2240 1408 32 ) ( 2240 1408 160 ) 64_cyan_1 [ 0.12403473458920836 -0.9922778767136677 0 18.99524 ] [ 0 0 -1 0 ] 0 1 1
( 2496 1408 0 ) ( 2495 1408 0 ) ( 2496 1407 0 ) trim_band_teal [ 0.970142500145332 0.242535625036333 -8.326672684688674e-17 -137.22656 ] [ 0.242535625036333 -0.970142500145332 -5.551115123125783e-17 -169.69708 ] 0 1.059713 1.0004597
( 2240 1152 64 ) ( 2240 1151 64 ) ( 2239 1152 64 ) trim_band_teal [ 0.970142500145332 0.242535625036333 -8.326672684688674e-17 -137.22656 ] [ 0.242535625036333 -0.970142500145332 -5.551115123125783e-17 -169.69708 ] 0 1.059713 1.0004597
( 2240.9411764705883 1276.235294117647 32 ) ( 2304.9411764705883 1292.235294117647 160 ) ( 2304.9411764705883 1292.235294117647 32 ) trim_band_teal [ 0.9701425001453318 0.242535625036333 0 -166.97241 ] [ 0 0 -1 -160 ] 0 1.059713 1
( 2336 1168 32 ) ( 2240 1408 160 ) ( 2240 1408 32 ) 64_cyan_1 [ -0.37139067635410367 0.9284766908852594 0 -19.648834 ] [ 0 0 -1 0 ] 0 1 1
}
// brush 1
{
( 2208 1152 0 ) ( 2240 1408 64 ) ( 2208 1152 64 ) 64_cyan_3 [ -0.12403473458920852 -0.9922778767136677 0 18.995972 ] [ 0 0 -1 0 ] 0 1 1
( 2272 1280 64 ) ( 2208 1280 0 ) ( 2208 1280 64 ) trim_band_teal [ 0.9999999999999999 -2.7755575615628914e-17 0 62.416992 ] [ 0 0 -1 -160 ] 0 1.059713 1
( 2272 1152 0 ) ( 2240 1408 0 ) ( 2208 1152 0 ) trim_band_teal [ 1.0000000000000002 0 0 62.416992 ] [ 0 -1.0000000000000002 0 -96 ] 0 1.059713 1
( 2272 1152 64 ) ( 2208 1152 64 ) ( 2240 1408 64 ) trim_band_teal [ 1.0000000000000002 0 0 62.416992 ] [ 0 -1.0000000000000002 0 -96 ] 0 1.059713 1
( 2240 1408 0 ) ( 2272 1152 64 ) ( 2240 1408 64 ) 64_cyan_3 [ -0.12403473458920836 0.9922778767136677 0 -18.99524 ] [ 0 0 -1 0 ] 0 1 1
}
// brush 2
{
( 2240 1408 32 ) ( 2144 1168 160 ) ( 2144 1168 32 ) 64_cyan_2 [ -0.37139067635410383 -0.9284766908852594 0 46.943848 ] [ 0 0 -1 0 ] 0 1 1
( 2175.0588235294117 1292.235294117647 32 ) ( 2239.0588235294117 1276.235294117647 160 ) ( 2239.0588235294117 1276.235294117647 32 ) trim_band_teal [ 0.9701425001453318 -0.24253562503633305 0 -93.96912 ] [ 0 0 -1 -160 ] 0 1.059713 1
( 2240 1152 0 ) ( 2240 1153 0 ) ( 2239 1152 0 ) trim_band_teal [ 0.970142500145332 -0.242535625036333 8.326672684688674e-17 -123.71509 ] [ -0.242535625036333 -0.970142500145332 -5.551115123125783e-17 -107.63513 ] 0 1.059713 1.0004587
( 1984 1408 64 ) ( 1983 1408 64 ) ( 1984 1409 64 ) trim_band_teal [ 0.970142500145332 -0.242535625036333 8.326672684688674e-17 -123.71509 ] [ -0.242535625036333 -0.970142500145332 -5.551115123125783e-17 -107.63513 ] 0 1.059713 1.0004587
( 2208 1152 32 ) ( 2240 1408 160 ) ( 2240 1408 32 ) 64_cyan_2 [ 0.12403473458920852 0.9922778767136677 0 -18.995972 ] [ 0 0 -1 0 ] 0 1 1
}
// brush 3
{
( 2080 1200 32 ) ( 2240 1408 32 ) ( 2240 1408 160 ) 64_cyan_1 [ -0.6097107608496924 -0.7926239891046001 0 -14.54248 ] [ 0 0 -1 0 ] 0 1 1
( 2233.6 1267.2 32 ) ( 2169.6 1299.2 32 ) ( 2169.6 1299.2 160 ) trim_band_teal [ 0.8944271909999156 -0.4472135954999581 0 -200.58276 ] [ 0 0 -1 -160 ] 0 1.059713 1
( 2240 1152 0 ) ( 2240 1153 0 ) ( 2239 1152 0 ) trim_band_teal [ 0.8944271909999161 -0.4472135954999581 -2.3869795029440866e-15 -256.9359 ] [ -0.44721359549995804 -0.8944271909999161 5.551115123125783e-17 -280.88818 ] 0 1.059713 1.0062304
( 1984 1408 64 ) ( 1983 1408 64 ) ( 1984 1409 64 ) trim_band_teal [ 0.8944271909999161 -0.4472135954999581 -2.3869795029440866e-15 -256.9359 ] [ -0.44721359549995804 -0.8944271909999161 5.551115123125783e-17 -280.88818 ] 0 1.059713 1.0062304
( 2240 1408 32 ) ( 2144 1168 32 ) ( 2144 1168 160 ) 64_cyan_1 [ 0.37139067635410383 0.9284766908852594 0 -46.943848 ] [ 0 0 -1 0 ] 0 1 1
}
// brush 4
{
( 2172 1292 32 ) ( 2124 1340 32 ) ( 2124 1340 160 ) trim_band_teal [ 0.7071067811865471 -0.7071067811865477 0 -10.965698 ] [ 0 0 -1 -160 ] 0 1.059713 1
( 2032 1248 32 ) ( 2240 1408 32 ) ( 2240 1408 160 ) 64_cyan_3 [ -0.7926239891046001 -0.6097107608496924 0 -1.2944336 ] [ 0 0 -1 0 ] 0 1 1
( 2240 1152 0 ) ( 2240 1153 0 ) ( 2239 1152 0 ) trim_band_teal [ 0.7071067811865477 -0.7071067811865477 -2.3592239273284576e-15 -106.96576 ] [ -0.7071067811865477 -0.7071067811865477 1.1102230246251565e-16 9.740723 ] 0 1.059713 1.0164652
( 1984 1408 64 ) ( 1983 1408 64 ) ( 1984 1409 64 ) trim_band_teal [ 0.7071067811865477 -0.7071067811865477 -2.3592239273284576e-15 -106.96576 ] [ -0.7071067811865477 -0.7071067811865477 1.1102230246251565e-16 9.740723 ] 0 1.059713 1.0164652
( 2080 1200 32 ) ( 2240 1408 160 ) ( 2240 1408 32 ) 64_cyan_3 [ 0.6097107608496924 0.7926239891046001 0 14.54248 ] [ 0 0 -1 0 ] 0 1 1
}
// brush 5
{
( 2099.2 1401.6 32 ) ( 2131.2 1337.6 160 ) ( 2131.2 1337.6 32 ) trim_band_teal [ 0.44721359549996 -0.8944271909999149 0 -20.369675 ] [ 0 0 -1 -160 ] 0 1.059713 1
( 2000 1312 32 ) ( 2240 1408 32 ) ( 2240 1408 160 ) 64_cyan_2 [ -0.9284766908852594 -0.3713906763541037 0 -29.02539 ] [ 0 0 -1 0 ] 0 1 1
( 2240 1152 0 ) ( 2240 1153 0 ) ( 2239 1152 0 ) trim_band_teal [ 0.4472135954999581 -0.8944271909999162 -2.248201624865942e-15 -412.01752 ] [ -0.8944271909999161 -0.44721359549995804 5.551115123125783e-17 88.88721 ] 0 1.059713 1.0062313
( 1984 1408 64 ) ( 1983 1408 64 ) ( 1984 1409 64 ) trim_band_teal [ 0.4472135954999581 -0.8944271909999162 -2.248201624865942e-15 -412.01752 ] [ -0.8944271909999161 -0.44721359549995804 5.551115123125783e-17 88.88721 ] 0 1.059713 1.0062313
( 2032 1248 32 ) ( 2240 1408 160 ) ( 2240 1408 32 ) 64_cyan_2 [ 0.7926239891046001 0.6097107608496924 0 1.2944336 ] [ 0 0 -1 0 ] 0 1 1
}
// brush 6
{
( 2108.235294117647 1407.0588235294117 32 ) ( 2124.235294117647 1343.0588235294117 160 ) ( 2124.235294117647 1343.0588235294117 32 ) trim_band_teal [ 0.24253562503633502 -0.9701425001453314 0 -25.732422 ] [ 0 0 -1 -160 ] 0 1.059713 1
( 1984 1376 32 ) ( 2240 1408 32 ) ( 2240 1408 160 ) 64_cyan_1 [ -0.9922778767136677 -0.12403473458920841 0 -46.950928 ] [ 0 0 -1 0 ] 0 1 1
( 2240 1152 0 ) ( 2240 1153 0 ) ( 2239 1152 0 ) trim_band_teal [ 0.242535625036333 -0.970142500145332 -2.095545958979983e-15 68.01294 ] [ -0.970142500145332 -0.242535625036333 -5.898059818321144e-17 -14.546143 ] 0 1.059713 1.0004597
( 1984 1408 64 ) ( 1983 1408 64 ) ( 1984 1409 64 ) trim_band_teal [ 0.242535625036333 -0.970142500145332 -2.095545958979983e-15 68.01294 ] [ -0.970142500145332 -0.242535625036333 -5.898059818321144e-17 -14.546143 ] 0 1.059713 1.0004597
( 2000 1312 32 ) ( 2240 1408 160 ) ( 2240 1408 32 ) 64_cyan_1 [ 0.9284766908852594 0.3713906763541037 0 29.02539 ] [ 0 0 -1 0 ] 0 1 1
}
// brush 7
{
( 2112 1376 64 ) ( 2112 1440 0 ) ( 2112 1440 64 ) trim_band_teal [ 2.0122792321330962e-15 -1 0 -15.141113 ] [ 0 0 -1 -160 ] 0 1.059713 1
( 2240 1408 0 ) ( 1984 1440 0 ) ( 1984 1376 0 ) trim_band_teal [ 0 -1.0000000000000002 -2.0122792321330966e-15 48.858154 ] [ -1.0000000000000002 0 0 -288 ] 0 1.059713 1
( 2240 1408 64 ) ( 1984 1376 64 ) ( 1984 1440 64 ) trim_band_teal [ 0 -1.0000000000000002 -2.0122792321330966e-15 48.858154 ] [ -1.0000000000000002 0 0 -288 ] 0 1.059713 1
( 2240 1408 64 ) ( 1984 1376 0 ) ( 1984 1376 64 ) 64_cyan_3 [ 0.9922778767136677 0.12403473458920841 0 46.950928 ] [ 0 0 -1 0 ] 0 1 1
( 2240 1408 64 ) ( 1984 1440 0 ) ( 2240 1408 0 ) 64_cyan_3 [ -0.9922778767136677 0.12403473458920869 0 8.091919 ] [ 0 0 -1 0 ] 0 1 1
}
// brush 8
{
( 2124.2352941176473 1472.9411764705883 32 ) ( 2108.2352941176473 1408.9411764705883 160 ) ( 2108.2352941176473 1408.9411764705883 32 ) trim_band_teal [ -0.24253562503633108 -0.9701425001453323 0 -83.890625 ] [ 0 0 -1 -160 ] 0 1.059713 1
( 1984 1440 32 ) ( 2240 1408 160 ) ( 2240 1408 32 ) 64_cyan_2 [ 0.9922778767136677 -0.12403473458920869 0 -8.091919 ] [ 0 0 -1 0 ] 0 1 1
( 1984 1408 0 ) ( 1985 1408 0 ) ( 1984 1409 0 ) trim_band_teal [ -0.242535625036333 -0.970142500145332 -1.9567680809018384e-15 -49.63745 ] [ -0.970142500145332 0.242535625036333 -5.898059818321144e-17 -185.21252 ] 0 1.059713 1.0004597
( 2240 1664 64 ) ( 2240 1665 64 ) ( 2241 1664 64 ) trim_band_teal [ -0.242535625036333 -0.970142500145332 -1.9567680809018384e-15 -49.63745 ] [ -0.970142500145332 0.242535625036333 -5.898059818321144e-17 -185.21252 ] 0 1.059713 1.0004597
( 2240 1408 32 ) ( 2000 1504 160 ) ( 2000 1504 32 ) 64_cyan_2 [ -0.9284766908852594 0.371390676354104 0 -23.396606 ] [ 0 0 -1 0 ] 0 1 1
}
// brush 9
{
( 2099.2 1414.4 32 ) ( 2131.2 1478.4 32 ) ( 2131.2 1478.4 160 ) trim_band_teal [ -0.4472135954999564 -0.8944271909999166 0 -290.45337 ] [ 0 0 -1 -160 ] 0 1.059713 1
( 2240 1408 32 ) ( 2000 1504 32 ) ( 2000 1504 160 ) 64_cyan_1 [ 0.9284766908852594 -0.371390676354104 0 23.396606 ] [ 0 0 -1 0 ] 0 1 1
( 1984 1408 0 ) ( 1985 1408 0 ) ( 1984 1409 0 ) trim_band_teal [ -0.447213595499958 -0.8944271909999161 -1.7486012637846216e-15 -282.80737 ] [ -0.8944271909999161 0.44721359549995804 5.551115123125783e-17 -138.66711 ] 0 1.059713 1.0062308
( 2240 1664 64 ) ( 2240 1665 64 ) ( 2241 1664 64 ) trim_band_teal [ -0.447213595499958 -0.8944271909999161 -1.7486012637846216e-15 -282.80737 ] [ -0.8944271909999161 0.44721359549995804 5.551115123125783e-17 -138.66711 ] 0 1.059713 1.0062308
( 2032 1568 32 ) ( 2240 1408 32 ) ( 2240 1408 160 ) 64_cyan_1 [ -0.7926239891046001 0.6097107608496924 0 -43.304382 ] [ 0 0 -1 0 ] 0 1 1
}
// brush 10
{
( 2124 1476 32 ) ( 2172 1524 32 ) ( 2172 1524 160 ) trim_band_teal [ -0.7071067811865462 -0.7071067811865487 0 -29.628906 ] [ 0 0 -1 -160 ] 0 1.059713 1
( 2032 1568 32 ) ( 2240 1408 160 ) ( 2240 1408 32 ) 64_cyan_3 [ 0.7926239891046001 -0.6097107608496924 0 43.304382 ] [ 0 0 -1 0 ] 0 1 1
( 1984 1408 0 ) ( 1985 1408 0 ) ( 1984 1409 0 ) trim_band_teal [ -0.7071067811865477 -0.7071067811865476 -1.7486012637846216e-15 -61.62964 ] [ -0.7071067811865477 0.7071067811865477 1.1102230246251565e-16 98.782684 ] 0 1.059713 1.0164659
( 2240 1664 64 ) ( 2240 1665 64 ) ( 2241 1664 64 ) trim_band_teal [ -0.7071067811865477 -0.7071067811865476 -1.7486012637846216e-15 -61.62964 ] [ -0.7071067811865477 0.7071067811865477 1.1102230246251565e-16 98.782684 ] 0 1.059713 1.0164659
( 2080 1616 32 ) ( 2240 1408 32 ) ( 2240 1408 160 ) 64_cyan_3 [ -0.6097107608496924 0.7926239891046001 0 -17.5074 ] [ 0 0 -1 0 ] 0 1 1
}
// brush 11
{
( 2080 1616 32 ) ( 2240 1408 160 ) ( 2240 1408 32 ) 64_cyan_2 [ 0.6097107608496924 -0.7926239891046001 0 17.5074 ] [ 0 0 -1 0 ] 0 1 1
( 2233.6 1548.8 32 ) ( 2169.6 1516.8 160 ) ( 2169.6 1516.8 32 ) trim_band_teal [ -0.8944271909999151 -0.4472135954999593 0 -18.63208 ] [ 0 0 -1 -160 ] 0 1.059713 1
( 1984 1408 0 ) ( 1985 1408 0 ) ( 1984 1409 0 ) trim_band_teal [ -0.8944271909999161 -0.44721359549995804 -1.582067810090848e-15 -90.279785 ] [ -0.44721359549995804 0.8944271909999161 5.551115123125783e-17 288.00018 ] 0 1.059713 1.0062308
( 2240 1664 64 ) ( 2240 1665 64 ) ( 2241 1664 64 ) trim_band_teal [ -0.8944271909999161 -0.44721359549995804 -1.582067810090848e-15 -90.279785 ] [ -0.44721359549995804 0.8944271909999161 5.551115123125783e-17 288.00018 ] 0 1.059713 1.0062308
( 2144 1648 32 ) ( 2240 1408 32 ) ( 2240 1408 160 ) 64_cyan_2 [ -0.37139067635410355 0.9284766908852594 0 -35.11133 ] [ 0 0 -1 0 ] 0 1 1
}
// brush 12
{
( 2144 1648 32 ) ( 2240 1408 160 ) ( 2240 1408 32 ) 64_cyan_1 [ 0.37139067635410355 -0.9284766908852594 0 35.11133 ] [ 0 0 -1 0 ] 0 1 1
( 2239.0588235294117 1539.764705882353 32 ) ( 2175.0588235294117 1523.764705882353 160 ) ( 2175.0588235294117 1523.764705882353 32 ) trim_band_teal [ -0.9701425001453314 -0.2425356250363343 0 354.85864 ] [ 0 0 -1 -160 ] 0 1.059713 1
( 1984 1408 0 ) ( 1985 1408 0 ) ( 1984 1409 0 ) trim_band_teal [ -0.9701425001453319 -0.24253562503633294 -1.4155343563970746e-15 -255.39575 ] [ -0.242535625036333 0.970142500145332 -5.551115123125783e-17 233.20148 ] 0 1.059713 1
( 2240 1664 64 ) ( 2240 1665 64 ) ( 2241 1664 64 ) trim_band_teal [ -0.9701425001453319 -0.24253562503633294 -1.4155343563970746e-15 -255.39575 ] [ -0.242535625036333 0.970142500145332 -5.551115123125783e-17 233.20148 ] 0 1.059713 1
( 2208 1664 32 ) ( 2240 1408 32 ) ( 2240 1408 160 ) 64_cyan_1 [ -0.12403473458920825 0.9922778767136677 0 -43.583862 ] [ 0 0 -1 0 ] 0 1 1
}
// brush 13
{
( 2208 1664 0 ) ( 2240 1408 64 ) ( 2240 1408 0 ) 64_cyan_3 [ 0.12403473458920825 -0.9922778767136677 0 43.583862 ] [ 0 0 -1 0 ] 0 1 1
( 2272 1664 0 ) ( 2208 1664 0 ) ( 2240 1408 0 ) trim_band_teal [ -1 0 -1.3183898417423736e-15 -62.023438 ] [ 0 1.0000000000000002 0 160.00012 ] 0 1.059713 1
( 2272 1664 64 ) ( 2240 1408 64 ) ( 2208 1664 64 ) trim_band_teal [ -1 0 -1.3183898417423736e-15 -62.023438 ] [ 0 1.0000000000000002 0 160.00012 ] 0 1.059713 1
( 2272 1536 64 ) ( 2208 1536 0 ) ( 2272 1536 0 ) trim_band_teal [ -0.9999999999999998 -1.3183898417423734e-15 0 65.97705 ] [ 0 0 -1 -160 ] 0 1.059713 1
( 2272 1664 64 ) ( 2240 1408 0 ) ( 2240 1408 64 ) 64_cyan_3 [ 0.12403473458920863 0.9922778767136677 0 -2.9345703 ] [ 0 0 -1 0 ] 0 1 1
}
// brush 14
{
( 2272 1664 32 ) ( 2240 1408 160 ) ( 2240 1408 32 ) 64_cyan_2 [ -0.12403473458920863 -0.9922778767136677 0 2.9345703 ] [ 0 0 -1 0 ] 0 1 1
( 2240 1664 0 ) ( 2240 1663 0 ) ( 2241 1664 0 ) trim_band_teal [ -0.970142500145332 0.242535625036333 -1.2906342661267445e-15 5.124634 ] [ 0.242535625036333 0.970142500145332 -5.551115123125783e-17 171.6471 ] 0 1.059713 1.0004652
( 2496 1408 64 ) ( 2497 1408 64 ) ( 2496 1407 64 ) trim_band_teal [ -0.970142500145332 0.242535625036333 -1.2906342661267445e-15 5.124634 ] [ 0.242535625036333 0.970142500145332 -5.551115123125783e-17 171.6471 ] 0 1.059713 1.0004652
( 2304.9411764705883 1523.764705882353 32 ) ( 2240.9411764705883 1539.764705882353 160 ) ( 2240.9411764705883 1539.764705882353 32 ) trim_band_teal [ -0.970142500145332 0.2425356250363317 0 162.8711 ] [ 0 0 -1 -160 ] 0 1.059713 1
( 2240 1408 32 ) ( 2336 1648 160 ) ( 2336 1648 32 ) 64_cyan_2 [ 0.37139067635410394 0.9284766908852594 0 -7.4768066 ] [ 0 0 -1 0 ] 0 1 1
}
// brush 15
{
( 2240 1408 32 ) ( 2336 1648 32 ) ( 2336 1648 160 ) 64_cyan_1 [ -0.37139067635410394 -0.9284766908852594 0 7.4768066 ] [ 0 0 -1 0 ] 0 1 1
( 2240 1664 0 ) ( 2240 1663 0 ) ( 2241 1664 0 ) trim_band_teal [ -0.894427190999916 0.44721359549995804 -1.0824674490095276e-15 31.91748 ] [ 0.44721359549995804 0.8944271909999161 5.551115123125783e-17 344.88843 ] 0 1.059713 1.0062304
( 2496 1408 64 ) ( 2497 1408 64 ) ( 2496 1407 64 ) trim_band_teal [ -0.894427190999916 0.44721359549995804 -1.0824674490095276e-15 31.91748 ] [ 0.44721359549995804 0.8944271909999161 5.551115123125783e-17 344.88843 ] 0 1.059713 1.0062304
( 2246.4 1548.8 32 ) ( 2310.4 1516.8 32 ) ( 2310.4 1516.8 160 ) trim_band_teal [ -0.8944271909999162 0.4472135954999569 0 216.271 ] [ 0 0 -1 -160 ] 0 1.059713 1
( 2400 1616 32 ) ( 2240 1408 32 ) ( 2240 1408 160 ) 64_cyan_1 [ 0.6097107608496924 0.7926239891046001 0 13.924072 ] [ 0 0 -1 0 ] 0 1 1
}
// brush 16
{
( 2400 1616 32 ) ( 2240 1408 160 ) ( 2240 1408 32 ) 64_cyan_3 [ -0.6097107608496924 -0.7926239891046001 0 -13.924072 ] [ 0 0 -1 0 ] 0 1 1
( 2240 1664 0 ) ( 2240 1663 0 ) ( 2241 1664 0 ) trim_band_teal [ -0.7071067811865475 0.7071067811865476 -1.0824674490095276e-15 235.35919 ] [ 0.7071067811865477 0.7071067811865477 1.1102230246251565e-16 54.261475 ] 0 1.059713 1.0164661
( 2496 1408 64 ) ( 2497 1408 64 ) ( 2496 1407 64 ) trim_band_teal [ -0.7071067811865475 0.7071067811865476 -1.0824674490095276e-15 235.35919 ] [ 0.7071067811865477 0.7071067811865477 1.1102230246251565e-16 54.261475 ] 0 1.059713 1.0164661
( 2448 1568 32 ) ( 2240 1408 32 ) ( 2240 1408 160 ) 64_cyan_3 [ 0.7926239891046001 0.6097107608496924 0 -21.195557 ] [ 0 0 -1 0 ] 0 1 1
( 2308 1524 32 ) ( 2356 1476 32 ) ( 2356 1476 160 ) trim_band_teal [ -0.7071067811865481 0.7071067811865466 0 -52.64038 ] [ 0 0 -1 -160 ] 0 1.059713 1
}
// brush 17
{
( 2448 1568 32 ) ( 2240 1408 160 ) ( 2240 1408 32 ) 64_cyan_2 [ -0.7926239891046001 -0.6097107608496924 0 21.195557 ] [ 0 0 -1 0 ] 0 1 1
( 2240 1664 0 ) ( 2240 1663 0 ) ( 2241 1664 0 ) trim_band_teal [ -0.447213595499958 0.894427190999916 -9.43689570931383e-16 381.82263 ] [ 0.8944271909999161 0.44721359549995804 5.551115123125783e-17 -24.889893 ] 0 1.059713 1.0062304
( 2496 1408 64 ) ( 2497 1408 64 ) ( 2496 1407 64 ) trim_band_teal [ -0.447213595499958 0.894427190999916 -9.43689570931383e-16 381.82263 ] [ 0.8944271909999161 0.44721359549995804 5.551115123125783e-17 -24.889893 ] 0 1.059713 1.0062304
( 2480 1504 32 ) ( 2240 1408 32 ) ( 2240 1408 160 ) 64_cyan_2 [ 0.9284766908852594 0.3713906763541036 0 13.562988 ] [ 0 0 -1 0 ] 0 1 1
( 2380.8 1414.4 32 ) ( 2348.8 1478.4 160 ) ( 2348.8 1478.4 32 ) trim_band_teal [ -0.4472135954999587 0.8944271909999153 0 133.4701 ] [ 0 0 -1 -160 ] 0 1.059713 1
}
// brush 18
{
( 2480 1504 32 ) ( 2240 1408 160 ) ( 2240 1408 32 ) 64_cyan_1 [ -0.9284766908852594 -0.3713906763541036 0 -13.562988 ] [ 0 0 -1 0 ] 0 1 1
( 2240 1664 0 ) ( 2240 1663 0 ) ( 2241 1664 0 ) trim_band_teal [ -0.24253562503633297 0.9701425001453319 -7.771561172376096e-16 307.36456 ] [ 0.970142500145332 0.242535625036333 -5.898059818321144e-17 78.5437 ] 0 1.059713 1.0004587
( 2496 1408 64 ) ( 2497 1408 64 ) ( 2496 1407 64 ) trim_band_teal [ -0.24253562503633297 0.9701425001453319 -7.771561172376096e-16 307.36456 ] [ 0.970142500145332 0.242535625036333 -5.898059818321144e-17 78.5437 ] 0 1.059713 1.0004587
( 2496 1440 32 ) ( 2240 1408 32 ) ( 2240 1408 160 ) 64_cyan_1 [ 0.9922778767136677 0.1240347345892083 0 22.362549 ] [ 0 0 -1 0 ] 0 1 1
( 2371.7647058823527 1408.9411764705883 32 ) ( 2355.7647058823527 1472.9411764705883 160 ) ( 2355.7647058823527 1472.9411764705883 32 ) trim_band_teal [ -0.2425356250363337 0.9701425001453315 0 85.61896 ] [ 0 0 -1 -160 ] 0 1.059713 1
}
// brush 19
{
( 2240 1408 0 ) ( 2496 1376 64 ) ( 2496 1376 0 ) 64_cyan_3 [ 0.9922778767136677 -0.12403473458920858 0 7.9692383 ] [ 0 0 -1 0 ] 0 1 1
( 2240 1408 0 ) ( 2496 1440 64 ) ( 2240 1408 64 ) 64_cyan_3 [ -0.9922778767136677 -0.1240347345892083 0 -22.362549 ] [ 0 0 -1 0 ] 0 1 1
( 2496 1440 0 ) ( 2240 1408 0 ) ( 2496 1376 0 ) trim_band_teal [ 0 1 -6.938893903907229e-16 207.53516 ] [ 1.0000000000000002 0 0 352 ] 0 1.059713 1
( 2496 1440 64 ) ( 2496 1376 64 ) ( 2240 1408 64 ) trim_band_teal [ 0 1 -6.938893903907229e-16 207.53516 ] [ 1.0000000000000002 0 0 352 ] 0 1.059713 1
( 2368 1440 64 ) ( 2368 1376 0 ) ( 2368 1376 64 ) trim_band_teal [ -6.938893903907228e-16 0.9999999999999999 0 15.535522 ] [ 0 0 -1 -160 ] 0 1.059713 1
}
// brush 20
{
( 2240 1408 32 ) ( 2480 1312 160 ) ( 2480 1312 32 ) 64_cyan_2 [ 0.9284766908852594 -0.3713906763541039 0 -1.1364746 ] [ 0 0 -1 0 ] 0 1 1
( 2496 1408 0 ) ( 2495 1408 0 ) ( 2496 1407 0 ) trim_band_teal [ 0.242535625036333 0.970142500145332 -6.38378239159465e-16 187.04675 ] [ 0.970142500145332 -0.242535625036333 -5.898059818321144e-17 249.21265 ] 0 1.059713 1.0004597
( 2240 1152 64 ) ( 2240 1151 64 ) ( 2239 1152 64 ) trim_band_teal [ 0.242535625036333 0.970142500145332 -6.38378239159465e-16 187.04675 ] [ 0.970142500145332 -0.242535625036333 -5.898059818321144e-17 249.21265 ] 0 1.059713 1.0004597
( 2496 1376 32 ) ( 2240 1408 160 ) ( 2240 1408 32 ) 64_cyan_2 [ -0.9922778767136677 0.12403473458920858 0 -7.9692383 ] [ 0 0 -1 0 ] 0 1 1
( 2355.764705882353 1343.0588235294117 32 ) ( 2371.764705882353 1407.0588235294117 160 ) ( 2371.764705882353 1407.0588235294117 32 ) trim_band_teal [ 0.24253562503633236 0.970142500145332 0 24.79309 ] [ 0 0 -1 -160 ] 0 1.059713 1
}
// brush 21
{
( 2448 1248 32 ) ( 2240 1408 32 ) ( 2240 1408 160 ) 64_cyan_1 [ 0.7926239891046001 -0.6097107608496924 0 42.685547 ] [ 0 0 -1 0 ] 0 1 1
( 2496 1408 0 ) ( 2495 1408 0 ) ( 2496 1407 0 ) trim_band_teal [ 0.44721359549995804 0.8944271909999162 -4.440892098500626e-16 313.78857 ] [ 0.8944271909999161 -0.44721359549995804 5.551115123125783e-17 202.66626 ] 0 1.059713 1.0062304
( 2240 1152 64 ) ( 2240 1151 64 ) ( 2239 1152 64 ) trim_band_teal [ 0.44721359549995804 0.8944271909999162 -4.440892098500626e-16 313.78857 ] [ 0.8944271909999161 -0.44721359549995804 5.551115123125783e-17 202.66626 ] 0 1.059713 1.0062304
( 2240 1408 32 ) ( 2480 1312 32 ) ( 2480 1312 160 ) 64_cyan_1 [ -0.9284766908852594 0.3713906763541039 0 1.1364746 ] [ 0 0 -1 0 ] 0 1 1
( 2380.800000000004 1401.599999999998 32 ) ( 2348.800000000004 1337.599999999998 32 ) ( 2348.800000000004 1337.599999999998 160 ) trim_band_teal [ 0.44721359549995754 0.8944271909999161 0 178.14185 ] [ 0 0 -1 -160 ] 0 1.059713 1
}
// brush 22
{
( 2400 1200 32 ) ( 2240 1408 32 ) ( 2240 1408 160 ) 64_cyan_3 [ 0.6097107608496924 -0.7926239891046001 0 59.017548 ] [ 0 0 -1 0 ] 0 1 1
( 2496 1408 0 ) ( 2495 1408 0 ) ( 2496 1407 0 ) trim_band_teal [ 0.7071067811865477 0.7071067811865478 -3.885780586188048e-16 446.02295 ] [ 0.7071067811865477 -0.7071067811865477 1.1102230246251565e-16 -34.782654 ] 0 1.059713 1.0164659
( 2240 1152 64 ) ( 2240 1151 64 ) ( 2239 1152 64 ) trim_band_teal [ 0.7071067811865477 0.7071067811865478 -3.885780586188048e-16 446.02295 ] [ 0.7071067811865477 -0.7071067811865477 1.1102230246251565e-16 -34.782654 ] 0 1.059713 1.0164659
( 2448 1248 32 ) ( 2240 1408 160 ) ( 2240 1408 32 ) 64_cyan_3 [ -0.7926239891046001 0.6097107608496924 0 -42.685547 ] [ 0 0 -1 0 ] 0 1 1
( 2356 1340 32 ) ( 2308 1292 32 ) ( 2308 1292 160 ) trim_band_teal [ 0.7071067811865472 0.7071067811865478 0 -161.97705 ] [ 0 0 -1 -160 ] 0 1.059713 1
}
// brush 23
{
( 2336 1168 32 ) ( 2240 1408 32 ) ( 2240 1408 160 ) 64_cyan_2 [ 0.37139067635410367 -0.9284766908852594 0 19.648834 ] [ 0 0 -1 0 ] 0 1 1
( 2496 1408 0 ) ( 2495 1408 0 ) ( 2496 1407 0 ) trim_band_teal [ 0.894427190999916 0.447213595499958 -2.498001805406602e-16 316.08472 ] [ 0.44721359549995804 -0.8944271909999161 5.551115123125783e-17 -224.00005 ] 0 1.059713 1.0062307
( 2240 1152 64 ) ( 2240 1151 64 ) ( 2239 1152 64 ) trim_band_teal [ 0.894427190999916 0.447213595499958 -2.498001805406602e-16 316.08472 ] [ 0.44721359549995804 -0.8944271909999161 5.551115123125783e-17 -224.00005 ] 0 1.059713 1.0062307
( 2246.4 1267.2 32 ) ( 2310.4 1299.2 160 ) ( 2310.4 1299.2 32 ) trim_band_teal [ 0.8944271909999157 0.44721359549995815 0 -252.26782 ] [ 0 0 -1 -160 ] 0 1.059713 1
( 2400 1200 32 ) ( 2240 1408 160 ) ( 2240 1408 32 ) 64_cyan_2 [ -0.6097107608496924 0.7926239891046001 0 -59.017548 ] [ 0 0 -1 0 ] 0 1 1
}
}
