// entity 0
{
"classname" "func_detail"
"_phong" "1"
// brush 0
{
( 2336 1792 32 ) ( 2304 2048 32 ) ( 2304 2048 160 ) 64_cyan_1 [ 0.12403473458920836 -0.9922778767136677 0 6.114868 ] [ 0 0 -1 0 ] 0 1 1
( 2560 2048 0 ) ( 2559 2048 0 ) ( 2560 2047 0 ) trim_band_teal [ 0.970142500145332 0.242535625036333 -8.326672684688674e-17 -342.2935 ] [ 0.242535625036333 -0.970142500145332 -5.551115123125783e-17 435.39368 ] 0 1.059713 1.0004597
( 2304 1792 64 ) ( 2304 1791 64 ) ( 2303 1792 64 ) trim_band_teal [ 0.970142500145332 0.242535625036333 -8.326672684688674e-17 -342.2935 ] [ 0.242535625036333 -0.970142500145332 -5.551115123125783e-17 435.39368 ] 0 1.059713 1.0004597
( 2336 1792 32 ) ( 2400 1808 160 ) ( 2400 1808 32 ) trim_band_teal [ 0.9701425001453319 0.24253562503633305 0 -342.2935 ] [ 0 0 -1 -160 ] 0 1.059713 1
( 2400 1808 32 ) ( 2304 2048 160 ) ( 2304 2048 32 ) 64_cyan_1 [ -0.37139067635410367 0.9284766908852594 0 -14.104858 ] [ 0 0 -1 0 ] 0 1 1
}
// brush 1
{
( 2272 1792 0 ) ( 2304 2048 64 ) ( 2272 1792 64 ) 64_cyan_3 [ -0.12403473458920852 -0.9922778767136677 0 21.991943 ] [ 0 0 -1 0 ] 0 1 1
( 2336 1792 64 ) ( 2272 1792 0 ) ( 2272 1792 64 ) trim_band_teal [ 1 0 0 2.0231628 ] [ 0 0 -1 -160 ] 0 1.059713 1
( 2336 1792 0 ) ( 2304 2048 0 ) ( 2272 1792 0 ) trim_band_teal [ 1.0000000000000002 0 0 2.0231628 ] [ 0 -1.0000000000000002 0 32 ] 0 1.059713 1
( 2336 1792 64 ) ( 2272 1792 64 ) ( 2304 2048 64 ) trim_band_teal [ 1.0000000000000002 0 0 2.0231628 ] [ 0 -1.0000000000000002 0 32 ] 0 1.059713 1
( 2304 2048 0 ) ( 2336 1792 64 ) ( 2304 2048 64 ) 64_cyan_3 [ -0.12403473458920836 0.9922778767136677 0 -6.114868 ] [ 0 0 -1 0 ] 0 1 1
}
// brush 2
{
( 2304 2048 32 ) ( 2208 1808 160 ) ( 2208 1808 32 ) 64_cyan_2 [ -0.37139067635410383 -0.9284766908852594 0 -39.062256 ] [ 0 0 -1 0 ] 0 1 1
( 2208 1808 32 ) ( 2272 1792 160 ) ( 2272 1792 32 ) trim_band_teal [ 0.9701425001453319 -0.24253562503633305 0 476.17062 ] [ 0 0 -1 -160 ] 0 1.059713 1
( 2304 1792 0 ) ( 2304 1793 0 ) ( 2303 1792 0 ) trim_band_teal [ 0.970142500145332 -0.242535625036333 8.326672684688674e-17 476.17062 ] [ -0.242535625036333 -0.970142500145332 -5.551115123125783e-17 16.486572 ] 0 1.059713 1.0004587
( 2048 2048 64 ) ( 2047 2048 64 ) ( 2048 2049 64 ) trim_band_teal [ 0.970142500145332 -0.242535625036333 8.326672684688674e-17 476.17062 ] [ -0.242535625036333 -0.970142500145332 -5.551115123125783e-17 16.486572 ] 0 1.059713 1.0004587
( 2272 1792 32 ) ( 2304 2048 160 ) ( 2304 2048 32 ) 64_cyan_2 [ 0.12403473458920852 0.9922778767136677 0 -21.991943 ] [ 0 0 -1 0 ] 0 1 1
}
// brush 3
{
( 2144 1840 32 ) ( 2304 2048 32 ) ( 2304 2048 160 ) 64_cyan_1 [ -0.6097107608496924 -0.7926239891046001 0 -44.2417 ] [ 0 0 -1 0 ] 0 1 1
( 2240 1792 32 ) ( 2176 1824 32 ) ( 2176 1824 160 ) trim_band_teal [ 0.8944271909999169 -0.44721359549995576 0 -40.864746 ] [ 0 0 -1 -160 ] 0 1.059713 1
( 2304 1792 0 ) ( 2304 1793 0 ) ( 2303 1792 0 ) trim_band_teal [ 0.8944271909999161 -0.4472135954999581 -2.3869795029440866e-15 -40.864746 ] [ -0.44721359549995804 -0.8944271909999161 5.551115123125783e-17 316.44507 ] 0 1.059713 1.0062304
( 2048 2048 64 ) ( 2047 2048 64 ) ( 2048 2049 64 ) trim_band_teal [ 0.8944271909999161 -0.4472135954999581 -2.3869795029440866e-15 -40.864746 ] [ -0.44721359549995804 -0.8944271909999161 5.551115123125783e-17 316.44507 ] 0 1.059713 1.0062304
( 2304 2048 32 ) ( 2208 1808 32 ) ( 2208 1808 160 ) 64_cyan_1 [ 0.37139067635410383 0.9284766908852594 0 39.062256 ] [ 0 0 -1 0 ] 0 1 1
}
// brush 4
{
( 2144 1840 32 ) ( 2096 1888 32 ) ( 2096 1888 160 ) trim_band_teal [ 0.7071067811865491 -0.7071067811865458 0 -234.62256 ] [ 0 0 -1 -160 ] 0 1.059713 1
( 2096 1888 32 ) ( 2304 2048 32 ) ( 2304 2048 160 ) 64_cyan_3 [ -0.7926239891046001 -0.6097107608496924 0 -8.3515625 ] [ 0 0 -1 0 ] 0 1 1
( 2304 1792 0 ) ( 2304 1793 0 ) ( 2303 1792 0 ) trim_band_teal [ 0.7071067811865477 -0.7071067811865477 -2.3592239273284576e-15 -234.62256 ] [ -0.7071067811865477 -0.7071067811865477 1.1102230246251565e-16 -12.519531 ] 0 1.059713 1.0164652
( 2048 2048 64 ) ( 2047 2048 64 ) ( 2048 2049 64 ) trim_band_teal [ 0.7071067811865477 -0.7071067811865477 -2.3592239273284576e-15 -234.62256 ] [ -0.7071067811865477 -0.7071067811865477 1.1102230246251565e-16 -12.519531 ] 0 1.059713 1.0164652
( 2144 1840 32 ) ( 2304 2048 160 ) ( 2304 2048 32 ) 64_cyan_3 [ 0.6097107608496924 0.7926239891046001 0 44.2417 ] [ 0 0 -1 0 ] 0 1 1
}
// brush 5
{
( 2048 1984 32 ) ( 2080 1920 160 ) ( 2080 1920 32 ) trim_band_teal [ 0.44721359549996 -0.8944271909999149 0 -410.84863 ] [ 0 0 -1 -160 ] 0 1.059713 1
( 2064 1952 32 ) ( 2304 2048 32 ) ( 2304 2048 160 ) 64_cyan_2 [ -0.9284766908852594 -0.3713906763541037 0 -51.913086 ] [ 0 0 -1 0 ] 0 1 1
( 2304 1792 0 ) ( 2304 1793 0 ) ( 2303 1792 0 ) trim_band_teal [ 0.4472135954999581 -0.8944271909999162 -2.248201624865942e-15 -410.84863 ] [ -0.8944271909999161 -0.44721359549995804 5.551115123125783e-17 430.2202 ] 0 1.059713 1.0062313
( 2048 2048 64 ) ( 2047 2048 64 ) ( 2048 2049 64 ) trim_band_teal [ 0.4472135954999581 -0.8944271909999162 -2.248201624865942e-15 -410.84863 ] [ -0.8944271909999161 -0.44721359549995804 5.551115123125783e-17 430.2202 ] 0 1.059713 1.0062313
( 2096 1888 32 ) ( 2304 2048 160 ) ( 2304 2048 32 ) 64_cyan_2 [ 0.7926239891046001 0.6097107608496924 0 8.3515625 ] [ 0 0 -1 0 ] 0 1 1
}
// brush 6
{
( 2048 2016 32 ) ( 2064 1952 160 ) ( 2064 1952 32 ) trim_band_teal [ 0.24253562503633502 -0.9701425001453314 0 -384.7296 ] [ 0 0 -1 -160 ] 0 1.059713 1
( 2048 2016 32 ) ( 2304 2048 32 ) ( 2304 2048 160 ) 64_cyan_1 [ -0.9922778767136677 -0.12403473458920841 0 -32.0625 ] [ 0 0 -1 0 ] 0 1 1
( 2304 1792 0 ) ( 2304 1793 0 ) ( 2303 1792 0 ) trim_band_teal [ 0.242535625036333 -0.970142500145332 -2.095545958979983e-15 -384.7296 ] [ -0.970142500145332 -0.242535625036333 -5.898059818321144e-17 202.66626 ] 0 1.059713 1.0004597
( 2048 2048 64 ) ( 2047 2048 64 ) ( 2048 2049 64 ) trim_band_teal [ 0.242535625036333 -0.970142500145332 -2.095545958979983e-15 -384.7296 ] [ -0.970142500145332 -0.242535625036333 -5.898059818321144e-17 202.66626 ] 0 1.059713 1.0004597
( 2064 1952 32 ) ( 2304 2048 160 ) ( 2304 2048 32 ) 64_cyan_1 [ 0.9284766908852594 0.3713906763541037 0 51.913086 ] [ 0 0 -1 0 ] 0 1 1
}
// brush 7
{
( 2048 2016 64 ) ( 2048 2080 0 ) ( 2048 2080 64 ) trim_band_teal [ 2.0122792321330962e-15 -1 0 -371.2047 ] [ 0 0 -1 -160 ] 0 1.059713 1
( 2304 2048 0 ) ( 2048 2080 0 ) ( 2048 2016 0 ) trim_band_teal [ 0 -1.0000000000000002 -2.0122792321330966e-15 -371.2047 ] [ -1.0000000000000002 0 0 288 ] 0 1.059713 1
( 2304 2048 64 ) ( 2048 2016 64 ) ( 2048 2080 64 ) trim_band_teal [ 0 -1.0000000000000002 -2.0122792321330966e-15 -371.2047 ] [ -1.0000000000000002 0 0 288 ] 0 1.059713 1
( 2304 2048 64 ) ( 2048 2016 0 ) ( 2048 2016 64 ) 64_cyan_3 [ 0.9922778767136677 0.12403473458920841 0 32.0625 ] [ 0 0 -1 0 ] 0 1 1
( 2304 2048 64 ) ( 2048 2080 0 ) ( 2304 2048 0 ) 64_cyan_3 [ -0.9922778767136677 0.12403473458920869 0 -7.784424 ] [ 0 0 -1 0 ] 0 1 1
}
// brush 8
{
( 2064 2144 32 ) ( 2048 2080 160 ) ( 2048 2080 32 ) trim_band_teal [ -0.24253562503633108 -0.9701425001453323 0 38.915283 ] [ 0 0 -1 -160 ] 0 1.059713 1
( 2048 2080 32 ) ( 2304 2048 160 ) ( 2304 2048 32 ) 64_cyan_2 [ 0.9922778767136677 -0.12403473458920869 0 7.784424 ] [ 0 0 -1 0 ] 0 1 1
( 2048 2048 0 ) ( 2049 2048 0 ) ( 2048 2049 0 ) trim_band_teal [ -0.242535625036333 -0.970142500145332 -1.9567680809018384e-15 38.915283 ] [ -0.970142500145332 0.242535625036333 -5.898059818321144e-17 233.69653 ] 0 1.059713 1.0004597
( 2304 2304 64 ) ( 2304 2305 64 ) ( 2305 2304 64 ) trim_band_teal [ -0.242535625036333 -0.970142500145332 -1.9567680809018384e-15 38.915283 ] [ -0.970142500145332 0.242535625036333 -5.898059818321144e-17 233.69653 ] 0 1.059713 1.0004597
( 2304 2048 32 ) ( 2064 2144 160 ) ( 2064 2144 32 ) 64_cyan_2 [ -0.9284766908852594 0.371390676354104 0 -9.6640625 ] [ 0 0 -1 0 ] 0 1 1
}
// brush 9
{
( 2048 2112 32 ) ( 2080 2176 32 ) ( 2080 2176 160 ) trim_band_teal [ -0.4472135954999564 -0.8944271909999166 0 284.3794 ] [ 0 0 -1 -160 ] 0 1.059713 1
( 2304 2048 32 ) ( 2064 2144 32 ) ( 2064 2144 160 ) 64_cyan_1 [ 0.9284766908852594 -0.371390676354104 0 9.6640625 ] [ 0 0 -1 0 ] 0 1 1
( 2048 2048 0 ) ( 2049 2048 0 ) ( 2048 2049 0 ) trim_band_teal [ -0.447213595499958 -0.8944271909999161 -1.7486012637846216e-15 284.3794 ] [ -0.8944271909999161 0.44721359549995804 5.551115123125783e-17 145.77753 ] 0 1.059713 1.0062308
( 2304 2304 64 ) ( 2304 2305 64 ) ( 2305 2304 64 ) trim_band_teal [ -0.447213595499958 -0.8944271909999161 -1.7486012637846216e-15 284.3794 ] [ -0.8944271909999161 0.44721359549995804 5.551115123125783e-17 145.77753 ] 0 1.059713 1.0062308
( 2096 2208 32 ) ( 2304 2048 32 ) ( 2304 2048 160 ) 64_cyan_1 [ -0.7926239891046001 0.6097107608496924 0 -62.79132 ] [ 0 0 -1 0 ] 0 1 1
}
// brush 10
{
( 2096 2208 32 ) ( 2144 2256 32 ) ( 2144 2256 160 ) trim_band_teal [ -0.7071067811865462 -0.7071067811865487 0 408.12305 ] [ 0 0 -1 -160 ] 0 1.059713 1
( 2096 2208 32 ) ( 2304 2048 160 ) ( 2304 2048 32 ) 64_cyan_3 [ 0.7926239891046001 -0.6097107608496924 0 62.79132 ] [ 0 0 -1 0 ] 0 1 1
( 2048 2048 0 ) ( 2049 2048 0 ) ( 2048 2049 0 ) trim_band_teal [ -0.7071067811865477 -0.7071067811865476 -1.7486012637846216e-15 408.12305 ] [ -0.7071067811865477 0.7071067811865477 1.1102230246251565e-16 -301.91302 ] 0 1.059713 1.0164659
( 2304 2304 64 ) ( 2304 2305 64 ) ( 2305 2304 64 ) trim_band_teal [ -0.7071067811865477 -0.7071067811865476 -1.7486012637846216e-15 408.12305 ] [ -0.7071067811865477 0.7071067811865477 1.1102230246251565e-16 -301.91302 ] 0 1.059713 1.0164659
( 2144 2256 32 ) ( 2304 2048 32 ) ( 2304 2048 160 ) 64_cyan_3 [ -0.6097107608496924 0.7926239891046001 0 -37.76526 ] [ 0 0 -1 0 ] 0 1 1
}
// brush 11
{
( 2144 2256 32 ) ( 2304 2048 160 ) ( 2304 2048 32 ) 64_cyan_2 [ 0.6097107608496924 -0.7926239891046001 0 37.76526 ] [ 0 0 -1 0 ] 0 1 1
( 2240 2304 32 ) ( 2176 2272 160 ) ( 2176 2272 32 ) trim_band_teal [ -0.8944271909999151 -0.4472135954999593 0 233.8269 ] [ 0 0 -1 -160 ] 0 1.059713 1
( 2048 2048 0 ) ( 2049 2048 0 ) ( 2048 2049 0 ) trim_band_teal [ -0.8944271909999161 -0.44721359549995804 -1.582067810090848e-15 233.8269 ] [ -0.44721359549995804 0.8944271909999161 5.551115123125783e-17 -252.44421 ] 0 1.059713 1.0062308
( 2304 2304 64 ) ( 2304 2305 64 ) ( 2305 2304 64 ) trim_band_teal [ -0.8944271909999161 -0.44721359549995804 -1.582067810090848e-15 233.8269 ] [ -0.44721359549995804 0.8944271909999161 5.551115123125783e-17 -252.44421 ] 0 1.059713 1.0062308
( 2208 2288 32 ) ( 2304 2048 32 ) ( 2304 2048 160 ) 64_cyan_2 [ -0.37139067635410355 0.9284766908852594 0 -29.567383 ] [ 0 0 -1 0 ] 0 1 1
}
// brush 12
{
( 2208 2288 32 ) ( 2304 2048 160 ) ( 2304 2048 32 ) 64_cyan_1 [ 0.37139067635410355 -0.9284766908852594 0 29.567383 ] [ 0 0 -1 0 ] 0 1 1
( 2272 2304 32 ) ( 2208 2288 160 ) ( 2208 2288 32 ) trim_band_teal [ -0.9701425001453314 -0.2425356250363343 0 461.6709 ] [ 0 0 -1 -160 ] 0 1.059713 1
( 2048 2048 0 ) ( 2049 2048 0 ) ( 2048 2049 0 ) trim_band_teal [ -0.9701425001453319 -0.24253562503633294 -1.4155343563970746e-15 461.6709 ] [ -0.242535625036333 0.970142500145332 -5.551115123125783e-17 -372.16736 ] 0 1.059713 1
( 2304 2304 64 ) ( 2304 2305 64 ) ( 2305 2304 64 ) trim_band_teal [ -0.9701425001453319 -0.24253562503633294 -1.4155343563970746e-15 461.6709 ] [ -0.242535625036333 0.970142500145332 -5.551115123125783e-17 -372.16736 ] 0 1.059713 1
( 2272 2304 32 ) ( 2304 2048 32 ) ( 2304 2048 160 ) 64_cyan_1 [ -0.12403473458920825 0.9922778767136677 0 -30.703491 ] [ 0 0 -1 0 ] 0 1 1
}
// brush 13
{
( 2272 2304 0 ) ( 2304 2048 64 ) ( 2304 2048 0 ) 64_cyan_3 [ 0.12403473458920825 -0.9922778767136677 0 30.703491 ] [ 0 0 -1 0 ] 0 1 1
( 2336 2304 0 ) ( 2272 2304 0 ) ( 2304 2048 0 ) trim_band_teal [ -1 0 -1.3183898417423736e-15 510.37036 ] [ 0 1.0000000000000002 0 -480 ] 0 1.059713 1
( 2336 2304 64 ) ( 2304 2048 64 ) ( 2272 2304 64 ) trim_band_teal [ -1 0 -1.3183898417423736e-15 510.37036 ] [ 0 1.0000000000000002 0 -480 ] 0 1.059713 1
( 2336 2304 64 ) ( 2272 2304 0 ) ( 2336 2304 0 ) trim_band_teal [ -0.9999999999999998 -1.3183898417423734e-15 0 510.37036 ] [ 0 0 -1 -160 ] 0 1.059713 1
( 2336 2304 64 ) ( 2304 2048 0 ) ( 2304 2048 64 ) 64_cyan_3 [ 0.12403473458920863 0.9922778767136677 0 -5.930664 ] [ 0 0 -1 0 ] 0 1 1
}
// brush 14
{
( 2336 2304 32 ) ( 2304 2048 160 ) ( 2304 2048 32 ) 64_cyan_2 [ -0.12403473458920863 -0.9922778767136677 0 5.930664 ] [ 0 0 -1 0 ] 0 1 1
( 2304 2304 0 ) ( 2304 2303 0 ) ( 2305 2304 0 ) trim_band_teal [ -0.970142500145332 0.242535625036333 -1.2906342661267445e-15 429.2389 ] [ 0.242535625036333 0.970142500145332 -5.551115123125783e-17 -464.4702 ] 0 1.059713 1.0004652
( 2560 2048 64 ) ( 2561 2048 64 ) ( 2560 2047 64 ) trim_band_teal [ -0.970142500145332 0.242535625036333 -1.2906342661267445e-15 429.2389 ] [ 0.242535625036333 0.970142500145332 -5.551115123125783e-17 -464.4702 ] 0 1.059713 1.0004652
( 2400 2288 32 ) ( 2336 2304 160 ) ( 2336 2304 32 ) trim_band_teal [ -0.970142500145332 0.2425356250363317 0 429.2389 ] [ 0 0 -1 -160 ] 0 1.059713 1
( 2304 2048 32 ) ( 2400 2288 160 ) ( 2400 2288 32 ) 64_cyan_2 [ 0.37139067635410394 0.9284766908852594 0 14.529297 ] [ 0 0 -1 0 ] 0 1 1
}
// brush 15
{
( 2304 2048 32 ) ( 2400 2288 32 ) ( 2400 2288 160 ) 64_cyan_1 [ -0.37139067635410394 -0.9284766908852594 0 -14.529297 ] [ 0 0 -1 0 ] 0 1 1
( 2304 2304 0 ) ( 2304 2303 0 ) ( 2305 2304 0 ) trim_band_teal [ -0.894427190999916 0.44721359549995804 -1.0824674490095276e-15 327.84644 ] [ 0.44721359549995804 0.8944271909999161 5.551115123125783e-17 -252.44507 ] 0 1.059713 1.0062304
( 2560 2048 64 ) ( 2561 2048 64 ) ( 2560 2047 64 ) trim_band_teal [ -0.894427190999916 0.44721359549995804 -1.0824674490095276e-15 327.84644 ] [ 0.44721359549995804 0.8944271909999161 5.551115123125783e-17 -252.44507 ] 0 1.059713 1.0062304
( 2368 2304 32 ) ( 2432 2272 32 ) ( 2432 2272 160 ) trim_band_teal [ -0.8944271909999162 0.4472135954999569 0 327.84644 ] [ 0 0 -1 -160 ] 0 1.059713 1
( 2464 2256 32 ) ( 2304 2048 32 ) ( 2304 2048 160 ) 64_cyan_1 [ 0.6097107608496924 0.7926239891046001 0 43.62329 ] [ 0 0 -1 0 ] 0 1 1
}
// brush 16
{
( 2464 2256 32 ) ( 2304 2048 160 ) ( 2304 2048 32 ) 64_cyan_3 [ -0.6097107608496924 -0.7926239891046001 0 -43.62329 ] [ 0 0 -1 0 ] 0 1 1
( 2304 2304 0 ) ( 2304 2303 0 ) ( 2305 2304 0 ) trim_band_teal [ -0.7071067811865475 0.7071067811865476 -1.0824674490095276e-15 363.016 ] [ 0.7071067811865477 0.7071067811865477 1.1102230246251565e-16 -435.47778 ] 0 1.059713 1.0164661
( 2560 2048 64 ) ( 2561 2048 64 ) ( 2560 2047 64 ) trim_band_teal [ -0.7071067811865475 0.7071067811865476 -1.0824674490095276e-15 363.016 ] [ 0.7071067811865477 0.7071067811865477 1.1102230246251565e-16 -435.47778 ] 0 1.059713 1.0164661
( 2512 2208 32 ) ( 2304 2048 32 ) ( 2304 2048 160 ) 64_cyan_3 [ 0.7926239891046001 0.6097107608496924 0 49.861572 ] [ 0 0 -1 0 ] 0 1 1
( 2464 2256 32 ) ( 2512 2208 32 ) ( 2512 2208 160 ) trim_band_teal [ -0.7071067811865481 0.7071067811865466 0 363.016 ] [ 0 0 -1 -160 ] 0 1.059713 1
}
// brush 17
{
( 2512 2208 32 ) ( 2304 2048 160 ) ( 2304 2048 32 ) 64_cyan_2 [ -0.7926239891046001 -0.6097107608496924 0 -49.861572 ] [ 0 0 -1 0 ] 0 1 1
( 2304 2304 0 ) ( 2304 2303 0 ) ( 2305 2304 0 ) trim_band_teal [ -0.447213595499958 0.894427190999916 -9.43689570931383e-16 380.6538 ] [ 0.8944271909999161 0.44721359549995804 5.551115123125783e-17 -366.22314 ] 0 1.059713 1.0062304
( 2560 2048 64 ) ( 2561 2048 64 ) ( 2560 2047 64 ) trim_band_teal [ -0.447213595499958 0.894427190999916 -9.43689570931383e-16 380.6538 ] [ 0.8944271909999161 0.44721359549995804 5.551115123125783e-17 -366.22314 ] 0 1.059713 1.0062304
( 2544 2144 32 ) ( 2304 2048 32 ) ( 2304 2048 160 ) 64_cyan_2 [ 0.9284766908852594 0.3713906763541036 0 36.45044 ] [ 0 0 -1 0 ] 0 1 1
( 2560 2112 32 ) ( 2528 2176 160 ) ( 2528 2176 32 ) trim_band_teal [ -0.4472135954999587 0.8944271909999153 0 380.6538 ] [ 0 0 -1 -160 ] 0 1.059713 1
}
// brush 18
{
( 2544 2144 32 ) ( 2304 2048 160 ) ( 2304 2048 32 ) 64_cyan_1 [ -0.9284766908852594 -0.3713906763541036 0 -36.45044 ] [ 0 0 -1 0 ] 0 1 1
( 2304 2304 0 ) ( 2304 2303 0 ) ( 2305 2304 0 ) trim_band_teal [ -0.24253562503633297 0.9701425001453319 -7.771561172376096e-16 248.10718 ] [ 0.970142500145332 0.242535625036333 -5.898059818321144e-17 -138.6687 ] 0 1.059713 1.0004587
( 2560 2048 64 ) ( 2561 2048 64 ) ( 2560 2047 64 ) trim_band_teal [ -0.24253562503633297 0.9701425001453319 -7.771561172376096e-16 248.10718 ] [ 0.970142500145332 0.242535625036333 -5.898059818321144e-17 -138.6687 ] 0 1.059713 1.0004587
( 2560 2080 32 ) ( 2304 2048 32 ) ( 2304 2048 160 ) 64_cyan_1 [ 0.9922778767136677 0.1240347345892083 0 7.474365 ] [ 0 0 -1 0 ] 0 1 1
( 2560 2080 32 ) ( 2544 2144 160 ) ( 2544 2144 32 ) trim_band_teal [ -0.2425356250363337 0.9701425001453315 0 248.10718 ] [ 0 0 -1 -160 ] 0 1.059713 1
}
// brush 19
{
( 2304 2048 0 ) ( 2560 2016 64 ) ( 2560 2016 0 ) 64_cyan_3 [ 0.9922778767136677 -0.12403473458920858 0 23.845703 ] [ 0 0 -1 0 ] 0 1 1
( 2304 2048 0 ) ( 2560 2080 64 ) ( 2304 2048 64 ) 64_cyan_3 [ -0.9922778767136677 -0.1240347345892083 0 -7.474365 ] [ 0 0 -1 0 ] 0 1 1
( 2560 2080 0 ) ( 2304 2048 0 ) ( 2560 2016 0 ) trim_band_teal [ 0 1 -6.938893903907229e-16 115.598145 ] [ 1.0000000000000002 0 0 -224 ] 0 1.059713 1
( 2560 2080 64 ) ( 2560 2016 64 ) ( 2304 2048 64 ) trim_band_teal [ 0 1 -6.938893903907229e-16 115.598145 ] [ 1.0000000000000002 0 0 -224 ] 0 1.059713 1
( 2560 2080 64 ) ( 2560 2016 0 ) ( 2560 2016 64 ) trim_band_teal [ -6.938893903907228e-16 0.9999999999999999 0 115.598145 ] [ 0 0 -1 -160 ] 0 1.059713 1
}
// brush 20
{
( 2304 2048 32 ) ( 2544 1952 160 ) ( 2544 1952 32 ) 64_cyan_2 [ 0.9284766908852594 -0.3713906763541039 0 49.131104 ] [ 0 0 -1 0 ] 0 1 1
( 2560 2048 0 ) ( 2559 2048 0 ) ( 2560 2047 0 ) trim_band_teal [ 0.242535625036333 0.970142500145332 -6.38378239159465e-16 98.49414 ] [ 0.970142500145332 -0.242535625036333 -5.898059818321144e-17 -169.69653 ] 0 1.059713 1.0004597
( 2304 1792 64 ) ( 2304 1791 64 ) ( 2303 1792 64 ) trim_band_teal [ 0.242535625036333 0.970142500145332 -6.38378239159465e-16 98.49414 ] [ 0.970142500145332 -0.242535625036333 -5.898059818321144e-17 -169.69653 ] 0 1.059713 1.0004597
( 2560 2016 32 ) ( 2304 2048 160 ) ( 2304 2048 32 ) 64_cyan_2 [ -0.9922778767136677 0.12403473458920858 0 -23.845703 ] [ 0 0 -1 0 ] 0 1 1
( 2544 1952 32 ) ( 2560 2016 160 ) ( 2560 2016 32 ) trim_band_teal [ 0.24253562503633236 0.970142500145332 0 98.49414 ] [ 0 0 -1 -160 ] 0 1.059713 1
}
// brush 21
{
( 2512 1888 32 ) ( 2304 2048 32 ) ( 2304 2048 160 ) 64_cyan_1 [ 0.7926239891046001 -0.6097107608496924 0 62.17267 ] [ 0 0 -1 0 ] 0 1 1
( 2560 2048 0 ) ( 2559 2048 0 ) ( 2560 2047 0 ) trim_band_teal [ 0.44721359549995804 0.8944271909999162 -4.440892098500626e-16 258.60205 ] [ 0.8944271909999161 -0.44721359549995804 5.551115123125783e-17 -81.778076 ] 0 1.059713 1.0062304
( 2304 1792 64 ) ( 2304 1791 64 ) ( 2303 1792 64 ) trim_band_teal [ 0.44721359549995804 0.8944271909999162 -4.440892098500626e-16 258.60205 ] [ 0.8944271909999161 -0.44721359549995804 5.551115123125783e-17 -81.778076 ] 0 1.059713 1.0062304
( 2304 2048 32 ) ( 2544 1952 32 ) ( 2544 1952 160 ) 64_cyan_1 [ -0.9284766908852594 0.3713906763541039 0 -49.131104 ] [ 0 0 -1 0 ] 0 1 1
( 2560 1984 32 ) ( 2528 1920 32 ) ( 2528 1920 160 ) trim_band_teal [ 0.44721359549995754 0.8944271909999161 0 258.60205 ] [ 0 0 -1 -160 ] 0 1.059713 1
}
// brush 22
{
( 2464 1840 32 ) ( 2304 2048 32 ) ( 2304 2048 160 ) 64_cyan_3 [ 0.6097107608496924 -0.7926239891046001 0 15.275421 ] [ 0 0 -1 0 ] 0 1 1
( 2560 2048 0 ) ( 2559 2048 0 ) ( 2560 2047 0 ) trim_band_teal [ 0.7071067811865477 0.7071067811865478 -3.885780586188048e-16 -23.729736 ] [ 0.7071067811865477 -0.7071067811865477 1.1102230246251565e-16 -146.08698 ] 0 1.059713 1.0164659
( 2304 1792 64 ) ( 2304 1791 64 ) ( 2303 1792 64 ) trim_band_teal [ 0.7071067811865477 0.7071067811865478 -3.885780586188048e-16 -23.729736 ] [ 0.7071067811865477 -0.7071067811865477 1.1102230246251565e-16 -146.08698 ] 0 1.059713 1.0164659
( 2512 1888 32 ) ( 2304 2048 160 ) ( 2304 2048 32 ) 64_cyan_3 [ -0.7926239891046001 0.6097107608496924 0 -62.17267 ] [ 0 0 -1 0 ] 0 1 1
( 2512 1888 32 ) ( 2464 1840 32 ) ( 2464 1840 160 ) trim_band_teal [ 0.7071067811865472 0.7071067811865478 0 -23.729736 ] [ 0 0 -1 -160 ] 0 1.059713 1
}
// brush 23
{
( 2400 1808 32 ) ( 2304 2048 32 ) ( 2304 2048 160 ) 64_cyan_2 [ 0.37139067635410367 -0.9284766908852594 0 14.104858 ] [ 0 0 -1 0 ] 0 1 1
( 2560 2048 0 ) ( 2559 2048 0 ) ( 2560 2047 0 ) trim_band_teal [ 0.894427190999916 0.447213595499958 -2.498001805406602e-16 -8.0217285 ] [ 0.44721359549995804 -0.8944271909999161 5.551115123125783e-17 316.44434 ] 0 1.059713 1.0062307
( 2304 1792 64 ) ( 2304 1791 64 ) ( 2303 1792 64 ) trim_band_teal [ 0.894427190999916 0.447213595499958 -2.498001805406602e-16 -8.0217285 ] [ 0.44721359549995804 -0.8944271909999161 5.551115123125783e-17 316.44434 ] 0 1.059713 1.0062307
( 2368 1792 32 ) ( 2432 1824 160 ) ( 2432 1824 32 ) trim_band_teal [ 0.8944271909999157 0.44721359549995815 0 -8.0217285 ] [ 0 0 -1 -160 ] 0 1.059713 1
( 2464 1840 32 ) ( 2304 2048 160 ) ( 2304 2048 32 ) 64_cyan_2 [ -0.6097107608496924 0.7926239891046001 0 -15.275421 ] [ 0 0 -1 0 ] 0 1 1
}
}
