// brush 0
{
( 1600 1824 16 ) ( 1432 1992 0 ) ( 1432 1992 16 ) 128_honey_2 [ -0.7071067811865477 0.7071067811865477 0 -21.333328 ] [ 0 0 -1.0000000000000002 0 ] 0 1.0606604 1
( 1600 2016 16 ) ( 1504 1920 0 ) ( 1600 2016 0 ) 128_honey_2 [ 0.7071067811865477 0.7071067811865477 0 21.333252 ] [ 0 0 -1.0000000000000002 0 ] 0 1.0606604 1
( 1696 1920 0 ) ( 1432 1992 0 ) ( 1600 1824 0 ) 128_honey_2 [ 0.7071067811865478 0.7071067811865478 0 21.333252 ] [ -0.7071067811865479 0.7071067811865479 2.220446049250313e-16 -21.333328 ] 0 1.0606604 1.0606604
( 1696 1920 64 ) ( 1432 1992 64 ) ( 1528 2088 64 ) 128_grey_3 [ 0.7071067811865478 0.7071067811865478 0 21.333252 ] [ -0.7071067811865479 0.7071067811865479 2.220446049250313e-16 -21.333328 ] 0 1.0606604 1.0606604
( 1696 1920 16 ) ( 1600 1824 0 ) ( 1600 1824 16 ) 128_honey_2 [ 0.7071067811865477 0.7071067811865477 0 21.333252 ] [ 0 0 -1.0000000000000002 0 ] 0 1.0606604 1
( 1528 2088 0 ) ( 1696 1920 16 ) ( 1528 2088 16 ) 128_honey_2 [ -0.7071067811865477 0.7071067811865477 0 -21.333328 ] [ 0 0 -1.0000000000000002 0 ] 0 1.0606604 1
}

