// entity 0
{
"classname" "func_detail"
"_phong" "1"
// brush 0
{
( 3104 1536 64 ) ( 3104 1408 64 ) ( 3104 1408 0 ) 64_cyan_1 [ 0.12403473458920836 -0.9922778767136677 0 -22.178589 ] [ 0 0 -1 0 ] 0 1 1
( 3104 1408 0 ) ( 3168 1424 0 ) ( 3104 1536 0 ) trim_band_teal [ 0.970142500145332 0.242535625036333 -8.326672684688674e-17 -445.49365 ] [ 0.242535625036333 -0.970142500145332 -5.551115123125783e-17 -104.000305 ] 0 1.059713 0.97014284
( 3104 1536 64 ) ( 3168 1424 64 ) ( 3104 1408 64 ) trim_band_teal [ 0.970142500145332 0.242535625036333 -8.326672684688674e-17 -445.49365 ] [ 0.242535625036333 -0.970142500145332 -5.551115123125783e-17 -104.000305 ] 0 1.059713 0.97014284
( 3104 1408 64 ) ( 3168 1424 64 ) ( 3168 1424 0 ) trim_band_teal [ 0.9701425001453319 0.24253562503633305 0 -445.49365 ] [ 0 0 -1 -160 ] 0 1.059713 1
( 3104 1536 64 ) ( 3104 1536 0 ) ( 3168 1424 0 ) 64_cyan_1 [ -0.37139067635410367 0.9284766908852594 0 51.65822 ] [ 0 0 -1 0 ] 0 1 1
}
// brush 1
{
( 3040 1536 64 ) ( 3040 1408 64 ) ( 3040 1408 0 ) 64_cyan_3 [ -0.12403473458920852 -0.9922778767136677 0 -7.7841797 ] [ 0 0 -1 0 ] 0 1 1
( 3040 1408 64 ) ( 3104 1408 64 ) ( 3104 1408 0 ) trim_band_teal [ 1 0 0 -210.70142 ] [ 0 0 -1 -160 ] 0 1.059713 1
( 3104 1408 0 ) ( 3104 1536 0 ) ( 3040 1536 0 ) trim_band_teal [ 1.0000000000000002 0 0 -210.70142 ] [ 0 -1.0000000000000002 0 -352 ] 0 1.059713 1
( 3040 1536 64 ) ( 3104 1536 64 ) ( 3104 1408 64 ) trim_band_teal [ 1.0000000000000002 0 0 -210.70142 ] [ 0 -1.0000000000000002 0 -352 ] 0 1.059713 1
( 3104 1536 0 ) ( 3104 1536 64 ) ( 3040 1536 64 ) trim_band_teal [ 1 0 0 -127.56714 ] [ 0 0 -1 -160 ] 0 1.078689 1
( 3104 1408 64 ) ( 3104 1536 64 ) ( 3104 1536 0 ) 64_cyan_3 [ -0.12403473458920836 0.9922778767136677 0 22.178589 ] [ 0 0 -1 0 ] 0 1 1
}
// brush 2
{
( 2976 1424 64 ) ( 2976 1424 0 ) ( 3040 1536 0 ) 64_cyan_2 [ -0.37139067635410383 -0.9284766908852594 0 17.630615 ] [ 0 0 -1 0 ] 0 1 1
( 3040 1408 0 ) ( 2976 1424 0 ) ( 2976 1424 64 ) trim_band_teal [ 0.9701425001453319 -0.24253562503633305 0 -314.80127 ] [ 0 0 -1 -160 ] 0 1.059713 1
( 3040 1408 0 ) ( 3040 1536 0 ) ( 2976 1424 0 ) trim_band_teal [ 0.970142500145332 -0.242535625036333 8.326672684688674e-17 -314.80127 ] [ -0.242535625036333 -0.970142500145332 -5.551115123125783e-17 -103.99951 ] 0 1.059713 0.97014236
( 2976 1424 64 ) ( 3040 1536 64 ) ( 3040 1408 64 ) trim_band_teal [ 0.970142500145332 -0.242535625036333 8.326672684688674e-17 -314.80127 ] [ -0.242535625036333 -0.970142500145332 -5.551115123125783e-17 -103.99951 ] 0 1.059713 0.97014236
( 3040 1408 64 ) ( 3040 1536 64 ) ( 3040 1536 0 ) 64_cyan_2 [ 0.12403473458920852 0.9922778767136677 0 7.7841797 ] [ 0 0 -1 0 ] 0 1 1
}
// brush 3
{
( 2976 1568 0 ) ( 2976 1568 64 ) ( 2912 1456 64 ) 64_cyan_1 [ -0.6097107608496924 -0.7926239891046001 0 55.64868 ] [ 0 0 -1 0 ] 0 1 1
( 2976 1424 0 ) ( 2912 1456 0 ) ( 2912 1456 64 ) trim_band_teal [ 0.8944271909999169 -0.44721359549995576 0 -339.13135 ] [ 0 0 -1 -160 ] 0 1.059713 1
( 2976 1424 0 ) ( 3040 1536 0 ) ( 2976 1568 0 ) trim_band_teal [ 0.8944271909999161 -0.4472135954999581 -2.3869795029440866e-15 -339.13147 ] [ -0.44721359549995804 -0.8944271909999161 5.551115123125783e-17 316.44507 ] 0 1.059713 1.0062304
( 2976 1568 64 ) ( 3040 1536 64 ) ( 2976 1424 64 ) trim_band_teal [ 0.8944271909999161 -0.4472135954999581 -2.3869795029440866e-15 -339.13147 ] [ -0.44721359549995804 -0.8944271909999161 5.551115123125783e-17 316.44507 ] 0 1.059713 1.0062304
( 3040 1536 0 ) ( 3040 1536 64 ) ( 2976 1568 64 ) trim_band_teal [ 0.8944271909999166 -0.44721359549995754 0 -473.22778 ] [ 0 0 -1 -160 ] 0 1.078689 1
( 2976 1424 64 ) ( 3040 1536 64 ) ( 3040 1536 0 ) 64_cyan_1 [ 0.37139067635410383 0.9284766908852594 0 -17.630615 ] [ 0 0 -1 0 ] 0 1 1
}
// brush 4
{
( 2912 1456 0 ) ( 2864 1504 0 ) ( 2864 1504 64 ) trim_band_teal [ 0.7071067811865491 -0.7071067811865458 0 -491.30896 ] [ 0 0 -1 -160 ] 0 1.059713 1
( 2976 1568 0 ) ( 2976 1568 64 ) ( 2864 1504 64 ) 64_cyan_3 [ -0.7926239891046001 -0.6097107608496924 0 46.25464 ] [ 0 0 -1 0 ] 0 1 1
( 2912 1456 0 ) ( 2976 1568 0 ) ( 2864 1504 0 ) trim_band_teal [ 0.7071067811865477 -0.7071067811865477 -2.3592239273284576e-15 -491.30896 ] [ -0.7071067811865477 -0.7071067811865477 1.1102230246251565e-16 392.72388 ] 0 1.059713 0.9722729
( 2864 1504 64 ) ( 2976 1568 64 ) ( 2912 1456 64 ) trim_band_teal [ 0.7071067811865477 -0.7071067811865477 -2.3592239273284576e-15 -491.30896 ] [ -0.7071067811865477 -0.7071067811865477 1.1102230246251565e-16 392.72388 ] 0 1.059713 0.9722729
( 2912 1456 64 ) ( 2976 1568 64 ) ( 2976 1568 0 ) 64_cyan_3 [ 0.6097107608496924 0.7926239891046001 0 -55.64868 ] [ 0 0 -1 0 ] 0 1 1
}
// brush 5
{
( 2864 1504 0 ) ( 2832 1568 0 ) ( 2832 1568 64 ) trim_band_teal [ 0.44721359549996 -0.8944271909999149 0 -35.061943 ] [ 0 0 -1 -160 ] 0 1.059713 1
( 2944 1632 0 ) ( 2944 1632 64 ) ( 2832 1568 64 ) 64_cyan_2 [ -0.9284766908852594 -0.3713906763541037 0 6.5429688 ] [ 0 0 -1 0 ] 0 1 1
( 2864 1504 0 ) ( 2976 1568 0 ) ( 2944 1632 0 ) trim_band_teal [ 0.4472135954999581 -0.8944271909999162 -2.248201624865942e-15 -35.061867 ] [ -0.8944271909999161 -0.44721359549995804 5.551115123125783e-17 430.21997 ] 0 1.059713 1.0062313
( 2944 1632 64 ) ( 2976 1568 64 ) ( 2864 1504 64 ) trim_band_teal [ 0.4472135954999581 -0.8944271909999162 -2.248201624865942e-15 -35.061867 ] [ -0.8944271909999161 -0.44721359549995804 5.551115123125783e-17 430.21997 ] 0 1.059713 1.0062313
( 2864 1504 64 ) ( 2976 1568 64 ) ( 2976 1568 0 ) 64_cyan_2 [ 0.7926239891046001 0.6097107608496924 0 -46.25464 ] [ 0 0 -1 0 ] 0 1 1
( 2976 1568 0 ) ( 2976 1568 64 ) ( 2944 1632 64 ) trim_band_teal [ 0.4472135954999587 -0.8944271909999161 0 -125.33101 ] [ 0 0 -1 -160 ] 0 1.078689 1
}
// brush 6
{
( 2832 1568 0 ) ( 2816 1632 0 ) ( 2816 1632 64 ) trim_band_teal [ 0.24253562503633502 -0.9701425001453314 0 -400.04413 ] [ 0 0 -1 -160 ] 0 1.059713 1
( 2832 1568 0 ) ( 2944 1632 0 ) ( 2816 1632 0 ) trim_band_teal [ 0.242535625036333 -0.970142500145332 -2.095545958979983e-15 -400.04413 ] [ -0.970142500145332 -0.242535625036333 -5.898059818321144e-17 440.0005 ] 0 1.059713 0.97014236
( 2816 1632 64 ) ( 2944 1632 64 ) ( 2832 1568 64 ) trim_band_teal [ 0.242535625036333 -0.970142500145332 -2.095545958979983e-15 -400.04413 ] [ -0.970142500145332 -0.242535625036333 -5.898059818321144e-17 440.0005 ] 0 1.059713 0.97014236
( 2944 1632 0 ) ( 2944 1632 64 ) ( 2816 1632 64 ) 64_cyan_1 [ -0.9922778767136677 -0.12403473458920841 0 42.37744 ] [ 0 0 -1 0 ] 0 1 1
( 2832 1568 64 ) ( 2944 1632 64 ) ( 2944 1632 0 ) 64_cyan_1 [ 0.9284766908852594 0.3713906763541037 0 -6.5429688 ] [ 0 0 -1 0 ] 0 1 1
}
// brush 7
{
( 2816 1696 64 ) ( 2816 1632 64 ) ( 2816 1632 0 ) trim_band_teal [ 2.0122792321330962e-15 -1 0 -221.56702 ] [ 0 0 -1 -160 ] 0 1.059713 1
( 2816 1632 64 ) ( 2944 1632 64 ) ( 2944 1632 0 ) 64_cyan_3 [ 0.9922778767136677 0.12403473458920841 0 -42.37744 ] [ 0 0 -1 0 ] 0 1 1
( 2944 1632 0 ) ( 2944 1696 0 ) ( 2816 1696 0 ) trim_band_teal [ 0 -1.0000000000000002 -2.0122792321330966e-15 -221.56702 ] [ -1.0000000000000002 0 0 32 ] 0 1.059713 1
( 2816 1696 64 ) ( 2944 1696 64 ) ( 2944 1632 64 ) trim_band_teal [ 0 -1.0000000000000002 -2.0122792321330966e-15 -221.56702 ] [ -1.0000000000000002 0 0 32 ] 0 1.059713 1
( 2944 1696 0 ) ( 2944 1696 64 ) ( 2816 1696 64 ) 64_cyan_3 [ -0.9922778767136677 0.12403473458920869 0 33.914307 ] [ 0 0 -1 0 ] 0 1 1
( 2944 1632 64 ) ( 2944 1696 64 ) ( 2944 1696 0 ) trim_band_teal [ 5.551115123125783e-16 -1.0000000000000004 0 -281.05225 ] [ 0 0 -1 -160 ] 0 1.078689 1
}
// brush 8
{
( 2832 1760 64 ) ( 2816 1696 64 ) ( 2816 1696 0 ) trim_band_teal [ -0.24253562503633108 -0.9701425001453323 0 -136.85645 ] [ 0 0 -1 -160 ] 0 1.059713 1
( 2816 1696 64 ) ( 2944 1696 64 ) ( 2944 1696 0 ) 64_cyan_2 [ 0.9922778767136677 -0.12403473458920869 0 -33.914307 ] [ 0 0 -1 0 ] 0 1 1
( 2816 1696 0 ) ( 2944 1696 0 ) ( 2832 1760 0 ) trim_band_teal [ -0.242535625036333 -0.970142500145332 -1.9567680809018384e-15 -136.8562 ] [ -0.970142500145332 0.242535625036333 -5.898059818321144e-17 119.99536 ] 0 1.059713 0.9701442
( 2832 1760 64 ) ( 2944 1696 64 ) ( 2816 1696 64 ) trim_band_teal [ -0.242535625036333 -0.970142500145332 -1.9567680809018384e-15 -136.8562 ] [ -0.970142500145332 0.242535625036333 -5.898059818321144e-17 119.99536 ] 0 1.059713 0.9701442
( 2944 1696 0 ) ( 2944 1696 64 ) ( 2832 1760 64 ) 64_cyan_2 [ -0.9284766908852594 0.371390676354104 0 14.019897 ] [ 0 0 -1 0 ] 0 1 1
}
// brush 9
{
( 2864 1824 64 ) ( 2832 1760 64 ) ( 2832 1760 0 ) trim_band_teal [ -0.4472135954999564 -0.8944271909999166 0 284.3794 ] [ 0 0 -1 -160 ] 0 1.059713 1
( 2832 1760 64 ) ( 2944 1696 64 ) ( 2944 1696 0 ) 64_cyan_1 [ 0.9284766908852594 -0.371390676354104 0 -14.019897 ] [ 0 0 -1 0 ] 0 1 1
( 2944 1696 0 ) ( 2976 1760 0 ) ( 2864 1824 0 ) trim_band_teal [ -0.447213595499958 -0.8944271909999161 -1.7486012637846216e-15 284.3794 ] [ -0.8944271909999161 0.44721359549995804 5.551115123125783e-17 487.1106 ] 0 1.059713 1.0062308
( 2864 1824 64 ) ( 2976 1760 64 ) ( 2944 1696 64 ) trim_band_teal [ -0.447213595499958 -0.8944271909999161 -1.7486012637846216e-15 284.3794 ] [ -0.8944271909999161 0.44721359549995804 5.551115123125783e-17 487.1106 ] 0 1.059713 1.0062308
( 2976 1760 0 ) ( 2976 1760 64 ) ( 2864 1824 64 ) 64_cyan_1 [ -0.7926239891046001 0.6097107608496924 0 12.072876 ] [ 0 0 -1 0 ] 0 1 1
( 2944 1696 64 ) ( 2976 1760 64 ) ( 2976 1760 0 ) trim_band_teal [ -0.4472135954999576 -0.8944271909999164 0 -250.48926 ] [ 0 0 -1 -160 ] 0 1.078689 1
}
// brush 10
{
( 2912 1872 64 ) ( 2864 1824 64 ) ( 2864 1824 0 ) trim_band_teal [ -0.7071067811865462 -0.7071067811865487 0 152.3518 ] [ 0 0 -1 -160 ] 0 1.059713 1
( 2864 1824 64 ) ( 2976 1760 64 ) ( 2976 1760 0 ) 64_cyan_3 [ 0.7926239891046001 -0.6097107608496924 0 -12.072876 ] [ 0 0 -1 0 ] 0 1 1
( 2864 1824 0 ) ( 2976 1760 0 ) ( 2912 1872 0 ) trim_band_teal [ -0.7071067811865477 -0.7071067811865476 -1.7486012637846216e-15 152.3518 ] [ -0.7071067811865477 0.7071067811865477 1.1102230246251565e-16 20.363342 ] 0 1.059713 0.97227216
( 2912 1872 64 ) ( 2976 1760 64 ) ( 2864 1824 64 ) trim_band_teal [ -0.7071067811865477 -0.7071067811865476 -1.7486012637846216e-15 152.3518 ] [ -0.7071067811865477 0.7071067811865477 1.1102230246251565e-16 20.363342 ] 0 1.059713 0.97227216
( 2912 1872 64 ) ( 2912 1872 0 ) ( 2976 1760 0 ) 64_cyan_3 [ -0.6097107608496924 0.7926239891046001 0 30.86023 ] [ 0 0 -1 0 ] 0 1 1
}
// brush 11
{
( 2976 1760 0 ) ( 2912 1872 0 ) ( 2912 1872 64 ) 64_cyan_2 [ 0.6097107608496924 -0.7926239891046001 0 -30.86023 ] [ 0 0 -1 0 ] 0 1 1
( 2976 1904 0 ) ( 2976 1904 64 ) ( 2912 1872 64 ) trim_band_teal [ -0.8944271909999151 -0.4472135954999593 0 207.98682 ] [ 0 0 -1 -160 ] 0 1.059713 1
( 2976 1760 0 ) ( 3040 1792 0 ) ( 2976 1904 0 ) trim_band_teal [ -0.8944271909999161 -0.44721359549995804 -1.582067810090848e-15 207.98682 ] [ -0.44721359549995804 0.8944271909999161 5.551115123125783e-17 430.2223 ] 0 1.059713 1.0062308
( 2976 1904 64 ) ( 3040 1792 64 ) ( 2976 1760 64 ) trim_band_teal [ -0.8944271909999161 -0.44721359549995804 -1.582067810090848e-15 207.98682 ] [ -0.44721359549995804 0.8944271909999161 5.551115123125783e-17 430.2223 ] 0 1.059713 1.0062308
( 2976 1760 64 ) ( 3040 1792 64 ) ( 3040 1792 0 ) trim_band_teal [ -0.894427190999916 -0.4472135954999584 0 253.6521 ] [ 0 0 -1 -160 ] 0 1.078689 1
( 3040 1792 0 ) ( 3040 1792 64 ) ( 2976 1904 64 ) 64_cyan_2 [ -0.37139067635410355 0.9284766908852594 0 36.19568 ] [ 0 0 -1 0 ] 0 1 1
}
// brush 12
{
( 3040 1792 0 ) ( 2976 1904 0 ) ( 2976 1904 64 ) 64_cyan_1 [ 0.37139067635410355 -0.9284766908852594 0 -36.19568 ] [ 0 0 -1 0 ] 0 1 1
( 3040 1920 0 ) ( 3040 1920 64 ) ( 2976 1904 64 ) trim_band_teal [ -0.9701425001453314 -0.2425356250363343 0 52.871094 ] [ 0 0 -1 -160 ] 0 1.059713 1
( 3040 1792 0 ) ( 3040 1920 0 ) ( 2976 1904 0 ) trim_band_teal [ -0.9701425001453319 -0.24253562503633294 -1.4155343563970746e-15 52.871338 ] [ -0.242535625036333 0.970142500145332 -5.551115123125783e-17 152.00037 ] 0 1.059713 0.97014284
( 2976 1904 64 ) ( 3040 1920 64 ) ( 3040 1792 64 ) trim_band_teal [ -0.9701425001453319 -0.24253562503633294 -1.4155343563970746e-15 52.871338 ] [ -0.242535625036333 0.970142500145332 -5.551115123125783e-17 152.00037 ] 0 1.059713 0.97014284
( 3040 1792 64 ) ( 3040 1920 64 ) ( 3040 1920 0 ) 64_cyan_1 [ -0.12403473458920825 0.9922778767136677 0 61.589844 ] [ 0 0 -1 0 ] 0 1 1
}
// brush 13
{
( 3040 1920 64 ) ( 3040 1792 64 ) ( 3040 1792 0 ) 64_cyan_3 [ 0.12403473458920825 -0.9922778767136677 0 -61.589844 ] [ 0 0 -1 0 ] 0 1 1
( 3040 1792 64 ) ( 3104 1792 64 ) ( 3104 1792 0 ) trim_band_teal [ -1.0000000000000002 -3.3306690738754696e-16 0 320.23584 ] [ 0 0 -1 -160 ] 0 1.078689 1
( 3104 1792 0 ) ( 3104 1920 0 ) ( 3040 1920 0 ) trim_band_teal [ -1 0 -1.3183898417423736e-15 211.09497 ] [ 0 1.0000000000000002 0 -95.99988 ] 0 1.059713 1
( 3040 1920 64 ) ( 3104 1920 64 ) ( 3104 1792 64 ) trim_band_teal [ -1 0 -1.3183898417423736e-15 211.09497 ] [ 0 1.0000000000000002 0 -95.99988 ] 0 1.059713 1
( 3104 1920 0 ) ( 3104 1920 64 ) ( 3040 1920 64 ) trim_band_teal [ -0.9999999999999998 -1.3183898417423734e-15 0 211.09497 ] [ 0 0 -1 -160 ] 0 1.059713 1
( 3104 1792 64 ) ( 3104 1920 64 ) ( 3104 1920 0 ) 64_cyan_3 [ 0.12403473458920863 0.9922778767136677 0 23.845459 ] [ 0 0 -1 0 ] 0 1 1
}
// brush 14
{
( 3104 1920 64 ) ( 3104 1792 64 ) ( 3104 1792 0 ) 64_cyan_2 [ -0.12403473458920863 -0.9922778767136677 0 -23.845459 ] [ 0 0 -1 0 ] 0 1 1
( 3104 1792 0 ) ( 3168 1904 0 ) ( 3104 1920 0 ) trim_band_teal [ -0.970142500145332 0.242535625036333 -1.2906342661267445e-15 196.2107 ] [ 0.242535625036333 0.970142500145332 -5.551115123125783e-17 -359.97095 ] 0 1.059713 0.97015345
( 3104 1920 64 ) ( 3168 1904 64 ) ( 3104 1792 64 ) trim_band_teal [ -0.970142500145332 0.242535625036333 -1.2906342661267445e-15 196.2107 ] [ 0.242535625036333 0.970142500145332 -5.551115123125783e-17 -359.97095 ] 0 1.059713 0.97015345
( 3168 1904 0 ) ( 3168 1904 64 ) ( 3104 1920 64 ) trim_band_teal [ -0.970142500145332 0.2425356250363317 0 196.2107 ] [ 0 0 -1 -160 ] 0 1.059713 1
( 3104 1792 64 ) ( 3168 1904 64 ) ( 3168 1904 0 ) 64_cyan_2 [ 0.37139067635410394 0.9284766908852594 0 21.836182 ] [ 0 0 -1 0 ] 0 1 1
}
// brush 15
{
( 3168 1904 0 ) ( 3168 1904 64 ) ( 3104 1792 64 ) 64_cyan_1 [ -0.37139067635410394 -0.9284766908852594 0 -21.836182 ] [ 0 0 -1 0 ] 0 1 1
( 3168 1760 0 ) ( 3104 1792 0 ) ( 3104 1792 64 ) trim_band_teal [ -0.8944271909999163 0.44721359549995776 0 297.4978 ] [ 0 0 -1 -160 ] 0 1.078689 1
( 3168 1760 0 ) ( 3232 1872 0 ) ( 3168 1904 0 ) trim_band_teal [ -0.894427190999916 0.44721359549995804 -1.0824674490095276e-15 114.11304 ] [ 0.44721359549995804 0.8944271909999161 5.551115123125783e-17 -252.44507 ] 0 1.059713 1.0062304
( 3168 1904 64 ) ( 3232 1872 64 ) ( 3168 1760 64 ) trim_band_teal [ -0.894427190999916 0.44721359549995804 -1.0824674490095276e-15 114.11304 ] [ 0.44721359549995804 0.8944271909999161 5.551115123125783e-17 -252.44507 ] 0 1.059713 1.0062304
( 3232 1872 0 ) ( 3232 1872 64 ) ( 3168 1904 64 ) trim_band_teal [ -0.8944271909999162 0.4472135954999569 0 114.11304 ] [ 0 0 -1 -160 ] 0 1.059713 1
( 3168 1760 64 ) ( 3232 1872 64 ) ( 3232 1872 0 ) 64_cyan_1 [ 0.6097107608496924 0.7926239891046001 0 -56.266846 ] [ 0 0 -1 0 ] 0 1 1
}
// brush 16
{
( 3232 1872 64 ) ( 3168 1760 64 ) ( 3168 1760 0 ) 64_cyan_3 [ -0.6097107608496924 -0.7926239891046001 0 56.266846 ] [ 0 0 -1 0 ] 0 1 1
( 3168 1760 0 ) ( 3280 1824 0 ) ( 3232 1872 0 ) trim_band_teal [ -0.7071067811865475 0.7071067811865476 -1.0824674490095276e-15 107.70239 ] [ 0.7071067811865477 0.7071067811865477 1.1102230246251565e-16 -352.00317 ] 0 1.059713 0.97227097
( 3232 1872 64 ) ( 3280 1824 64 ) ( 3168 1760 64 ) trim_band_teal [ -0.7071067811865475 0.7071067811865476 -1.0824674490095276e-15 107.70239 ] [ 0.7071067811865477 0.7071067811865477 1.1102230246251565e-16 -352.00317 ] 0 1.059713 0.97227097
( 3168 1760 64 ) ( 3280 1824 64 ) ( 3280 1824 0 ) 64_cyan_3 [ 0.7926239891046001 0.6097107608496924 0 -4.744873 ] [ 0 0 -1 0 ] 0 1 1
( 3280 1824 0 ) ( 3280 1824 64 ) ( 3232 1872 64 ) trim_band_teal [ -0.7071067811865481 0.7071067811865466 0 107.70239 ] [ 0 0 -1 -160 ] 0 1.059713 1
}
// brush 17
{
( 3200 1696 0 ) ( 3168 1760 0 ) ( 3168 1760 64 ) trim_band_teal [ -0.44721359549995826 0.8944271909999161 0 302.39877 ] [ 0 0 -1 -160 ] 0 1.078689 1
( 3280 1824 0 ) ( 3280 1824 64 ) ( 3168 1760 64 ) 64_cyan_2 [ -0.7926239891046001 -0.6097107608496924 0 4.744873 ] [ 0 0 -1 0 ] 0 1 1
( 3200 1696 0 ) ( 3312 1760 0 ) ( 3280 1824 0 ) trim_band_teal [ -0.447213595499958 0.894427190999916 -9.43689570931383e-16 4.8671265 ] [ 0.8944271909999161 0.44721359549995804 5.551115123125783e-17 -366.22314 ] 0 1.059713 1.0062304
( 3280 1824 64 ) ( 3312 1760 64 ) ( 3200 1696 64 ) trim_band_teal [ -0.447213595499958 0.894427190999916 -9.43689570931383e-16 4.8671265 ] [ 0.8944271909999161 0.44721359549995804 5.551115123125783e-17 -366.22314 ] 0 1.059713 1.0062304
( 3200 1696 64 ) ( 3312 1760 64 ) ( 3312 1760 0 ) 64_cyan_2 [ 0.9284766908852594 0.3713906763541036 0 -22.00586 ] [ 0 0 -1 0 ] 0 1 1
( 3312 1760 0 ) ( 3312 1760 64 ) ( 3280 1824 64 ) trim_band_teal [ -0.4472135954999587 0.8944271909999153 0 4.8671265 ] [ 0 0 -1 -160 ] 0 1.059713 1
}
// brush 18
{
( 3312 1760 64 ) ( 3200 1696 64 ) ( 3200 1696 0 ) 64_cyan_1 [ -0.9284766908852594 -0.3713906763541036 0 22.00586 ] [ 0 0 -1 0 ] 0 1 1
( 3200 1696 64 ) ( 3328 1696 64 ) ( 3328 1696 0 ) 64_cyan_1 [ 0.9922778767136677 0.1240347345892083 0 -2.9655762 ] [ 0 0 -1 0 ] 0 1 1
( 3200 1696 0 ) ( 3328 1696 0 ) ( 3312 1760 0 ) trim_band_teal [ -0.24253562503633297 0.9701425001453319 -7.771561172376096e-16 263.4217 ] [ 0.970142500145332 0.242535625036333 -5.898059818321144e-17 -392.0005 ] 0 1.059713 0.97014236
( 3312 1760 64 ) ( 3328 1696 64 ) ( 3200 1696 64 ) trim_band_teal [ -0.24253562503633297 0.9701425001453319 -7.771561172376096e-16 263.4217 ] [ 0.970142500145332 0.242535625036333 -5.898059818321144e-17 -392.0005 ] 0 1.059713 0.97014236
( 3328 1696 0 ) ( 3328 1696 64 ) ( 3312 1760 64 ) trim_band_teal [ -0.2425356250363337 0.9701425001453315 0 263.42175 ] [ 0 0 -1 -160 ] 0 1.059713 1
}
// brush 19
{
( 3200 1696 64 ) ( 3200 1632 64 ) ( 3200 1632 0 ) trim_band_teal [ -1.6653345369377348e-16 1.0000000000000002 0 345.7212 ] [ 0 0 -1 -160 ] 0 1.078689 1
( 3200 1632 64 ) ( 3328 1632 64 ) ( 3328 1632 0 ) 64_cyan_3 [ 0.9922778767136677 -0.12403473458920858 0 -17.853027 ] [ 0 0 -1 0 ] 0 1 1
( 3328 1632 0 ) ( 3328 1696 0 ) ( 3200 1696 0 ) trim_band_teal [ 0 1 -6.938893903907229e-16 477.96033 ] [ 1.0000000000000002 0 0 -480 ] 0 1.059713 1
( 3200 1696 64 ) ( 3328 1696 64 ) ( 3328 1632 64 ) trim_band_teal [ 0 1 -6.938893903907229e-16 477.96033 ] [ 1.0000000000000002 0 0 -480 ] 0 1.059713 1
( 3328 1696 0 ) ( 3328 1696 64 ) ( 3200 1696 64 ) 64_cyan_3 [ -0.9922778767136677 -0.1240347345892083 0 2.9655762 ] [ 0 0 -1 0 ] 0 1 1
( 3328 1632 64 ) ( 3328 1696 64 ) ( 3328 1696 0 ) trim_band_teal [ -6.938893903907228e-16 0.9999999999999999 0 477.96033 ] [ 0 0 -1 -160 ] 0 1.059713 1
}
// brush 20
{
( 3312 1568 0 ) ( 3200 1632 0 ) ( 3200 1632 64 ) 64_cyan_2 [ 0.9284766908852594 -0.3713906763541039 0 -38.55298 ] [ 0 0 -1 0 ] 0 1 1
( 3312 1568 0 ) ( 3328 1632 0 ) ( 3200 1632 0 ) trim_band_teal [ 0.242535625036333 0.970142500145332 -6.38378239159465e-16 274.26562 ] [ 0.970142500145332 -0.242535625036333 -5.898059818321144e-17 -72.00586 ] 0 1.059713 0.9701405
( 3200 1632 64 ) ( 3328 1632 64 ) ( 3312 1568 64 ) trim_band_teal [ 0.242535625036333 0.970142500145332 -6.38378239159465e-16 274.26562 ] [ 0.970142500145332 -0.242535625036333 -5.898059818321144e-17 -72.00586 ] 0 1.059713 0.9701405
( 3328 1632 0 ) ( 3328 1632 64 ) ( 3200 1632 64 ) 64_cyan_2 [ -0.9922778767136677 0.12403473458920858 0 17.853027 ] [ 0 0 -1 0 ] 0 1 1
( 3312 1568 64 ) ( 3328 1632 64 ) ( 3328 1632 0 ) trim_band_teal [ 0.24253562503633236 0.970142500145332 0 274.26562 ] [ 0 0 -1 -160 ] 0 1.059713 1
}
// brush 21
{
( 3200 1632 64 ) ( 3168 1568 64 ) ( 3168 1568 0 ) trim_band_teal [ 0.44721359549995787 0.8944271909999161 0 202.75952 ] [ 0 0 -1 -160 ] 0 1.078689 1
( 3168 1568 64 ) ( 3280 1504 64 ) ( 3280 1504 0 ) 64_cyan_1 [ 0.7926239891046001 -0.6097107608496924 0 -12.691528 ] [ 0 0 -1 0 ] 0 1 1
( 3280 1504 0 ) ( 3312 1568 0 ) ( 3200 1632 0 ) trim_band_teal [ 0.44721359549995804 0.8944271909999162 -4.440892098500626e-16 258.60205 ] [ 0.8944271909999161 -0.44721359549995804 5.551115123125783e-17 -423.1117 ] 0 1.059713 1.0062304
( 3200 1632 64 ) ( 3312 1568 64 ) ( 3280 1504 64 ) trim_band_teal [ 0.44721359549995804 0.8944271909999162 -4.440892098500626e-16 258.60205 ] [ 0.8944271909999161 -0.44721359549995804 5.551115123125783e-17 -423.1117 ] 0 1.059713 1.0062304
( 3312 1568 0 ) ( 3312 1568 64 ) ( 3200 1632 64 ) 64_cyan_1 [ -0.9284766908852594 0.3713906763541039 0 38.55298 ] [ 0 0 -1 0 ] 0 1 1
( 3280 1504 64 ) ( 3312 1568 64 ) ( 3312 1568 0 ) trim_band_teal [ 0.44721359549995754 0.8944271909999161 0 258.60205 ] [ 0 0 -1 -160 ] 0 1.059713 1
}
// brush 22
{
( 3232 1456 0 ) ( 3168 1568 0 ) ( 3168 1568 64 ) 64_cyan_3 [ 0.6097107608496924 -0.7926239891046001 0 -53.350037 ] [ 0 0 -1 0 ] 0 1 1
( 3232 1456 0 ) ( 3280 1504 0 ) ( 3168 1568 0 ) trim_band_teal [ 0.7071067811865477 0.7071067811865478 -3.885780586188048e-16 -279.9585 ] [ 0.7071067811865477 -0.7071067811865477 1.1102230246251565e-16 -491.63684 ] 0 1.059713 0.97227144
( 3168 1568 64 ) ( 3280 1504 64 ) ( 3232 1456 64 ) trim_band_teal [ 0.7071067811865477 0.7071067811865478 -3.885780586188048e-16 -279.9585 ] [ 0.7071067811865477 -0.7071067811865477 1.1102230246251565e-16 -491.63684 ] 0 1.059713 0.97227144
( 3280 1504 0 ) ( 3280 1504 64 ) ( 3168 1568 64 ) 64_cyan_3 [ -0.7926239891046001 0.6097107608496924 0 12.691528 ] [ 0 0 -1 0 ] 0 1 1
( 3232 1456 64 ) ( 3280 1504 64 ) ( 3280 1504 0 ) trim_band_teal [ 0.7071067811865472 0.7071067811865478 0 -279.9585 ] [ 0 0 -1 -160 ] 0 1.059713 1
}
// brush 23
{
( 3168 1424 0 ) ( 3104 1536 0 ) ( 3104 1536 64 ) 64_cyan_2 [ 0.37139067635410367 -0.9284766908852594 0 -51.65822 ] [ 0 0 -1 0 ] 0 1 1
( 3168 1568 0 ) ( 3168 1568 64 ) ( 3104 1536 64 ) trim_band_teal [ 0.894427190999916 0.447213595499958 0 51.415527 ] [ 0 0 -1 -160 ] 0 1.078689 1
( 3168 1424 0 ) ( 3232 1456 0 ) ( 3168 1568 0 ) trim_band_teal [ 0.894427190999916 0.447213595499958 -2.498001805406602e-16 -494.1819 ] [ 0.44721359549995804 -0.8944271909999161 5.551115123125783e-17 -366.2223 ] 0 1.059713 1.0062307
( 3168 1568 64 ) ( 3232 1456 64 ) ( 3168 1424 64 ) trim_band_teal [ 0.894427190999916 0.447213595499958 -2.498001805406602e-16 -494.1819 ] [ 0.44721359549995804 -0.8944271909999161 5.551115123125783e-17 -366.2223 ] 0 1.059713 1.0062307
( 3168 1424 64 ) ( 3232 1456 64 ) ( 3232 1456 0 ) trim_band_teal [ 0.8944271909999157 0.44721359549995815 0 -494.1819 ] [ 0 0 -1 -160 ] 0 1.059713 1
( 3232 1456 0 ) ( 3232 1456 64 ) ( 3168 1568 64 ) 64_cyan_2 [ -0.6097107608496924 0.7926239891046001 0 53.350037 ] [ 0 0 -1 0 ] 0 1 1
}
}
