// entity 0
{
"classname" "func_group"
"_tb_type" "_tb_group"
"_tb_name" "LIGHT_1"
"_tb_id" "578"
"_tb_linked_group_id" "{e3ccd893-aa58-4d28-bf88-e75e2891ce4b}"
"_tb_transformation" "1 0 0 3904 0 1 0 1040 0 0 1 -976 0 0 0 1"
}
// entity 1
{
"classname" "func_detail_wall"
"_minlight" "100"
"_shadow" "-1"
"_phong" "1"
"_tb_group" "578"
// brush 0
{
( 4418 -1730 -950 ) ( 4418 -1734 -946 ) ( 4418 -1754 -946 ) skip [ 0 1 0 -16 ] [ 0 0 -1 -16 ] 0 1 1
( 4418 -1758 -954 ) ( 4422 -1754 -954 ) ( 4418 -1754 -958 ) ind_light_brn [ 0 1 0 -191.99988 ] [ 0 0 -1 -32 ] 0 1 1
( 4418 -1754 -946 ) ( 4422 -1754 -950 ) ( 4418 -1758 -950 ) ind_light_brn [ 0 1 0 -191.99988 ] [ 0 0 -1 -32 ] 0 1 1
( 4418 -1734 -958 ) ( 4422 -1734 -954 ) ( 4418 -1730 -954 ) ind_light_brn [ 0 1 0 -192.00012 ] [ 0 0 -1 -32 ] 0 1 1
( 4418 -1730 -950 ) ( 4422 -1734 -950 ) ( 4418 -1734 -946 ) ind_light_brn [ 0 1 0 -192.00012 ] [ 0 0 -1 -32 ] 0 1 1
( 4418 -1758 -950 ) ( 4422 -1754 -950 ) ( 4422 -1754 -954 ) ind_light_brn [ 0 1 0 -192 ] [ 0 0 -1 -32 ] 0 1 1
( 4422 -1754 -954 ) ( 4422 -1734 -954 ) ( 4418 -1734 -958 ) ind_light_brn [ 0 1 0 -192 ] [ 0 0 -1 -32 ] 0 1 1
( 4418 -1734 -946 ) ( 4422 -1734 -950 ) ( 4422 -1754 -950 ) ind_light_brn [ 0 1 0 -192 ] [ 0 0 -1 -32 ] 0 1 1
( 4422 -1734 -954 ) ( 4422 -1734 -950 ) ( 4418 -1730 -950 ) ind_light_brn [ 0 1 0 -192 ] [ 0 0 -1 -32 ] 0 1 1
( 4422 -1754 -950 ) ( 4422 -1734 -950 ) ( 4422 -1734 -954 ) ind_light_brn [ 0 1 0 -192 ] [ 0 0 -1 -32 ] 0 1 1
}
// brush 1
{
( 4416 -1760 -960 ) ( 4416 -1759 -960 ) ( 4416 -1760 -959 ) skip [ 0 -1 0 32 ] [ 0 0 -1 -16 ] 0 1 1
( 4416 -1760 -960 ) ( 4416 -1760 -959 ) ( 4417 -1760 -960 ) ind_light_brn [ 0 -2.220446049250313e-16 1.0000000000000004 194.92896 ] [ 1.0000000000000002 0 0 -44 ] 0 1 1
( 4418 -1760.5 -954.5 ) ( 4546 -1758.5 -956.5 ) ( 4418 -1758.5 -956.5 ) ind_light_brn [ 0 -0.7071067811865481 0.7071067811865477 206.70813 ] [ 1.0000000000000002 0 0 -44 ] 0 1 1
( 4418 -1756.5 -945.5000000000001 ) ( 4418 -1754.5 -943.5000000000001 ) ( 4546 -1754.5 -943.5000000000001 ) ind_light_brn [ 0 0.7071067811865477 0.7071067811865478 137.4812 ] [ 1.0000000000000002 0 0 -44 ] 0 1 1
( 4416 -1760 -960 ) ( 4417 -1760 -960 ) ( 4416 -1759 -960 ) ind_light_brn [ 0 -1.0000000000000007 -4.440892098500626e-16 37.85791 ] [ 1.0000000000000002 0 0 -44 ] 0 1 1
( 4432 -1728 -944 ) ( 4432 -1727 -944 ) ( 4433 -1728 -944 ) ind_light_brn [ 0 1.0000000000000002 0 -16 ] [ 1.0000000000000002 0 0 -44 ] 0 1 1
( 4418 -1731.5 -958.5 ) ( 4546 -1729.5 -956.5 ) ( 4418 -1729.5 -956.5 ) ind_light_brn [ 0 -0.7071067811865481 -0.7071067811865477 -49.09619 ] [ 1.0000000000000002 0 0 -44 ] 0 1 1
( 4418 -1729.5 -947.5 ) ( 4418 -1727.5 -949.5 ) ( 4546 -1727.5 -949.5 ) ind_light_brn [ 0 0.7071067811865477 -0.7071067811865478 -167.09265 ] [ 1.0000000000000002 0 0 -44 ] 0 1 1
( 4432 -1728 -944 ) ( 4433 -1728 -944 ) ( 4432 -1728 -943 ) ind_light_brn [ 0 -2.220446049250313e-16 -1.0000000000000004 -130.92883 ] [ 1.0000000000000002 0 0 -44 ] 0 1 1
( 4418 -1728 -944 ) ( 4418 -1728 -943 ) ( 4418 -1727 -944 ) ind_light_brn [ 0 1 0 -192 ] [ 0 0 -1 -48 ] 0 1 1
}
}
// entity 2
{
"classname" "light"
"origin" "4434 -1744 -952"
"_color" "1 0.964706 0.764706"
"delay" "2"
"light" "100"
"wait" "1.6"
"_tb_group" "578"
}
