// entity 0
{
"classname" "func_group"
"_tb_type" "_tb_group"
"_tb_name" "Unnamed"
"_tb_id" "823"
"_tb_linked_group_id" "{0e86eb17-6378-4aec-b4d7-fc29610278c9}"
"_tb_transformation" "1 0 0 0 0 1 0 64 0 0 1 0 0 0 0 1"
}
// entity 1
{
"classname" "func_detail_illusionary"
"_phong" "1"
"_minlight" "150"
"_minlight_color" "1 0.964706 0.772549"
"_dirt" "-1"
"_shadow" "-1"
"_tb_group" "823"
// brush 0
{
( 4336 -1744 -956 ) ( 4352 -1748 -952 ) ( 4352 -1748 -960 ) ind_light_brn [ -1.8369701987210297e-16 0 1 96.62036 ] [ 0.9701425001453319 -0.24253562503633297 1.7821228612796871e-16 9.102051 ] 174.79047 1 1
( 4336 -1744 -956 ) ( 4352 -1740 -952 ) ( 4352 -1748 -952 ) ind_light_brn [ 0 1 0 128 ] [ 0.9411764705882368 0 0.2352941176470525 0 ] 0 1 1
( 4352 -1740 -960 ) ( 4352 -1740 -952 ) ( 4336 -1744 -956 ) ind_light_brn [ 1.8369701987210297e-16 0 -1 -129.89172 ] [ 0.9701425001453319 0.24253562503633297 1.7821228612796866e-16 -72.56641 ] 5.2095337 1 1
( 4336 -1744 -960 ) ( 4352 -1748 -960 ) ( 4352 -1740 -960 ) skip [ 0 -1 0 0 ] [ 1 0 1.8369701987210297e-16 0 ] 0 1 1
( 4352 -1748 -952 ) ( 4352 -1740 -952 ) ( 4352 -1740 -960 ) ind_light_brn [ 1.6653346172342556e-16 -0.9999999999999992 -4.3711390118605926e-08 -45.888184 ] [ -1.8369700829157425e-16 -4.371139011860592e-08 0.9999999999999992 39.99994 ] 270 1 1
}
// brush 1
{
( 4348 -1732 -960 ) ( 4348 -1732 -952 ) ( 4336 -1744 -956 ) ind_light_brn [ -1.8369701987210297e-16 0 1 254.10828 ] [ -0.7071067811865476 -0.7071067811865476 -1.29893408435324e-16 108.553345 ] 58.413635 1 1
( 4336 -1744 -956 ) ( 4348 -1732 -952 ) ( 4352 -1740 -952 ) ind_light_brn [ -0.02325581395348572 0.9883720930232571 0.10465116279068566 52.604614 ] [ 0.9534883720930241 -0.023255813953487997 0.20930232558139217 -118.791016 ] 37.619995 1 1
( 4352 -1740 -960 ) ( 4348 -1732 -960 ) ( 4336 -1744 -960 ) skip [ 0 -1 0 0 ] [ 1 0 1.8369701987210297e-16 0 ] 0 1 1
( 4336 -1744 -956 ) ( 4352 -1740 -952 ) ( 4352 -1740 -960 ) ind_light_brn [ -1.8369701987210297e-16 0 1 9.046753 ] [ 0.9701425001453319 0.24253562503633297 1.7821228612796866e-16 -72.56665 ] 174.79047 1 1
( 4352 -1740 -952 ) ( 4348 -1732 -952 ) ( 4348 -1732 -960 ) ind_light_brn [ 0.4472135954999578 -0.8944271909999151 -4.3711390036454126e-08 -16.465088 ] [ 1.9548327755546086e-08 -3.9096655878486174e-08 0.9999999999999992 39.999756 ] 125.43091 1 1
}
// brush 2
{
( 4340 -1728 -960 ) ( 4340 -1728 -952 ) ( 4336 -1744 -956 ) ind_light_brn [ -1.8369701987210297e-16 0 1 61.687134 ] [ -0.24253562503633297 -0.9701425001453319 -4.455307153199218e-17 29.269775 ] 188.20184 1 1
( 4336 -1744 -956 ) ( 4340 -1728 -952 ) ( 4348 -1732 -952 ) ind_light_brn [ -0.02325581395348581 0.9534883720930284 0.20930232558137196 91.81409 ] [ 0.9883720930232555 -0.023255813953488833 0.10465116279069991 -114.09277 ] 73.70212 1 1
( 4348 -1732 -960 ) ( 4340 -1728 -960 ) ( 4336 -1744 -960 ) skip [ 0 -1 0 0 ] [ 1 0 1.8369701987210297e-16 0 ] 0 1 1
( 4348 -1732 -952 ) ( 4340 -1728 -952 ) ( 4340 -1728 -960 ) ind_light_brn [ 0.8944271909999154 -0.4472135954999572 -4.3711389954302326e-08 -162.37598 ] [ 3.909665569478916e-08 -1.954832793924307e-08 0.9999999999999992 39.999756 ] 19.138123 1 1
( 4336 -1744 -956 ) ( 4348 -1732 -952 ) ( 4348 -1732 -960 ) ind_light_brn [ 1.8369701987210297e-16 0 -1 -161.06616 ] [ -0.7071067811865476 -0.7071067811865476 -1.29893408435324e-16 108.5531 ] 121.586334 1 1
}
// brush 3
{
( 4336 -1744 -956 ) ( 4340 -1760 -952 ) ( 4340 -1760 -960 ) ind_light_brn [ -0.11764705882358494 0.4705882352941039 2 -15.068359 ] [ 0.24253562503633297 -0.9701425001453319 4.455307153199218e-17 -6.5961914 ] 351.79816 1 1
( 4336 -1744 -956 ) ( 4348 -1756 -952 ) ( 4340 -1760 -952 ) ind_light_brn [ 0.02325581534827694 0.9534883693034462 -0.20930233813449173 1.9530029 ] [ 0.98837209232586 0.02325581534827996 0.10465116906725981 -32.97705 ] 286.2979 1 1
( 4348 -1756 -960 ) ( 4336 -1744 -960 ) ( 4340 -1760 -960 ) skip [ 0 -1 0 0 ] [ 1 0 1.8369701987210297e-16 0 ] 0 1 1
( 4340 -1760 -952 ) ( 4348 -1756 -952 ) ( 4348 -1756 -960 ) ind_light_brn [ -0.8944271909999152 -0.44721359549995765 -4.3711390282909526e-08 206.71802 ] [ -3.90966560621832e-08 -1.954832793924309e-08 0.9999999999999992 40.000122 ] 160.86194 1 1
( 4336 -1744 -956 ) ( 4336 -1744 -960 ) ( 4348 -1756 -960 ) ind_light_brn [ 1.8369701987210297e-16 0 -1 -169.88538 ] [ 0.7071067811865476 -0.7071067811865476 1.2989340843532398e-16 -78.9082 ] 58.413635 1 1
}
// brush 4
{
( 4336 -1744 -956 ) ( 4348 -1756 -952 ) ( 4348 -1756 -960 ) ind_light_brn [ -1.8369701987210297e-16 0 1 96.62036 ] [ 0.7071067811865476 -0.7071067811865476 1.2989340843532398e-16 -78.9082 ] 121.586334 1 1
( 4336 -1744 -956 ) ( 4352 -1748 -952 ) ( 4348 -1756 -952 ) ind_light_brn [ 0.02325581395348572 0.9883720930232571 -0.10465116279068566 162.8374 ] [ 0.9534883720930241 0.023255813953487997 0.20930232558139217 -37.67456 ] 322.37988 1 1
( 4352 -1748 -960 ) ( 4336 -1744 -960 ) ( 4348 -1756 -960 ) skip [ 0 -1 0 0 ] [ 1 0 1.8369701987210297e-16 0 ] 0 1 1
( 4352 -1748 -960 ) ( 4352 -1748 -952 ) ( 4336 -1744 -956 ) ind_light_brn [ 1.8369701987210297e-16 0 -1 -129.89172 ] [ 0.9701425001453319 -0.24253562503633297 1.7821228612796871e-16 9.102539 ] 5.2095337 1 1
( 4348 -1756 -952 ) ( 4352 -1748 -952 ) ( 4352 -1748 -960 ) ind_light_brn [ -0.44721359549995743 -0.8944271909999152 -4.3711390200757726e-08 36.926178 ] [ -1.9548328122940095e-08 -3.909665587848618e-08 0.9999999999999992 40 ] 54.56909 1 1
}
// brush 5
{
( 4332 -1728 -960 ) ( 4332 -1728 -952 ) ( 4336 -1744 -956 ) ind_light_brn [ -1.8369701987210297e-16 0 1 18.730347 ] [ 0.24253562503633297 -0.9701425001453319 4.455307153199218e-17 -6.5959473 ] 351.79816 1 1
( 4336 -1744 -956 ) ( 4332 -1728 -952 ) ( 4340 -1728 -952 ) ind_light_brn [ -4.322282820521977e-17 0.9411764705882093 0.23529411764716263 -5.6470947 ] [ 1 0 1.8369701987210297e-16 -96 ] 81.79813 1 1
( 4340 -1728 -960 ) ( 4332 -1728 -960 ) ( 4336 -1744 -960 ) skip [ 0 -1 0 0 ] [ 1 0 1.8369701987210297e-16 0 ] 0 1 1
( 4340 -1728 -952 ) ( 4332 -1728 -952 ) ( 4332 -1728 -960 ) ind_light_brn [ 0.9999999999999993 -4.996003610813204e-16 -4.37113899349089e-08 -0.22363281 ] [ 4.37113899349089e-08 -2.150669592637872e-23 0.9999999999999992 39.999756 ] 0 1 1
( 4336 -1744 -956 ) ( 4340 -1728 -952 ) ( 4340 -1728 -960 ) ind_light_brn [ 1.8369701987210297e-16 0 -1 -161.06616 ] [ -0.24253562503633297 -0.9701425001453319 -4.455307153199218e-17 29.269775 ] 351.79816 1 1
}
// brush 6
{
( 4336 -1744 -956 ) ( 4332 -1760 -952 ) ( 4332 -1760 -960 ) ind_light_brn [ -1.8369701987210297e-16 0 1 254.10828 ] [ -0.24253562503633297 -0.9701425001453319 -4.455307153199218e-17 29.269775 ] 188.20184 1 1
( 4332 -1760 -960 ) ( 4332 -1760 -952 ) ( 4340 -1760 -952 ) ind_light_brn [ -0.9999999999999992 0 -4.371139030230295e-08 172 ] [ -4.371139030230295e-08 0 0.9999999999999992 40.000244 ] 180 1 1
( 4332 -1760 -960 ) ( 4340 -1760 -960 ) ( 4336 -1744 -960 ) skip [ 0 -1 0 0 ] [ 1 0 1.8369701987210297e-16 0 ] 0 1 1
( 4340 -1760 -952 ) ( 4332 -1760 -952 ) ( 4336 -1744 -956 ) ind_light_brn [ 4.322282820521977e-17 0.9411764705882093 -0.23529411764716263 56.470703 ] [ 1 0 1.8369701987210297e-16 -96 ] 278.20184 1 1
( 4340 -1760 -960 ) ( 4340 -1760 -952 ) ( 4336 -1744 -956 ) ind_light_brn [ -0.03921568627452806 0.15686274509803463 -0.6666666666666666 81.72249 ] [ 0.24253562503633297 -0.9701425001453319 4.455307153199218e-17 -6.5961914 ] 188.20184 1 1
}
// brush 7
{
( 4320 -1740 -952 ) ( 4320 -1740 -960 ) ( 4324 -1732 -960 ) ind_light_brn [ 0.4472135954999578 0.8944271909999151 -4.3711390036454126e-08 98.22827 ] [ 1.9548327755546086e-08 3.9096655878486174e-08 0.9999999999999992 40 ] 125.43091 1 1
( 4320 -1740 -960 ) ( 4320 -1740 -952 ) ( 4336 -1744 -956 ) ind_light_brn [ -1.8369701987210297e-16 0 1 222.93384 ] [ 0.9701425001453319 -0.24253562503633297 1.7821228612796871e-16 9.102051 ] 174.79047 1 1
( 4320 -1740 -960 ) ( 4336 -1744 -960 ) ( 4324 -1732 -960 ) skip [ 0 -1 0 0 ] [ 1 0 1.8369701987210297e-16 0 ] 0 1 1
( 4320 -1740 -952 ) ( 4324 -1732 -952 ) ( 4336 -1744 -956 ) ind_light_brn [ 0.02325581395348566 0.9883720930232571 0.10465116279068558 106.9303 ] [ 0.9534883720930232 0.02325581395348836 -0.20930232558139508 -53.86084 ] 36.234985 1 1
( 4336 -1744 -956 ) ( 4324 -1732 -952 ) ( 4324 -1732 -960 ) ind_light_brn [ 1.8369701987210297e-16 0 -1 -13.241699 ] [ 0.7071067811865476 -0.7071067811865476 1.2989340843532398e-16 -78.9082 ] 58.413635 1 1
}
// brush 8
{
( 4324 -1732 -960 ) ( 4324 -1732 -952 ) ( 4336 -1744 -956 ) ind_light_brn [ -1.8369701987210297e-16 0 1 18.730347 ] [ 0.7071067811865476 -0.7071067811865476 1.2989340843532398e-16 -78.9082 ] 121.586334 1 1
( 4332 -1728 -960 ) ( 4332 -1728 -952 ) ( 4324 -1732 -952 ) ind_light_brn [ 0.8944271909999154 0.4472135954999572 -4.3711389954302326e-08 -50.097168 ] [ 3.909665569478916e-08 1.954832793924307e-08 0.9999999999999992 39.999878 ] 19.138123 1 1
( 4324 -1732 -960 ) ( 4336 -1744 -960 ) ( 4332 -1728 -960 ) skip [ 0 -1 0 0 ] [ 1 0 1.8369701987210297e-16 0 ] 0 1 1
( 4324 -1732 -952 ) ( 4332 -1728 -952 ) ( 4336 -1744 -956 ) ind_light_brn [ 0.02325581534827687 0.9534883693034462 0.20930233813449178 146.13928 ] [ 0.9883720923258604 0.023255815348279207 -0.10465116906725608 -105.069824 ] 72.341736 1 1
( 4336 -1744 -956 ) ( 4332 -1728 -952 ) ( 4332 -1728 -960 ) ind_light_brn [ 1.8369701987210297e-16 0 -1 -161.06616 ] [ 0.24253562503633297 -0.9701425001453319 4.455307153199218e-17 -6.5964355 ] 188.20184 1 1
}
// brush 9
{
( 4336 -1744 -956 ) ( 4324 -1756 -952 ) ( 4324 -1756 -960 ) ind_light_brn [ -1.8369701987210297e-16 0 1 254.10828 ] [ -0.7071067811865476 -0.7071067811865476 -1.29893408435324e-16 108.553345 ] 58.413635 1 1
( 4332 -1760 -952 ) ( 4332 -1760 -960 ) ( 4324 -1756 -960 ) ind_light_brn [ -0.8944271909999152 0.44721359549995765 -4.3711390282909526e-08 -10.245605 ] [ -3.90966560621832e-08 1.954832793924309e-08 0.9999999999999992 40.000244 ] 160.86194 1 1
( 4324 -1756 -960 ) ( 4332 -1760 -960 ) ( 4336 -1744 -960 ) skip [ 0 -1 0 0 ] [ 1 0 1.8369701987210297e-16 0 ] 0 1 1
( 4332 -1760 -952 ) ( 4324 -1756 -952 ) ( 4336 -1744 -956 ) ind_light_brn [ -0.02325581534827687 0.9534883693034462 -0.20930233813449178 -52.37195 ] [ 0.9883720923258604 -0.023255815348279207 -0.10465116906725608 -58.186035 ] 287.65826 1 1
( 4336 -1744 -956 ) ( 4336 -1744 -960 ) ( 4332 -1760 -960 ) ind_light_brn [ 1.8369701987210297e-16 0 -1 -161.06616 ] [ -0.24253562503633297 -0.9701425001453319 -4.455307153199218e-17 29.269775 ] 351.79816 1 1
}
// brush 10
{
( 4320 -1748 -960 ) ( 4320 -1748 -952 ) ( 4324 -1756 -952 ) ind_light_brn [ -0.44721359549995743 0.8944271909999152 -4.3711390200757726e-08 121.309326 ] [ -1.9548328122940095e-08 3.909665587848618e-08 0.9999999999999992 40.000244 ] 54.56909 1 1
( 4336 -1744 -956 ) ( 4320 -1748 -952 ) ( 4320 -1748 -960 ) ind_light_brn [ 1.8369701987210297e-16 0 -1 -129.89172 ] [ 0.9701425001453319 0.24253562503633297 1.7821228612796866e-16 -72.56616 ] 5.2095337 1 1
( 4320 -1748 -960 ) ( 4324 -1756 -960 ) ( 4336 -1744 -960 ) skip [ 0 -1 0 0 ] [ 1 0 1.8369701987210297e-16 0 ] 0 1 1
( 4324 -1756 -952 ) ( 4320 -1748 -952 ) ( 4336 -1744 -956 ) ind_light_brn [ -0.02325581395348566 0.9883720930232571 -0.10465116279068558 108.511475 ] [ 0.9534883720930232 -0.02325581395348836 -0.20930232558139508 -6.977051 ] 323.765 1 1
( 4324 -1756 -960 ) ( 4324 -1756 -952 ) ( 4336 -1744 -956 ) ind_light_brn [ 1.8369701987210297e-16 0 -1 -161.06616 ] [ -0.7071067811865476 -0.7071067811865476 -1.29893408435324e-16 108.55322 ] 121.586334 1 1
}
// brush 11
{
( 4320 -1740 -960 ) ( 4320 -1740 -952 ) ( 4320 -1748 -952 ) ind_light_brn [ 1.6653346172342556e-16 0.9999999999999992 -4.3711390118605926e-08 165.88818 ] [ -1.8369700829157425e-16 4.371139011860592e-08 0.9999999999999992 40.00006 ] 270 1 1
( 4336 -1744 -960 ) ( 4320 -1740 -960 ) ( 4320 -1748 -960 ) skip [ 0 -1 0 0 ] [ 1 0 1.8369701987210297e-16 0 ] 0 1 1
( 4336 -1744 -956 ) ( 4336 -1744 -960 ) ( 4320 -1748 -960 ) ind_light_brn [ -1.8369701987210297e-16 0 1 222.93384 ] [ 0.9701425001453319 0.24253562503633297 1.7821228612796866e-16 -72.56641 ] 174.79047 1 1
( 4320 -1748 -952 ) ( 4320 -1740 -952 ) ( 4336 -1744 -956 ) ind_light_brn [ 0 1 0 128 ] [ 0.9411764705882368 0 -0.23529411764705216 -65.882324 ] 0 1 1
( 4336 -1744 -956 ) ( 4320 -1740 -952 ) ( 4320 -1740 -960 ) ind_light_brn [ 1.8369701987210297e-16 0 -1 -13.241699 ] [ 0.9701425001453319 -0.24253562503633297 1.7821228612796871e-16 9.102051 ] 5.2095337 1 1
}
}
// entity 2
{
"classname" "light"
"origin" "4336 -1744 -936"
"_color" "1 0.964706 0.772549"
"delay" "2"
"light" "100"
"wait" "1.2"
"_tb_group" "823"
}
