// entity 0
{
"classname" "func_group"
"_tb_type" "_tb_group"
"_tb_name" "LIGHT LONG"
"_tb_id" "796"
"_tb_linked_group_id" "{98999e4e-044f-4138-81e2-67a332b2680a}"
"_tb_transformation" "1 0 0 5484 0 1 0 32 0 0 1 -1184 0 0 0 1"
}
// entity 1
{
"classname" "func_detail_illusionary"
"_minlight" "135"
"_shadow" "-1"
"_phong" "1"
"_tb_group" "796"
// brush 0
{
( 4416 -1796 -950 ) ( 4416 -1798 -956 ) ( 4416 -1796 -954 ) skip [ 6.123233995736766e-17 1 -3.749399456654644e-33 92 ] [ 6.123233995736766e-17 0 -1 -16 ] 0 1 1
( 4428 -1804 -954 ) ( 4416 -1804 -950 ) ( 4428 -1804 -950 ) ind_light_brn [ -8.742278012046835e-08 5.353101387936285e-24 -0.9999999999999962 -66.99963 ] [ 0.9999999999999962 -6.123233995736743e-17 -8.742278012046835e-08 -48 ] 270 1 1
( 4428 -1802 -956 ) ( 4416 -1804 -954 ) ( 4428 -1804 -954 ) ind_light_brn [ -8.742278009510511e-08 0.7071067811865448 -0.707106781186545 -64.78711 ] [ 0.9999999999999964 6.181724063542914e-08 -6.181724063542915e-08 -48 ] 321.05756 1 1
( 4428 -1802 -948 ) ( 4416 -1804 -950 ) ( 4416 -1802 -948 ) ind_light_brn [ -8.742278018170069e-08 -0.707106781186545 -0.7071067811865448 -40.371582 ] [ 0.9999999999999962 -6.181724075789382e-08 -6.181724063542912e-08 -48 ] 180 1 1
( 4428 -1798 -956 ) ( 4416 -1802 -956 ) ( 4428 -1802 -956 ) ind_light_brn [ -8.742278012046836e-08 0.9999999999999963 -5.3531013958438006e-24 115.00037 ] [ 0.9999999999999963 8.742278012046836e-08 6.123233995736744e-17 -48 ] 270 1 1
( 4428 -1798 -948 ) ( 4416 -1802 -948 ) ( 4416 -1798 -948 ) ind_light_brn [ -8.742278024293304e-08 -0.9999999999999963 -5.353101400670953e-24 -156.99963 ] [ 0.9999999999999963 -8.742278024293304e-08 6.123233995736746e-17 -48 ] 90 1 1
( 4428 -1796 -954 ) ( 4416 -1798 -956 ) ( 4428 -1798 -956 ) ind_light_brn [ -8.742278018170074e-08 0.7071067811865451 0.707106781186545 11.544189 ] [ 0.9999999999999964 6.181724063542918e-08 6.181724075789383e-08 -48 ] 180 1 1
( 4416 -1798 -948 ) ( 4428 -1796 -950 ) ( 4428 -1798 -948 ) ind_light_brn [ -8.74227802682963e-08 -0.7071067811865448 0.707106781186545 15.959534 ] [ 0.9999999999999964 -6.181724075789382e-08 6.181724075789383e-08 -48 ] 38.942444 1 1
( 4428 -1796 -950 ) ( 4416 -1796 -954 ) ( 4428 -1796 -954 ) ind_light_brn [ -8.742278024293307e-08 5.353101400262237e-24 0.9999999999999966 45.000366 ] [ 0.9999999999999966 -6.123233995736745e-17 8.742278024293307e-08 -48 ] 90 1 1
( 4432 -1802 -954 ) ( 4428 -1802 -956 ) ( 4428 -1804 -954 ) ind_light_brn [ -8.742278009510511e-08 0.7071067811865448 -0.707106781186545 -64.78711 ] [ 0.9999999999999964 6.181724063542914e-08 -6.181724063542915e-08 -48.00049 ] 314.76025 1 1
( 4428 -1802 -948 ) ( 4432 -1802 -950 ) ( 4428 -1804 -950 ) ind_light_brn [ -8.742278018170069e-08 -0.707106781186545 -0.7071067811865448 -40.371582 ] [ 0.9999999999999962 -6.181724075789382e-08 -6.181724063542912e-08 -48 ] 180 1 1
( 4428 -1796 -954 ) ( 4428 -1798 -956 ) ( 4432 -1798 -954 ) ind_light_brn [ -8.742278018170074e-08 0.7071067811865451 0.707106781186545 11.544189 ] [ 0.9999999999999964 6.181724063542918e-08 6.181724075789383e-08 -48 ] 180 1 1
( 4428 -1796 -950 ) ( 4432 -1798 -950 ) ( 4428 -1798 -948 ) ind_light_brn [ -8.74227802682963e-08 -0.7071067811865448 0.707106781186545 15.959534 ] [ 0.9999999999999964 -6.181724075789382e-08 6.181724075789383e-08 -48 ] 45.239746 1 1
( 4432 -1802 -950 ) ( 4428 -1804 -954 ) ( 4428 -1804 -950 ) ind_light_brn [ -8.742278012046835e-08 5.353101387936285e-24 -0.9999999999999962 -66.99963 ] [ 0.9999999999999962 -6.123233995736743e-17 -8.742278012046835e-08 -48 ] 263.6206 1 1
( 4432 -1798 -954 ) ( 4428 -1802 -956 ) ( 4432 -1802 -954 ) ind_light_brn [ -8.742278012046836e-08 0.9999999999999963 -5.3531013958438006e-24 115.00037 ] [ 0.9999999999999963 8.742278012046836e-08 6.123233995736744e-17 -48 ] 263.6206 1 1
( 4432 -1802 -950 ) ( 4428 -1798 -948 ) ( 4432 -1798 -950 ) ind_light_brn [ -8.742278024293304e-08 -0.9999999999999963 -5.353101400670953e-24 -156.99963 ] [ 0.9999999999999963 -8.742278024293304e-08 6.123233995736746e-17 -48 ] 96.37935 1 1
( 4428 -1796 -950 ) ( 4432 -1798 -954 ) ( 4432 -1798 -950 ) ind_light_brn [ -8.742278024293307e-08 5.353101400262237e-24 0.9999999999999966 45.000366 ] [ 0.9999999999999966 -6.123233995736745e-17 8.742278024293307e-08 -48 ] 96.37935 1 1
( 4432 -1798 -950 ) ( 4432 -1802 -954 ) ( 4432 -1802 -950 ) ind_light_brn [ 6.123233995736766e-17 1 -3.749399456654644e-33 140 ] [ 6.123233995736766e-17 0 -1 -84 ] 0 1 1
}
// brush 1
{
( 4412 -1792 -948 ) ( 4412 -1796 -960 ) ( 4412 -1792 -956 ) skip [ 6.123233995736766e-17 0.5 2.4135763653845107e-33 88 ] [ 6.123233995736765e-17 0 -0.5 -52 ] 0 1 1
( 4428 -1808 -956 ) ( 4416 -1808 -948 ) ( 4428 -1808 -948 ) ind_light_brn [ -4.371139011860592e-08 6.123233995736764e-17 0.9999999999999992 128.00018 ] [ 0.9999999999999992 2.676550700131118e-24 4.371139011860592e-08 -80 ] 270 1 1
( 4428 -1804 -960 ) ( 4416 -1808 -956 ) ( 4428 -1808 -956 ) ind_light_brn [ -4.371139011860592e-08 -0.707106781186547 0.7071067811865469 105.54529 ] [ 0.9999999999999992 -3.090862036795689e-08 3.090862036795689e-08 -80 ] 270 1 1
( 4428 -1804 -944 ) ( 4416 -1808 -948 ) ( 4416 -1804 -944 ) ind_light_brn [ -4.371139011860592e-08 0.707106781186547 0.7071067811865469 104.78638 ] [ 0.9999999999999992 3.0908620367956896e-08 3.0908620367956876e-08 -80 ] 270 1 1
( 4428 -1796 -960 ) ( 4416 -1804 -960 ) ( 4428 -1804 -960 ) ind_light_brn [ -4.371139011860592e-08 -0.9999999999999992 -5.551115123125782e-17 -77.65662 ] [ 0.9999999999999992 -4.371139011860592e-08 3.308722450212111e-24 -80 ] 270 1 1
( 4428 -1796 -944 ) ( 4416 -1804 -944 ) ( 4416 -1796 -944 ) ind_light_brn [ -4.371139011860592e-08 0.9999999999999992 -5.551115123125781e-17 221.65698 ] [ 0.9999999999999992 4.371139011860591e-08 -9.926167350636332e-24 -80 ] 270 1 1
( 4428 -1792 -956 ) ( 4416 -1796 -960 ) ( 4428 -1796 -960 ) ind_light_brn [ -4.371139011860592e-08 -0.7071067811865469 -0.707106781186547 -230.443 ] [ 0.9999999999999992 -3.090862036795689e-08 -3.090862036795689e-08 -80 ] 270 1 1
( 4416 -1796 -944 ) ( 4428 -1792 -948 ) ( 4428 -1796 -944 ) ind_light_brn [ -4.371139011860592e-08 0.707106781186547 -0.7071067811865469 -2.515442 ] [ 0.9999999999999992 3.090862036795689e-08 -3.0908620367956896e-08 -80 ] 270.00003 1 1
( 4428 -1792 -948 ) ( 4416 -1792 -956 ) ( 4428 -1792 -956 ) ind_light_brn [ -4.371139011860592e-08 5.551115123125783e-17 -0.9999999999999992 -11.313538 ] [ 0.9999999999999992 -3.308722450212111e-24 -4.371139011860592e-08 -80 ] 270 1 1
( 4416 -1792 -948 ) ( 4416 -1792 -956 ) ( 4416 -1796 -960 ) ind_light_brn [ 6.123233995736766e-17 1 -3.749399456654644e-33 152 ] [ 6.123233995736766e-17 0 -1 -40 ] 0 1 1
}
}
// entity 2
{
"classname" "light"
"origin" "4444 -1800 -952"
"_color" "1 0.964706 0.772549"
"delay" "2"
"light" "100"
"wait" "1.5"
"_tb_group" "796"
}
