// entity 0
{
"classname" "rotate_object"
"targetname" "ex_ro"
"target" "ex_ir"
// brush 0
{
( -1280 -1264 144 ) ( -1280 -1232 128 ) ( -1280 -1232 144 ) 64_cyan_1 [ 0 1 0 0 ] [ 0 0 -1 0 ] 0 1 1
( -1232 -1280 144 ) ( -1264 -1280 128 ) ( -1264 -1280 144 ) 64_cyan_1 [ 1 0 0 0 ] [ 0 0 -1 0 ] 0 1 1
( -1184 -1232 128 ) ( -1200 -1296 128 ) ( -1184 -1264 128 ) 64_cyan_1 [ 1 0 0 0 ] [ 0 -1 0 0 ] 0 1 1
( -1184 -1232 144 ) ( -1232 -1184 144 ) ( -1200 -1200 144 ) 64_cyan_1 [ 1 0 0 0 ] [ 0 -1 0 0 ] 0 1 1
( -1232 -1216 144 ) ( -1264 -1216 128 ) ( -1232 -1216 128 ) 64_cyan_1 [ 1 0 0 0 ] [ 0 0 -1 0 ] 0 1 1
( -1216 -1232 144 ) ( -1216 -1264 128 ) ( -1216 -1264 144 ) 64_cyan_1 [ 0 1 0 0 ] [ 0 0 -1 0 ] 0 1 1
}
}
// entity 1
{
"classname" "func_rotate_entity"
"origin" "-1248 -1248 144"
"target" "ex_ro"
"rotate" "0 -128 0"
"spawnflags" "3"
"targetname" "ex_re"
"speed" "1"
}
// entity 2
{
"classname" "info_rotate"
"origin" "-1248 -1248 152"
"target" "ex_ro"
"targetname" "ex_ir"
}
