// entity 0
{
"classname" "func_detail"
// brush 0
{
( 2464 2400 48 ) ( 2488 2376 64 ) ( 2488 2376 48 ) 64_cyan_3 [ 0.7071067811865476 -0.7071067811865476 0 -650.66656 ] [ 0 0 -1 0 ] 0 1.0606608 1
( 2512 2448 48 ) ( 2560 2496 64 ) ( 2512 2448 64 ) 64_cyan_3 [ -0.7071067811865477 -0.7071067811865477 0 10.664551 ] [ 0 0 -1.0000000000000002 0 ] 0 1.0606608 1
( 2584 2472 0 ) ( 2512 2448 0 ) ( 2536 2424 0 ) cyan_3 [ -1 0 0 0 ] [ 0 -1 0 -8 ] 0 1 1
( 2584 2472 64 ) ( 2512 2448 64 ) ( 2560 2496 64 ) trim_band_teal [ 0.7071067811865478 0.7071067811865478 0 85.333496 ] [ 0.7071067811865479 -0.7071067811865479 2.220446049250313e-16 53.333332 ] 0 1.0606604 1.0606601
( 2584 2472 64 ) ( 2536 2424 48 ) ( 2536 2424 64 ) trim_band_teal [ 0.7071067811865477 0.7071067811865477 0 85.333496 ] [ 0 0 -1.0000000000000002 128 ] 0 1.0606604 1
( 2584 2472 64 ) ( 2560 2496 48 ) ( 2584 2472 48 ) 64_cyan_3 [ 0.7071067811865476 -0.7071067811865476 0 -650.66656 ] [ 0 0 -1 0 ] 0 1.0606608 1
}
// brush 1
{
( 2488 2376 32 ) ( 2512 2352 48 ) ( 2512 2352 32 ) 64_cyan_3 [ 0.7071067811865476 -0.7071067811865476 0 -650.66656 ] [ 0 0 -1 0 ] 0 1.0606608 1
( 2536 2424 32 ) ( 2584 2472 48 ) ( 2536 2424 48 ) cyan_3 [ -0.7071067811865476 -0.7071067811865476 0 4.8864746 ] [ 0 0 -1 0 ] 0 1 1
( 2608 2448 0 ) ( 2536 2424 0 ) ( 2560 2400 0 ) cyan_3 [ -1 0 0 8 ] [ 0 -1 0 0 ] 0 1 1
( 2608 2448 48 ) ( 2536 2424 48 ) ( 2584 2472 48 ) trim_band_teal [ 0.7071067811865478 0.7071067811865478 0 -42.666504 ] [ 0.7071067811865479 -0.7071067811865479 2.220446049250313e-16 21.333328 ] 0 1.0606604 1.0606601
( 2608 2448 48 ) ( 2560 2400 32 ) ( 2560 2400 48 ) trim_band_teal [ 0.7071067811865477 0.7071067811865477 0 -42.666504 ] [ 0 0 -1.0000000000000002 112 ] 0 1.0606604 1
( 2608 2448 48 ) ( 2584 2472 32 ) ( 2608 2448 32 ) 64_cyan_3 [ 0.7071067811865476 -0.7071067811865476 0 -650.66656 ] [ 0 0 -1 0 ] 0 1.0606608 1
}
// brush 2
{
( 2512 2352 16 ) ( 2536 2328 32 ) ( 2536 2328 16 ) 64_cyan_3 [ 0.7071067811865476 -0.7071067811865476 0 -650.66656 ] [ 0 0 -1 0 ] 0 1.0606608 1
( 2560 2400 16 ) ( 2608 2448 32 ) ( 2560 2400 32 ) cyan_3 [ -0.7071067811865476 -0.7071067811865476 0 4.8864746 ] [ 0 0 -1 0 ] 0 1 1
( 2632 2424 0 ) ( 2560 2400 0 ) ( 2584 2376 0 ) cyan_3 [ -1 0 0 0 ] [ 0 -1 0 -8 ] 0 1 1
( 2632 2424 32 ) ( 2560 2400 32 ) ( 2608 2448 32 ) trim_band_teal [ 0.7071067811865478 0.7071067811865478 0 -298.6665 ] [ 0.7071067811865479 -0.7071067811865479 2.220446049250313e-16 -10.666664 ] 0 1.0606604 1.0606601
( 2632 2424 32 ) ( 2584 2376 16 ) ( 2584 2376 32 ) trim_band_teal [ 0.7071067811865477 0.7071067811865477 0 -298.6665 ] [ 0 0 -1.0000000000000002 96 ] 0 1.0606604 1
( 2632 2424 32 ) ( 2608 2448 16 ) ( 2632 2424 16 ) 64_cyan_3 [ 0.7071067811865476 -0.7071067811865476 0 -650.66656 ] [ 0 0 -1 0 ] 0 1.0606608 1
}
// brush 3
{
( 2536 2328 0 ) ( 2560 2304 16 ) ( 2560 2304 0 ) 64_cyan_3 [ 0.7071067811865476 -0.7071067811865476 0 -650.66656 ] [ 0 0 -1 0 ] 0 1.0606608 1
( 2584 2376 0 ) ( 2632 2424 16 ) ( 2584 2376 16 ) cyan_3 [ -0.7071067811865476 -0.7071067811865476 0 4.8864746 ] [ 0 0 -1 0 ] 0 1 1
( 2656 2400 0 ) ( 2584 2376 0 ) ( 2608 2352 0 ) cyan_3 [ -1 0 0 8 ] [ 0 -1 0 0 ] 0 1 1
( 2656 2400 16 ) ( 2584 2376 16 ) ( 2632 2424 16 ) trim_band_teal [ 0.7071067811865478 0.7071067811865478 0 -170.6665 ] [ 0.7071067811865479 -0.7071067811865479 2.220446049250313e-16 -42.666664 ] 0 1.0606604 1.0606601
( 2656 2400 16 ) ( 2608 2352 0 ) ( 2608 2352 16 ) trim_band_teal [ 0.7071067811865477 0.7071067811865477 0 -170.6665 ] [ 0 0 -1.0000000000000002 80 ] 0 1.0606604 1
( 2656 2400 16 ) ( 2632 2424 0 ) ( 2656 2400 0 ) 64_cyan_3 [ 0.7071067811865476 -0.7071067811865476 0 -650.66656 ] [ 0 0 -1 0 ] 0 1.0606608 1
}
}
